93097
93098
93099
93100
93101
93102
93103
93104
93105
93106
93732
93733
93734
93735
93736
93737
93738
93739
93740
93741
93742
93743
93744
93745
93746
94372
94373
94374
94375
94376
94377
94378
94379
94380
94381
94382
94383
94384
94385
94386
95012
95013
95014
95015
95016
95017
95018
95019
95020
95021
95022
95023
95024
95025
95026
95647
95648
95649
95650
95651
95652
95653
95654
95655
95656
95657
95658
95659
95660
95661
95662
95663
95664
95665
95666
96287
96288
96289
96290
96291
96292
96293
96294
96295
96296
96297
96298
96299
96300
96301
96302
96303
96304
96305
96306
96914
96915
96927
96928
96929
96930
96931
96932
96933
96934
96935
96936
96937
96938
96939
96940
96941
96942
96943
96944
96945
96946
97553
97554
97555
97556
97563
97564
97565
97566
97567
97568
97569
97570
97571
97572
97573
97574
97575
97576
97577
97578
97579
97580
97581
97582
97583
97584
97585
98192
98193
98194
98195
98196
98202
98203
98204
98205
98206
98207
98208
98209
98210
98211
98212
98213
98214
98215
98216
98217
98218
98219
98220
98221
98222
98223
98224
98225
98830
98831
98832
98833
98834
98835
98836
98837
98841
98842
98843
98844
98845
98846
98847
98848
98849
98850
98851
98852
98853
98854
98855
98856
98857
98858
98859
98860
98861
98862
98863
98864
98865
98866
98867
98868
98869
98870
98874
98875
98876
99469
99470
99471
99472
99473
99474
99475
99476
99477
99478
99479
99480
99481
99482
99483
99484
99485
99486
99487
99488
99489
99490
99491
99492
99493
99494
99495
99496
99497
99498
99499
99500
99501
99502
99503
99504
99505
99506
99507
99508
99509
99510
99514
99515
99516
100109
100110
100111
100112
100113
100114
100115
100116
100117
100118
100119
100120
100121
100122
100123
100124
100125
100126
100127
100128
100129
100130
100131
100132
100133
100134
100135
100136
100137
100138
100139
100140
100141
100142
100143
100144
100145
100146
100147
100148
100149
100150
100151
100152
100154
100155
100749
100750
100751
100752
100753
100754
100755
100756
100757
100758
100759
100760
100761
100762
100763
100764
100765
100766
100767
100768
100769
100770
100771
100772
100773
100774
100775
100776
100777
100778
100779
100780
100781
100782
100783
100784
100785
100786
100787
100788
100789
100790
100791
100792
100793
100794
100795
101389
101390
101391
101392
101393
101394
101395
101396
101397
101398
101399
101400
101401
101402
101403
101404
101405
101406
101407
101408
101409
101410
101411
101412
101413
101414
101415
101416
101417
101418
101419
101420
101421
101422
101423
101424
101425
101426
101427
101428
101429
101430
101431
101432
101433
101434
101435
101436
102029
102030
102031
102032
102033
102034
102035
102036
102037
102038
102039
102040
102041
102042
102043
102044
102045
102046
102047
102048
102049
102050
102051
102052
102053
102054
102055
102056
102057
102058
102059
102060
102061
102062
102063
102064
102065
102066
102067
102068
102069
102070
102071
102072
102073
102074
102075
102076
102077
102078
102079
102668
102669
102670
102671
102672
102673
102674
102675
102676
102677
102678
102679
102680
102681
102682
102683
102684
102685
102686
102687
102688
102689
102690
102691
102692
102693
102694
102695
102696
102697
102698
102699
102700
102701
102702
102703
102704
102705
102706
102707
102708
102709
102710
102711
102712
102713
102714
102715
102716
102717
102718
102719
103308
103309
103310
103311
103312
103313
103314
103315
103316
103317
103318
103319
103320
103321
103322
103323
103324
103325
103326
103327
103328
103329
103330
103331
103332
103333
103334
103335
103336
103337
103338
103339
103340
103341
103342
103343
103344
103345
103346
103347
103348
103349
103350
103351
103352
103353
103354
103355
103356
103357
103358
103948
103949
103950
103951
103952
103953
103954
103955
103956
103957
103958
103959
103960
103961
103962
103963
103964
103965
103966
103967
103968
103969
103970
103971
103972
103973
103974
103975
103976
103977
103978
103979
103980
103981
103982
103983
103984
103985
103986
103987
103988
103989
103990
103991
103992
103993
103994
103995
103996
103997
104588
104589
104590
104591
104592
104593
104594
104595
104596
104597
104598
104599
104600
104601
104602
104603
104604
104605
104606
104607
104608
104609
104610
104611
104612
104613
104614
104615
104616
104617
104618
104619
104620
104621
104622
104623
104624
104625
104626
104627
104628
104629
104630
104631
104632
104633
104634
104635
104636
104637
105228
105229
105230
105231
105232
105233
105234
105235
105236
105237
105238
105239
105240
105241
105242
105243
105244
105245
105246
105247
105248
105249
105250
105251
105252
105253
105254
105255
105256
105257
105258
105259
105260
105261
105262
105263
105264
105265
105266
105267
105268
105269
105270
105271
105272
105273
105274
105275
105276
105277
105869
105870
105871
105872
105873
105874
105875
105876
105877
105878
105879
105880
105881
105882
105883
105884
105885
105886
105887
105888
105889
105890
105891
105892
105893
105894
105895
105896
105897
105898
105899
105900
105901
105902
105903
105904
105905
105906
105907
105908
105909
105910
105911
105912
105913
105914
105915
106509
106510
106511
106512
106513
106514
106515
106516
106517
106518
106519
106520
106521
106522
106523
106524
106525
106526
106527
106528
106529
106530
106531
106532
106533
106534
106535
106536
106537
106538
106539
106540
106541
106542
106543
106544
106545
106546
106547
106548
106549
106550
106551
106552
106553
106554
107149
107150
107151
107152
107153
107154
107155
107156
107157
107158
107159
107160
107161
107162
107163
107164
107165
107166
107167
107168
107169
107170
107171
107172
107173
107174
107175
107176
107177
107178
107179
107180
107181
107182
107183
107184
107185
107186
107187
107188
107189
107190
107788
107789
107790
107791
107792
107793
107794
107795
107796
107797
107798
107799
107800
107801
107802
107803
107804
107805
107806
107807
107808
107809
107810
107811
107812
107813
107814
107815
107816
107817
107818
107819
107820
107821
107822
107823
107824
107825
107826
107827
107828
107829
108428
108429
108430
108431
108432
108433
108434
108435
108436
108437
108438
108439
108440
108441
108442
108443
108444
108445
108446
108447
108448
108449
108450
108451
108452
108453
108455
108456
108457
108458
108459
108460
108461
108462
108463
108464
108465
108466
108467
108468
108469
108470
109069
109070
109071
109072
109073
109074
109075
109076
109077
109078
109079
109080
109081
109082
109083
109084
109087
109088
109089
109090
109091
109092
109093
109095
109096
109097
109098
109099
109100
109101
109102
109103
109104
109105
109106
109107
109108
109109
109110
109111
109709
109710
109711
109712
109713
109714
109715
109716
109717
109718
109719
109720
109721
109722
109723
109724
109736
109737
109738
109739
109740
109741
109742
109743
109744
109745
109746
109747
109748
109749
109750
109751
110349
110350
110351
110352
110353
110354
110355
110356
110357
110358
110359
110360
110361
110362
110363
110364
110378
110379
110380
110381
110382
110383
110384
110385
110386
110387
110388
110389
110390
110391
110989
110990
110991
110992
110993
110994
110995
110996
110997
110998
110999
111000
111001
111002
111003
111019
111020
111021
111022
111023
111024
111025
111026
111027
111028
111029
111030
111031
111066
111067
111629
111630
111631
111632
111633
111634
111635
111636
111637
111638
111639
111640
111641
111642
111643
111644
111645
111646
111659
111660
111661
111662
111663
111664
111665
111666
111667
111668
111669
111670
111671
111706
111707
111708
111709
112269
112270
112271
112272
112273
112274
112275
112276
112277
112278
112279
112282
112283
112284
112285
112286
112300
112301
112302
112303
112304
112305
112306
112307
112308
112309
112310
112311
112342
112343
112344
112345
112346
112347
112348
112349
112350
112909
112910
112911
112912
112913
112914
112915
112916
112917
112918
112919
112923
112924
112925
112926
112942
112943
112944
112945
112946
112947
112948
112949
112950
112951
112952
112953
112954
112981
112982
112983
112984
112985
112986
112987
112988
112989
112990
112991
113550
113551
113552
113553
113554
113555
113556
113557
113558
113559
113563
113564
113565
113566
113567
113568
113569
113570
113582
113583
113584
113585
113586
113587
113588
113589
113590
113591
113592
113593
113594
113617
113618
113619
113620
113621
113622
113623
113624
113625
113626
113627
113628
113629
113630
113631
113632
114193
114194
114195
114196
114197
114198
114199
114200
114203
114204
114205
114206
114207
114208
114209
114210
114211
114212
114224
114225
114226
114227
114228
114229
114230
114231
114232
114233
114234
114235
114236
114237
114238
114239
114256
114257
114258
114259
114260
114261
114262
114263
114264
114265
114266
114267
114268
114269
114270
114271
114272
114273
114834
114835
114836
114837
114838
114839
114840
114844
114845
114846
114847
114848
114849
114850
114851
114852
114865
114866
114867
114868
114869
114870
114871
114872
114873
114874
114875
114876
114877
114878
114879
114880
114881
114882
114883
114895
114896
114897
114898
114899
114900
114901
114902
114903
114904
114905
114906
114907
114908
114909
114910
114911
114912
114913
114914
114915
115474
115475
115476
115477
115478
115479
115480
115484
115485
115486
115487
115488
115489
115490
115491
115492
115493
115506
115507
115508
115509
115510
115511
115512
115513
115514
115515
115516
115517
115518
115519
115520
115521
115522
115523
115531
115532
115533
115534
115535
115536
115537
115538
115539
115540
115541
115542
115543
115544
115545
115546
115547
115548
115549
115550
115551
115552
115553
115554
115555
115556
115557
116115
116116
116117
116118
116119
116120
116124
116125
116126
116127
116128
116129
116130
116131
116132
116133
116147
116148
116149
116150
116151
116152
116153
116154
116155
116156
116157
116158
116159
116160
116161
116162
116163
116170
116171
116172
116173
116174
116175
116176
116177
116178
116179
116180
116181
116182
116183
116184
116185
116186
116187
116188
116189
116190
116191
116192
116193
116194
116195
116196
116197
116198
116755
116756
116757
116758
116759
116760
116764
116765
116766
116767
116768
116769
116770
116771
116772
116773
116788
116789
116790
116791
116792
116793
116794
116795
116796
116797
116798
116799
116800
116801
116802
116803
116810
116811
116812
116813
116814
116815
116816
116817
116818
116819
116820
116821
116822
116823
116824
116825
116826
116827
116828
116829
116830
116831
116832
116833
116834
116835
116836
116837
116838
116839
116840
116841
116842
117398
117399
117404
117405
117406
117407
117408
117409
117410
117411
117412
117431
117432
117433
117434
117435
117436
117437
117438
117439
117440
117441
117442
117443
117450
117451
117452
117453
117454
117455
117456
117457
117458
117459
117460
117461
117462
117463
117464
117465
117466
117467
117468
117469
117470
117471
117472
117473
117474
117475
117476
117477
117478
117479
117480
117481
117482
117483
118044
118045
118046
118047
118049
118050
118071
118072
118073
118074
118075
118076
118077
118078
118079
118080
118081
118082
118090
118091
118092
118093
118094
118095
118096
118097
118098
118099
118100
118101
118102
118103
118104
118105
118106
118107
118108
118109
118110
118111
118112
118113
118114
118115
118116
118117
118118
118119
118120
118121
118122
118123
118124
118125
118712
118713
118714
118715
118716
118717
118718
118719
118720
118721
118722
118723
118731
118732
118733
118734
118735
118736
118737
118738
118739
118740
118741
118742
118743
118744
118745
118746
118747
118748
118749
118750
118751
118752
118753
118754
118755
118756
118757
118758
118759
118760
118761
118762
118763
118764
118765
119354
119355
119356
119357
119358
119359
119360
119361
119362
119363
119371
119372
119373
119374
119375
119376
119377
119378
119379
119380
119381
119382
119383
119384
119385
119386
119387
119388
119389
119390
119391
119392
119393
119394
119395
119396
119397
119398
119399
119400
119401
119402
119403
119404
119405
119995
119996
119997
119998
120001
120002
120003
120011
120012
120013
120014
120015
120016
120017
120018
120019
120022
120023
120024
120025
120026
120027
120028
120029
120030
120031
120032
120033
120034
120035
120036
120037
120038
120039
120040
120041
120042
120043
120044
120635
120636
120637
120638
120662
120663
120664
120665
120666
120667
120668
120669
120670
120671
120672
120673
120674
120675
120676
120677
120678
120679
120680
120681
120682
120683
120684
121302
121303
121304
121305
121306
121307
121308
121309
121310
121311
121312
121313
121314
121315
121316
121317
121318
121319
121320
121321
121322
121323
121324
121943
121944
121945
121946
121947
121948
121949
121950
121951
121952
121953
121954
121955
121956
121957
121958
121959
121960
121961
121962
122589
122590
122591
122592
122593
122594
122595
122596
122597
122598
122599
122600
122601
122602
123253
123254
123891
123892
123893
123894
123896
123897
124530
124531
124532
124533
124534
124535
124536
124537
124538
124539
124540
124541
125169
125170
125171
125172
125173
125174
125175
125176
125177
125178
125179
125180
125181
125805
125806
125809
125810
125811
125812
125813
125814
125815
125816
125817
125818
125819
125820
125821
126441
126442
126443
126444
126445
126446
126447
126448
126449
126450
126451
126452
126453
126454
126455
126456
126457
126458
126459
126460
126461
126462
127080
127081
127082
127083
127084
127085
127086
127087
127088
127089
127090
127091
127092
127093
127094
127095
127096
127097
127098
127099
127100
127101
127102
127103
127718
127719
127720
127721
127722
127723
127724
127725
127726
127727
127728
127729
127730
127731
127732
127733
127734
127735
127736
127737
127738
127739
127740
127741
127742
127743
128354
128355
128356
128358
128359
128360
128361
128362
128363
128364
128365
128366
128367
128368
128369
128370
128371
128372
128373
128374
128375
128376
128377
128378
128379
128380
128381
128382
128383
128384
128992
128993
128994
128995
128996
128997
128998
128999
129000
129001
129002
129003
129004
129005
129006
129007
129008
129009
129010
129011
129012
129013
129014
129015
129016
129017
129018
129019
129020
129021
129022
129023
129024
129025
129632
129633
129634
129635
129636
129637
129638
129639
129640
129641
129642
129643
129644
129645
129646
129647
129648
129649
129650
129651
129652
129653
129654
129655
129656
129657
129658
129659
129660
129661
129662
129663
129664
129665
130276
130277
130278
130279
130280
130281
130282
130283
130284
130285
130286
130287
130288
130289
130290
130291
130292
130293
130294
130295
130296
130297
130298
130299
130300
130301
130302
130303
130915
130916
130917
130918
130919
130920
130921
130922
130923
130924
130925
130926
130927
130928
130929
130930
130931
130932
130933
130934
130935
130936
130937
130938
130939
130940
130941
130942
130943
130944
131555
131556
131557
131558
131559
131560
131561
131562
131563
131564
131565
131566
131567
131568
131569
131570
131571
131572
131573
131574
131575
131576
131577
131578
131579
131580
131581
131582
131583
131584
131585
131589
131590
131591
131592
131593
132196
132197
132198
132199
132200
132201
132202
132203
132204
132205
132206
132207
132208
132209
132210
132211
132212
132213
132214
132215
132216
132217
132218
132219
132220
132221
132222
132223
132224
132225
132228
132229
132230
132231
132232
132233
132234
132845
132846
132847
132848
132849
132850
132851
132852
132853
132854
132855
132856
132857
132858
132859
132860
132861
132862
132863
132864
132868
132869
132870
132871
132872
132873
132874
133484
133485
133486
133487
133488
133489
133490
133491
133492
133493
133494
133495
133496
133497
133498
133499
133500
133501
133502
133503
133504
133508
133509
133510
133511
133512
133513
133514
133515
133516
133517
134123
134124
134125
134126
134127
134128
134129
134130
134131
134132
134133
134134
134135
134136
134137
134138
134139
134140
134141
134142
134143
134150
134151
134152
134153
134154
134155
134156
134157
134158
134763
134764
134765
134766
134767
134768
134769
134770
134771
134772
134773
134774
134775
134776
134777
134778
134779
134780
134781
134782
134783
134791
134792
134793
134794
134795
134796
134797
134798
134799
135403
135404
135405
135406
135407
135408
135409
135410
135411
135412
135414
135415
135416
135417
135418
135419
135420
135421
135422
135423
135424
135431
135432
135433
135434
135435
135436
135437
135438
135439
135440
136044
136045
136046
136047
136056
136057
136058
136059
136060
136061
136062
136063
136064
136065
136066
136069
136070
136071
136072
136073
136074
136075
136076
136077
136078
136079
136080
136081
136696
136697
136698
136699
136700
136701
136702
136703
136704
136705
136706
136707
136708
136709
136710
136711
136712
136713
136714
136715
136716
136717
136718
136719
136720
136721
136722
136723
137335
137336
137337
137338
137339
137340
137341
137342
137343
137344
137345
137346
137347
137348
137349
137350
137351
137352
137353
137354
137355
137356
137357
137358
137359
137360
137361
137362
137363
137364
137365
137366
137966
137967
137968
137969
137970
137975
137976
137977
137978
137979
137980
137981
137982
137983
137984
137985
137986
137987
137988
137989
137990
137991
137992
137993
137994
137995
137996
137997
137998
137999
138000
138001
138002
138003
138004
138005
138006
138604
138605
138606
138607
138608
138609
138610
138611
138612
138613
138614
138615
138616
138617
138618
138619
138620
138621
138622
138623
138624
138625
138626
138627
138628
138629
138630
138631
138632
138633
138634
138635
138636
138637
138638
138639
138640
138641
138642
138643
138644
138645
138646
138647
139244
139245
139246
139247
139248
139249
139250
139251
139252
139253
139254
139255
139256
139257
139258
139259
139260
139261
139262
139263
139264
139265
139266
139267
139268
139269
139270
139271
139272
139273
139274
139275
139276
139277
139278
139279
139280
139281
139282
139283
139284
139285
139286
139287
139288
139885
139886
139887
139888
139889
139890
139891
139892
139893
139894
139895
139896
139897
139898
139899
139900
139901
139902
139903
139904
139905
139906
139907
139908
139909
139910
139911
139912
139913
139914
139915
139916
139917
139918
139919
139920
139921
139922
139923
139924
139925
139926
139927
139928
139929
139930
139931
140527
140528
140529
140530
140531
140532
140533
140534
140535
140536
140537
140538
140539
140540
140541
140542
140543
140544
140545
140546
140547
140548
140549
140550
140551
140552
140553
140554
140555
140556
140557
140558
140559
140560
140561
140562
140563
140564
140565
140566
140567
140568
140569
140570
140571
140572
140573
141167
141168
141169
141170
141171
141172
141173
141174
141175
141176
141177
141178
141179
141180
141181
141182
141183
141184
141185
141186
141187
141188
141189
141190
141191
141192
141193
141194
141195
141196
141197
141198
141199
141200
141201
141202
141203
141204
141205
141206
141207
141208
141209
141210
141211
141212
141213
141806
141807
141808
141809
141810
141811
141812
141813
141814
141816
141817
141818
141819
141820
141821
141822
141823
141824
141825
141826
141827
141828
141829
141830
141831
141832
141833
141834
141835
141836
141837
141838
141839
141840
141841
141842
141843
141844
141845
141846
141847
141848
141849
141850
141851
141852
141853
142446
142447
142448
142449
142450
142451
142452
142453
142458
142459
142460
142461
142462
142463
142464
142465
142466
142467
142468
142469
142470
142471
142472
142473
142474
142475
142476
142477
142478
142479
142480
142481
142482
142483
142484
142485
142486
142487
142488
142489
142490
142491
142492
142493
143098
143099
143100
143101
143102
143103
143104
143105
143106
143107
143108
143109
143110
143111
143112
143113
143114
143115
143116
143117
143118
143119
143120
143121
143122
143123
143124
143125
143126
143127
143128
143129
143130
143131
143132
143133
143738
143739
143740
143741
143742
143743
143744
143745
143746
143747
143748
143749
143750
143751
143752
143753
143754
143755
143756
143757
143758
143759
143760
143761
143762
143763
143764
143765
143766
143767
143768
143769
143770
143771
143772
143773
144379
144380
144381
144382
144383
144384
144385
144386
144387
144388
144389
144390
144391
144392
144393
144394
144395
144396
144397
144398
144399
144400
144401
144402
144403
144404
144405
144406
144407
144408
144409
144410
144411
144412
144413
145019
145020
145021
145022
145023
145024
145025
145026
145027
145028
145029
145030
145031
145032
145033
145034
145035
145036
145037
145038
145039
145040
145041
145042
145043
145044
145045
145046
145047
145048
145049
145050
145051
145659
145660
145661
145662
145663
145664
145665
145666
145667
145668
145669
145670
145671
145672
145673
145674
145675
145676
145677
145678
145679
145680
145681
145682
145683
145684
145685
145686
145687
145688
145689
145690
145691
146298
146299
146300
146301
146302
146303
146304
146305
146306
146307
146308
146309
146310
146311
146312
146313
146314
146315
146316
146317
146318
146319
146320
146321
146322
146323
146324
146325
146326
146327
146328
146329
146330
146331
146836
146837
146928
146929
146930
146931
146932
146937
146938
146939
146940
146941
146942
146943
146944
146945
146946
146947
146948
146949
146950
146951
146952
146953
146954
146955
146956
146957
146958
146959
146960
146961
146962
146963
146964
146965
146966
146967
146968
146969
146970
146971
147476
147477
147478
147568
147569
147570
147571
147572
147576
147577
147578
147579
147580
147581
147582
147583
147584
147585
147586
147587
147588
147589
147590
147591
147592
147593
147594
147595
147596
147597
147598
147599
147600
147601
147602
147603
147604
147605
147606
147607
147608
147609
147610
147611
147612
147613
148116
148117
148118
148205
148206
148207
148208
148209
148210
148211
148212
148213
148214
148215
148216
148217
148218
148219
148220
148221
148222
148223
148224
148225
148226
148227
148228
148229
148230
148231
148232
148233
148234
148235
148236
148237
148238
148239
148240
148241
148242
148243
148244
148245
148246
148247
148248
148249
148250
148251
148252
148253
148756
148757
148758
148845
148846
148847
148848
148849
148850
148851
148852
148853
148854
148855
148856
148857
148858
148859
148860
148861
148862
148863
148864
148865
148866
148867
148868
148869
148870
148871
148872
148873
148874
148875
148876
148877
148878
148879
148880
148881
148882
148883
148884
148885
148886
148887
148888
148889
148890
148891
148892
148893
148894
148895
149396
149397
149398
149399
149400
149483
149484
149485
149486
149487
149488
149489
149490
149491
149492
149493
149494
149495
149496
149497
149498
149499
149500
149501
149502
149503
149504
149505
149506
149507
149508
149509
149510
149511
149512
149513
149514
149515
149516
149517
149518
149519
149520
149521
149522
149523
149524
149525
149526
149527
149528
149529
149530
149531
149532
149533
149534
149535
150036
150037
150038
150039
150040
150041
150043
150044
150045
150046
150121
150122
150123
150124
150125
150126
150127
150128
150129
150130
150131
150132
150133
150134
150135
150136
150137
150138
150139
150140
150141
150142
150143
150144
150145
150146
150147
150148
150149
150150
150151
150152
150153
150154
150155
150156
150157
150158
150159
150160
150161
150162
150163
150164
150165
150166
150167
150168
150169
150170
150171
150172
150173
150174
150175
150675
150676
150677
150678
150679
150680
150681
150682
150683
150684
150685
150686
150687
150761
150762
150763
150764
150765
150766
150767
150768
150769
150770
150771
150772
150773
150774
150775
150776
150777
150778
150779
150780
150781
150782
150783
150784
150785
150786
150787
150788
150789
150790
150791
150792
150793
150794
150795
150796
150797
150798
150799
150800
150801
150802
150803
150804
150805
150806
150807
150808
150809
150810
150811
150812
150813
150814
150815
151315
151316
151317
151318
151319
151320
151321
151322
151323
151324
151325
151326
151327
151328
151401
151402
151403
151404
151405
151406
151407
151408
151409
151410
151411
151412
151413
151414
151415
151416
151417
151418
151419
151420
151421
151422
151423
151424
151425
151426
151427
151428
151429
151430
151431
151432
151433
151434
151435
151436
151437
151438
151439
151440
151441
151442
151443
151444
151445
151446
151447
151448
151449
151450
151451
151452
151453
151454
151455
151956
151957
151958
151959
151960
151961
151962
151963
151964
151965
151966
151967
151968
151969
152041
152042
152043
152044
152045
152046
152047
152048
152049
152050
152051
152052
152053
152054
152055
152056
152057
152058
152059
152060
152061
152062
152063
152064
152065
152066
152067
152068
152069
152070
152071
152072
152073
152074
152075
152076
152077
152078
152079
152080
152081
152082
152083
152084
152085
152086
152087
152088
152089
152090
152091
152092
152093
152094
152095
152596
152597
152598
152599
152600
152601
152602
152603
152604
152605
152606
152607
152608
152609
152681
152682
152683
152684
152685
152686
152687
152688
152689
152690
152691
152692
152693
152694
152695
152696
152697
152698
152699
152700
152701
152702
152703
152704
152705
152706
152707
152708
152709
152710
152711
152712
152713
152714
152715
152716
152717
152718
152719
152720
152721
152722
152723
152724
152725
152726
152727
152728
152729
152730
152731
152732
152733
152734
152735
153236
153237
153238
153239
153240
153241
153242
153243
153244
153245
153246
153247
153248
153249
153250
153251
153321
153322
153323
153324
153325
153326
153327
153328
153329
153330
153331
153332
153333
153334
153335
153336
153337
153338
153339
153340
153341
153342
153343
153344
153345
153346
153347
153348
153349
153350
153351
153352
153353
153354
153355
153356
153357
153358
153359
153360
153361
153362
153363
153364
153365
153366
153367
153368
153369
153370
153371
153372
153373
153374
153375
153876
153877
153878
153879
153880
153881
153882
153883
153884
153885
153886
153887
153888
153889
153890
153891
153961
153962
153963
153964
153965
153966
153967
153968
153969
153970
153971
153972
153973
153974
153975
153976
153977
153978
153979
153980
153981
153982
153983
153984
153985
153986
153987
153988
153989
153990
153991
153992
153993
153994
153995
153996
153997
153998
153999
154000
154001
154002
154003
154004
154005
154006
154007
154008
154009
154010
154011
154012
154013
154014
154015
154517
154518
154519
154520
154521
154522
154523
154524
154525
154526
154527
154528
154529
154530
154531
154600
154601
154602
154603
154604
154605
154606
154607
154608
154609
154610
154611
154612
154613
154614
154615
154616
154617
154618
154619
154620
154621
154622
154623
154624
154625
154626
154627
154628
154629
154630
154631
154632
154633
154634
154635
154636
154637
154638
154639
154640
154641
154642
154643
154644
154645
154646
154647
154648
154649
154650
154651
154652
154653
154654
154655
154656
155158
155159
155160
155161
155162
155163
155164
155165
155166
155167
155168
155169
155170
155171
155172
155240
155241
155242
155243
155244
155245
155246
155247
155248
155249
155250
155251
155252
155253
155254
155255
155256
155257
155258
155259
155260
155261
155262
155263
155264
155265
155266
155267
155268
155269
155270
155271
155272
155273
155274
155275
155276
155277
155278
155279
155280
155281
155282
155283
155284
155285
155286
155287
155288
155289
155290
155291
155292
155293
155294
155295
155296
155798
155799
155800
155801
155802
155803
155804
155805
155806
155807
155808
155809
155810
155811
155812
155881
155882
155883
155884
155885
155886
155887
155888
155889
155890
155891
155892
155893
155894
155895
155896
155897
155898
155899
155900
155901
155902
155903
155904
155905
155906
155907
155908
155909
155910
155911
155912
155913
155914
155915
155916
155917
155918
155919
155920
155921
155922
155923
155924
155925
155926
155927
155928
155929
155930
155931
155932
155933
155934
155935
155936
156438
156439
156440
156441
156442
156443
156444
156445
156446
156447
156448
156449
156450
156451
156452
156521
156522
156523
156524
156525
156526
156527
156528
156529
156530
156531
156532
156533
156534
156535
156536
156537
156538
156539
156540
156541
156542
156543
156544
156545
156546
156547
156548
156549
156550
156551
156552
156553
156554
156555
156556
156557
156558
156559
156560
156561
156562
156563
156564
156565
156566
156567
156568
156569
156570
156571
156572
156573
156574
156575
156576
157078
157079
157080
157081
157082
157083
157084
157085
157086
157087
157088
157089
157090
157091
157161
157162
157163
157164
157165
157166
157167
157168
157169
157170
157171
157172
157173
157174
157175
157176
157177
157178
157179
157180
157181
157182
157183
157184
157185
157186
157187
157188
157189
157190
157191
157192
157193
157194
157195
157196
157197
157198
157199
157200
157201
157202
157203
157208
157209
157210
157211
157212
157213
157214
157215
157718
157719
157720
157721
157722
157723
157724
157725
157726
157727
157728
157729
157730
157731
157800
157801
157802
157803
157804
157805
157806
157807
157808
157809
157810
157811
157812
157813
157814
157815
157816
157817
157818
157819
157820
157821
157822
157823
157824
157825
157826
157827
157828
157829
157830
157831
157832
157833
157834
157835
157836
157837
157838
157839
157840
157841
157842
158358
158359
158360
158361
158362
158363
158364
158365
158366
158367
158368
158369
158370
158371
158438
158439
158440
158441
158442
158443
158444
158445
158446
158447
158448
158449
158450
158451
158452
158453
158454
158455
158456
158457
158458
158459
158460
158461
158462
158463
158464
158465
158466
158467
158468
158469
158470
158471
158472
158473
158474
158475
158476
158477
158478
158479
158480
158481
158482
158485
158486
158487
158488
158998
158999
159000
159001
159002
159003
159004
159005
159006
159007
159008
159009
159010
159011
159078
159079
159080
159081
159082
159083
159084
159085
159086
159087
159088
159089
159090
159091
159092
159093
159094
159095
159096
159097
159098
159099
159100
159101
159102
159103
159104
159105
159106
159107
159108
159109
159110
159111
159112
159113
159114
159115
159116
159117
159118
159119
159120
159121
159122
159123
159124
159125
159126
159127
159128
159129
159638
159639
159640
159641
159642
159643
159644
159645
159646
159647
159648
159649
159650
159651
159652
159718
159719
159720
159721
159722
159723
159724
159725
159726
159727
159728
159729
159730
159731
159732
159733
159734
159735
159736
159737
159738
159739
159740
159741
159742
159743
159744
159745
159746
159747
159748
159749
159750
159751
159752
159753
159754
159755
159756
159757
159758
159759
159760
159761
159762
159763
159764
159765
159766
159767
159768
159769
160279
160280
160281
160282
160283
160284
160285
160286
160287
160288
160289
160290
160291
160292
160359
160360
160361
160362
160363
160364
160365
160366
160367
160368
160369
160370
160371
160372
160373
160374
160375
160376
160377
160378
160379
160380
160381
160382
160383
160384
160385
160386
160387
160388
160389
160390
160391
160392
160393
160394
160395
160396
160397
160398
160399
160400
160401
160402
160403
160404
160405
160406
160407
160408
160409
160410
160919
160920
160921
160922
160923
160924
160925
160926
160927
160928
160929
160930
160931
161000
161001
161002
161003
161004
161005
161006
161007
161008
161009
161010
161011
161012
161013
161014
161015
161016
161017
161018
161019
161020
161021
161022
161023
161024
161025
161026
161027
161028
161029
161030
161031
161032
161033
161034
161035
161036
161037
161038
161039
161040
161041
161042
161043
161044
161045
161046
161047
161048
161049
161050
161559
161560
161561
161562
161563
161564
161565
161566
161567
161568
161569
161570
161640
161641
161642
161643
161644
161645
161646
161647
161648
161649
161650
161651
161652
161653
161654
161655
161656
161657
161658
161659
161660
161661
161662
161663
161664
161665
161666
161667
161668
161669
161670
161671
161672
161673
161674
161675
161676
161677
161678
161679
161680
161681
161682
161683
161684
161685
161686
161687
161688
161689
161690
162199
162200
162201
162202
162203
162204
162205
162206
162207
162208
162209
162210
162275
162276
162277
162278
162279
162280
162281
162282
162283
162284
162285
162286
162287
162288
162289
162290
162291
162292
162293
162294
162295
162296
162297
162298
162299
162300
162301
162302
162303
162304
162305
162306
162307
162308
162309
162310
162311
162312
162313
162314
162315
162316
162317
162318
162319
162320
162321
162322
162323
162324
162325
162326
162327
162328
162329
162330
162839
162840
162841
162842
162843
162844
162845
162846
162847
162848
162849
162850
162915
162916
162917
162918
162919
162920
162921
162922
162923
162924
162925
162926
162927
162928
162929
162930
162931
162932
162933
162934
162935
162936
162937
162938
162939
162940
162941
162942
162943
162944
162945
162946
162947
162948
162949
162950
162951
162952
162953
162954
162955
162956
162957
162958
162959
162960
162961
162962
162963
162964
162965
162966
162967
162968
162969
162970
162971
162972
163479
163480
163481
163482
163483
163484
163485
163486
163487
163488
163489
163490
163491
163557
163558
163559
163560
163561
163562
163563
163564
163565
163566
163567
163568
163569
163570
163571
163572
163573
163574
163575
163576
163577
163578
163579
163580
163581
163582
163583
163584
163585
163586
163587
163588
163589
163590
163591
163592
163593
163594
163595
163596
163597
163598
163599
163600
163601
163602
163603
163604
163605
163606
163607
163608
163609
163610
163611
163612
163613
164119
164120
164121
164122
164123
164124
164125
164126
164127
164128
164129
164130
164131
164201
164202
164203
164204
164205
164206
164207
164208
164209
164210
164211
164212
164213
164214
164215
164216
164217
164218
164219
164220
164221
164222
164223
164224
164225
164226
164227
164228
164229
164230
164231
164232
164233
164234
164235
164236
164237
164238
164239
164240
164241
164242
164243
164244
164245
164246
164247
164248
164249
164250
164251
164252
164253
164758
164759
164760
164761
164762
164763
164764
164765
164766
164767
164768
164769
164770
164771
164841
164842
164843
164844
164845
164846
164847
164848
164849
164850
164851
164852
164853
164854
164855
164856
164857
164858
164859
164860
164861
164862
164863
164864
164865
164866
164867
164868
164869
164870
164871
164872
164873
164874
164875
164876
164877
164878
164879
164880
164881
164882
164883
164884
164885
164886
164887
164888
164889
164890
164891
164892
164893
165398
165399
165400
165401
165402
165403
165404
165405
165406
165407
165408
165409
165410
165411
165481
165482
165483
165484
165485
165486
165487
165488
165489
165490
165491
165492
165493
165494
165495
165496
165497
165498
165499
165500
165501
165502
165503
165504
165505
165506
165507
165508
165509
165510
165511
165512
165513
165514
165515
165516
165517
165518
165519
165520
165521
165522
165523
165524
165525
165526
165527
165528
165529
165530
165531
165532
165533
166038
166039
166040
166041
166042
166043
166044
166045
166046
166047
166048
166049
166050
166051
166121
166122
166123
166124
166125
166126
166127
166128
166129
166130
166131
166132
166133
166134
166135
166136
166137
166138
166139
166140
166141
166142
166143
166144
166145
166146
166147
166148
166149
166150
166151
166152
166153
166154
166155
166156
166157
166158
166159
166160
166161
166162
166163
166164
166165
166166
166167
166168
166169
166170
166677
166678
166679
166680
166681
166682
166683
166684
166685
166686
166687
166688
166689
166690
166691
166761
166762
166763
166764
166765
166766
166767
166768
166769
166770
166771
166772
166773
166774
166775
166776
166777
166778
166779
166780
166781
166782
166783
166784
166785
166786
166787
166788
166789
166790
166791
166792
166793
166794
166795
166796
166797
166798
166799
166800
166801
166802
166803
166804
166805
166806
166807
166808
166809
166810
167317
167318
167319
167320
167321
167322
167323
167324
167325
167326
167327
167328
167329
167330
167331
167332
167402
167403
167404
167405
167406
167407
167408
167409
167410
167411
167412
167413
167414
167415
167416
167417
167418
167419
167420
167421
167422
167423
167424
167425
167426
167427
167428
167429
167430
167431
167432
167433
167434
167435
167436
167437
167438
167439
167440
167441
167442
167443
167444
167445
167446
167447
167448
167449
167450
167958
167959
167960
167961
167962
167963
167964
167965
167966
167967
167968
167969
167970
167971
167972
168042
168043
168044
168045
168046
168047
168048
168049
168050
168051
168052
168053
168054
168055
168056
168057
168058
168059
168060
168061
168062
168063
168064
168065
168066
168067
168068
168069
168070
168071
168072
168073
168074
168075
168076
168077
168078
168079
168080
168081
168082
168083
168084
168085
168086
168087
168088
168600
168601
168602
168603
168604
168605
168606
168607
168608
168609
168610
168611
168612
168613
168614
168682
168683
168684
168685
168686
168687
168688
168689
168690
168691
168692
168693
168694
168695
168696
168697
168698
168699
168700
168701
168702
168703
168704
168705
168706
168707
168708
168709
168710
168711
168712
168713
168714
168715
168716
168717
168718
168719
168720
168721
168722
168723
168724
168725
168726
168727
168728
168729
168735
168736
169240
169241
169242
169243
169244
169245
169246
169247
169248
169249
169250
169251
169252
169253
169254
169322
169323
169324
169325
169326
169327
169328
169329
169330
169331
169332
169333
169334
169335
169336
169337
169338
169339
169340
169341
169342
169343
169344
169345
169346
169347
169348
169349
169350
169351
169352
169353
169354
169355
169356
169357
169358
169359
169360
169361
169362
169363
169364
169365
169366
169367
169368
169369
169371
169372
169373
169374
169375
169376
169880
169881
169882
169883
169884
169885
169886
169887
169888
169889
169890
169891
169892
169893
169894
169961
169962
169963
169964
169965
169966
169967
169968
169969
169970
169971
169972
169973
169974
169975
169976
169977
169978
169979
169980
169981
169982
169983
169984
169985
169986
169987
169988
169989
169990
169991
169992
169993
169994
169995
169996
169997
169998
169999
170000
170001
170002
170003
170004
170005
170006
170007
170008
170009
170011
170012
170013
170014
170015
170016
170520
170521
170522
170523
170524
170525
170526
170527
170528
170529
170530
170531
170532
170533
170534
170601
170602
170603
170604
170605
170606
170607
170608
170609
170610
170611
170612
170613
170614
170615
170616
170617
170618
170619
170620
170621
170622
170623
170624
170625
170626
170627
170628
170629
170630
170631
170632
170633
170634
170635
170636
170637
170638
170639
170640
170641
170642
170643
170644
170645
170646
170647
170648
170649
170650
170651
170652
170653
170654
170655
170656
170657
171159
171160
171161
171162
171163
171164
171165
171166
171167
171168
171169
171170
171171
171172
171173
171174
171175
171241
171242
171243
171244
171245
171246
171247
171248
171249
171250
171251
171252
171253
171254
171255
171256
171257
171258
171259
171260
171261
171262
171263
171264
171265
171266
171267
171268
171269
171270
171271
171272
171273
171274
171275
171276
171277
171278
171279
171280
171281
171282
171283
171284
171285
171286
171287
171288
171289
171290
171291
171292
171293
171294
171295
171296
171297
171799
171800
171801
171802
171803
171804
171805
171806
171807
171808
171809
171810
171811
171812
171813
171814
171815
171881
171882
171883
171884
171885
171886
171887
171888
171889
171890
171891
171892
171893
171894
171895
171896
171897
171898
171899
171900
171901
171902
171903
171904
171905
171906
171907
171908
171909
171910
171911
171912
171913
171914
171915
171916
171917
171918
171919
171920
171921
171922
171923
171924
171925
171926
171927
171928
171929
171930
171931
171932
171933
171934
171935
171936
172440
172441
172442
172443
172444
172445
172446
172447
172448
172449
172450
172452
172453
172454
172455
172521
172522
172523
172524
172525
172526
172527
172528
172529
172530
172531
172532
172533
172534
172535
172536
172537
172538
172539
172540
172541
172542
172543
172544
172545
172546
172547
172548
172549
172550
172551
172552
172553
172554
172555
172556
172557
172558
172559
172560
172561
172562
172563
172564
172565
172566
172567
172568
172569
172570
172571
172572
172573
172574
172575
172576
173081
173082
173083
173084
173085
173086
173087
173088
173089
173092
173093
173094
173095
173162
173163
173164
173165
173166
173167
173168
173169
173170
173171
173172
173173
173174
173175
173176
173177
173178
173179
173180
173181
173182
173183
173184
173185
173186
173187
173188
173189
173190
173191
173192
173193
173194
173195
173196
173197
173198
173199
173200
173201
173202
173203
173204
173205
173206
173207
173208
173209
173210
173211
173212
173213
173214
173215
173216
173722
173723
173724
173725
173726
173728
173729
173732
173733
173734
173735
173802
173803
173804
173805
173806
173807
173808
173809
173810
173811
173812
173813
173814
173815
173816
173817
173818
173819
173820
173821
173822
173823
173824
173825
173826
173827
173828
173829
173830
173831
173832
173833
173834
173835
173836
173837
173838
173839
173840
173841
173842
173843
173844
173845
173846
173847
173848
173849
173850
173851
173852
173853
173854
173855
173856
174362
174363
174364
174365
174366
174373
174374
174375
174441
174442
174443
174444
174445
174446
174447
174448
174449
174450
174451
174452
174453
174454
174455
174456
174457
174458
174459
174460
174461
174462
174463
174464
174465
174466
174467
174468
174469
174470
174471
174472
174473
174474
174475
174476
174477
174478
174479
174480
174481
174482
174483
174484
174485
174486
174487
174488
174489
174490
174491
174492
174493
174494
174495
174496
175002
175003
175004
175005
175006
175080
175081
175082
175083
175084
175085
175086
175087
175088
175089
175090
175091
175092
175093
175094
175095
175096
175097
175098
175099
175100
175101
175102
175103
175104
175105
175106
175107
175108
175109
175110
175111
175112
175113
175114
175115
175116
175117
175118
175119
175120
175121
175122
175123
175124
175125
175126
175127
175128
175129
175130
175131
175132
175133
175134
175135
175642
175643
175644
175645
175646
175720
175721
175722
175723
175724
175725
175726
175727
175728
175729
175730
175731
175732
175733
175734
175735
175736
175737
175738
175739
175740
175741
175742
175743
175744
175745
175746
175747
175748
175749
175750
175751
175752
175753
175754
175755
175756
175757
175758
175759
175760
175761
175762
175763
175764
175765
175766
175767
175768
175769
175770
175771
175772
175773
175774
175775
176282
176283
176284
176285
176286
176287
176360
176361
176362
176363
176364
176365
176366
176367
176368
176369
176370
176371
176372
176373
176374
176375
176376
176377
176378
176379
176380
176381
176382
176383
176384
176385
176386
176387
176388
176389
176390
176391
176392
176393
176394
176395
176396
176397
176398
176399
176400
176401
176402
176403
176404
176405
176406
176407
176408
176409
176410
176411
176412
176413
176414
176415
176922
176923
176924
176925
176926
176927
177001
177002
177003
177004
177005
177006
177007
177008
177009
177010
177011
177012
177013
177014
177015
177016
177017
177018
177019
177020
177021
177022
177023
177024
177025
177026
177027
177028
177029
177030
177031
177032
177033
177034
177035
177036
177037
177038
177039
177040
177041
177042
177043
177044
177045
177046
177047
177048
177049
177050
177051
177052
177053
177054
177055
177564
177565
177566
177567
177641
177642
177643
177644
177645
177646
177647
177648
177649
177650
177651
177652
177653
177654
177655
177656
177657
177658
177659
177660
177661
177662
177663
177664
177665
177666
177667
177668
177669
177670
177671
177672
177673
177674
177675
177676
177677
177678
177679
177680
177681
177682
177683
177684
177685
177686
177687
177688
177689
177690
177691
177692
177693
177694
177695
178204
178205
178282
178283
178284
178285
178286
178287
178288
178289
178290
178291
178292
178293
178294
178295
178296
178297
178298
178299
178300
178301
178302
178303
178304
178305
178306
178307
178308
178309
178310
178311
178312
178313
178314
178315
178316
178317
178318
178319
178320
178321
178322
178323
178324
178325
178326
178327
178328
178329
178330
178331
178332
178333
178334
178335
178922
178923
178924
178925
178926
178927
178928
178929
178930
178931
178932
178933
178934
178935
178936
178937
178938
178939
178940
178941
178942
178943
178944
178945
178946
178947
178948
178949
178950
178951
178952
178953
178954
178955
178956
178957
178958
178959
178960
178961
178962
178963
178964
178965
178966
178967
178968
178969
178970
178971
178972
178973
178974
179563
179564
179565
179566
179567
179568
179569
179570
179571
179572
179573
179574
179575
179576
179577
179578
179579
179580
179581
179582
179583
179584
179585
179586
179587
179588
179589
179590
179591
179592
179593
179594
179595
179596
179597
179598
179599
179600
179601
179602
179603
179604
179605
179606
179607
179608
179609
179610
179611
179612
179613
179614
180203
180204
180205
180206
180207
180208
180209
180210
180211
180212
180213
180214
180215
180216
180217
180218
180219
180220
180221
180222
180223
180224
180225
180226
180227
180228
180229
180230
180231
180232
180233
180234
180235
180236
180237
180238
180239
180240
180241
180242
180243
180244
180245
180246
180247
180248
180249
180250
180251
180252
180253
180254
180843
180844
180845
180846
180847
180848
180849
180850
180851
180852
180853
180854
180855
180856
180857
180858
180859
180860
180861
180862
180863
180864
180865
180866
180867
180868
180869
180870
180871
180872
180873
180874
180875
180876
180877
180878
180879
180880
180881
180882
180883
180884
180885
180886
180887
180888
180889
180890
180891
180892
180893
181483
181484
181485
181486
181487
181488
181489
181490
181491
181492
181493
181494
181495
181496
181497
181498
181499
181500
181501
181502
181503
181504
181505
181506
181507
181508
181509
181510
181511
181512
181513
181514
181515
181516
181517
181518
181519
181520
181521
181522
181523
181524
181525
181526
181527
181528
181529
181530
181531
181532
182123
182124
182125
182126
182127
182128
182129
182130
182131
182132
182133
182134
182135
182136
182137
182138
182139
182140
182141
182142
182143
182144
182145
182146
182147
182148
182149
182150
182151
182152
182153
182154
182155
182156
182157
182158
182159
182160
182161
182162
182163
182164
182165
182166
182167
182168
182169
182170
182171
182172
182763
182764
182765
182766
182767
182768
182769
182770
182771
182772
182773
182774
182775
182776
182777
182778
182779
182780
182781
182782
182783
182784
182785
182786
182787
182788
182789
182790
182791
182792
182793
182794
182795
182796
182797
182798
182799
182800
182801
182802
182803
182804
182805
182806
182807
182808
182809
182810
182811
182812
183403
183404
183405
183406
183407
183408
183409
183410
183411
183412
183413
183414
183415
183416
183417
183418
183419
183420
183421
183422
183423
183424
183425
183426
183427
183428
183429
183430
183431
183432
183433
183434
183435
183436
183437
183438
183439
183440
183441
183442
183443
183444
183445
183446
183447
183448
183449
183450
183451
183452
183453
184043
184044
184045
184046
184047
184048
184049
184050
184051
184052
184053
184054
184055
184056
184057
184058
184059
184060
184061
184062
184063
184064
184065
184066
184067
184068
184069
184070
184071
184072
184073
184074
184075
184076
184077
184078
184079
184080
184081
184082
184083
184084
184085
184086
184087
184088
184089
184090
184091
184092
184093
184684
184685
184686
184687
184688
184689
184690
184691
184692
184693
184694
184695
184696
184697
184698
184699
184700
184701
184702
184703
184704
184705
184706
184707
184708
184709
184710
184711
184712
184713
184714
184715
184716
184717
184718
184719
184720
184721
184722
184723
184724
184725
184726
184727
184728
184729
184730
184731
184732
184733
185325
185326
185327
185328
185329
185330
185331
185332
185333
185334
185335
185336
185337
185338
185339
185340
185341
185342
185343
185344
185345
185346
185347
185348
185349
185350
185351
185352
185353
185354
185355
185356
185357
185358
185359
185360
185361
185362
185363
185364
185365
185366
185367
185368
185369
185370
185371
185372
185373
185965
185966
185967
185968
185969
185970
185971
185972
185973
185974
185975
185976
185977
185978
185979
185980
185981
185982
185983
185984
185985
185986
185987
185988
185989
185990
185991
185992
185993
185994
185995
185996
185997
185998
185999
186000
186001
186002
186003
186004
186005
186006
186007
186008
186009
186010
186011
186012
186013
186605
186606
186607
186608
186609
186610
186611
186612
186613
186614
186615
186616
186617
186618
186619
186620
186621
186622
186623
186624
186625
186626
186627
186628
186629
186630
186631
186632
186633
186634
186635
186636
186637
186638
186639
186640
186641
186642
186643
186644
186645
186646
186647
186648
186649
186650
186651
186652
186653
187245
187246
187247
187248
187249
187250
187251
187252
187253
187254
187255
187256
187257
187258
187259
187260
187261
187262
187263
187264
187265
187266
187267
187268
187269
187270
187271
187272
187273
187274
187275
187276
187277
187278
187279
187280
187281
187282
187283
187284
187285
187286
187287
187288
187289
187290
187291
187292
187293
187294
187885
187886
187887
187888
187889
187890
187891
187892
187893
187894
187895
187896
187897
187898
187899
187900
187901
187902
187903
187904
187905
187906
187907
187908
187909
187910
187911
187912
187913
187914
187915
187916
187917
187918
187919
187920
187921
187922
187923
187924
187925
187926
187927
187928
187929
187930
187931
187932
187933
187934
188525
188526
188527
188528
188529
188530
188531
188532
188533
188534
188535
188536
188537
188538
188539
188540
188541
188542
188543
188544
188545
188546
188547
188548
188549
188550
188551
188552
188553
188554
188555
188556
188557
188558
188559
188560
188561
188562
188563
188564
188565
188566
188567
188568
188569
188570
188571
188572
188573
188574
188575
189166
189167
189168
189169
189170
189171
189172
189173
189174
189175
189176
189177
189178
189179
189180
189181
189182
189183
189184
189185
189186
189187
189188
189189
189190
189191
189192
189193
189194
189195
189196
189197
189198
189199
189200
189201
189202
189203
189204
189205
189206
189207
189208
189209
189210
189211
189212
189213
189214
189215
189805
189806
189807
189808
189809
189810
189811
189812
189813
189814
189815
189816
189817
189818
189819
189820
189821
189822
189823
189824
189825
189826
189827
189828
189829
189830
189831
189832
189833
189834
189835
189836
189837
189838
189839
189840
189841
189842
189843
189844
189845
189846
189847
189848
189849
189850
189851
189852
189853
189854
190444
190445
190446
190447
190448
190449
190450
190451
190452
190453
190454
190455
190456
190457
190458
190459
190460
190461
190462
190463
190464
190465
190466
190467
190468
190469
190470
190471
190472
190473
190474
190475
190476
190477
190478
190479
190480
190481
190482
190483
190484
190485
190486
190487
190488
190489
190490
190491
190492
190493
190494
191084
191085
191086
191087
191088
191089
191090
191091
191092
191093
191094
191095
191096
191097
191098
191099
191100
191101
191102
191103
191104
191105
191106
191107
191108
191109
191110
191111
191112
191113
191114
191115
191116
191117
191120
191121
191122
191123
191124
191125
191126
191127
191128
191129
191130
191131
191132
191133
191723
191724
191725
191726
191727
191728
191729
191730
191731
191732
191733
191734
191735
191736
191737
191738
191739
191740
191741
191742
191743
191744
191745
191746
191747
191748
191749
191750
191751
191752
191753
191754
191755
191756
191757
191760
191761
191762
191763
191764
191765
191766
191767
191768
191769
191770
191771
191772
191773
192363
192364
192365
192366
192367
192368
192369
192370
192371
192372
192373
192374
192375
192376
192377
192378
192379
192380
192381
192382
192383
192384
192385
192386
192387
192388
192389
192390
192391
192392
192393
192394
192395
192400
192401
192402
192403
192404
192405
192406
192407
192408
192409
192410
192411
192412
192413
193002
193003
193004
193005
193006
193007
193008
193009
193010
193011
193012
193013
193014
193015
193016
193017
193018
193019
193020
193021
193022
193023
193024
193025
193026
193027
193028
193029
193030
193031
193032
193033
193034
193035
193041
193042
193043
193044
193045
193046
193047
193048
193049
193050
193051
193052
193053
193054
193055
193056
193642
193643
193644
193645
193646
193647
193648
193649
193650
193651
193652
193653
193654
193655
193656
193657
193658
193659
193660
193661
193662
193663
193664
193665
193666
193667
193668
193669
193670
193671
193672
193673
193674
193675
193685
193686
193687
193688
193689
193690
193691
193692
193693
193694
193695
193696
193697
194282
194283
194284
194285
194286
194287
194288
194289
194290
194291
194292
194293
194294
194295
194296
194297
194298
194299
194300
194301
194302
194303
194304
194305
194306
194307
194308
194309
194310
194311
194312
194313
194314
194315
194325
194326
194327
194328
194329
194330
194331
194332
194333
194334
194335
194336
194337
194922
194923
194924
194925
194926
194927
194928
194929
194930
194931
194932
194933
194934
194935
194936
194937
194938
194939
194940
194941
194942
194943
194944
194945
194946
194947
194948
194949
194950
194951
194952
194953
194954
194955
194964
194965
194966
194967
194968
194969
194970
194971
194972
194973
194974
194975
194976
194977
194978
195562
195563
195564
195565
195566
195567
195568
195569
195570
195571
195572
195573
195574
195575
195576
195577
195578
195579
195580
195581
195582
195583
195584
195585
195586
195587
195588
195589
195590
195591
195592
195593
195604
195605
195606
195607
195608
195609
195610
195611
195612
195613
195614
195615
195616
195617
195618
196202
196203
196204
196205
196206
196207
196208
196209
196210
196211
196212
196213
196214
196215
196216
196217
196218
196219
196220
196221
196222
196223
196224
196225
196226
196227
196228
196229
196230
196231
196232
196233
196234
196244
196245
196246
196247
196248
196249
196250
196251
196252
196253
196254
196255
196256
196257
196843
196844
196845
196846
196847
196848
196849
196850
196851
196852
196853
196854
196855
196856
196857
196858
196859
196860
196861
196862
196863
196864
196865
196866
196867
196868
196869
196870
196871
196872
196873
196874
196885
196886
196887
196888
196889
196890
196891
196892
196893
196894
196895
196896
196897
197478
197479
197480
197481
197483
197484
197485
197486
197487
197488
197489
197490
197491
197492
197493
197494
197495
197496
197497
197498
197499
197500
197501
197502
197503
197504
197505
197506
197507
197508
197509
197510
197511
197512
197513
197514
197515
197526
197527
197528
197529
197530
197531
197532
197533
197534
197535
197536
198118
198119
198120
198121
198122
198123
198124
198125
198126
198127
198128
198129
198130
198131
198132
198133
198134
198135
198136
198137
198138
198139
198140
198141
198142
198143
198144
198145
198146
198147
198148
198149
198150
198151
198152
198153
198154
198155
198156
198166
198167
198168
198170
198171
198172
198173
198174
198758
198759
198760
198761
198762
198763
198764
198765
198766
198767
198768
198769
198770
198771
198772
198773
198774
198775
198776
198777
198778
198779
198780
198781
198782
198783
198784
198785
198786
198787
198788
198789
198790
198791
198792
198793
198794
198795
198796
199399
199400
199401
199402
199403
199404
199405
199406
199407
199408
199409
199410
199411
199412
199413
199414
199415
199416
199417
199418
199419
199420
199421
199422
199423
199424
199425
199426
199427
199428
199429
199430
199431
199432
199433
199434
199435
199436
199452
199453
200040
200041
200042
200043
200044
200045
200046
200047
200048
200049
200050
200051
200052
200053
200054
200055
200056
200057
200058
200059
200060
200061
200062
200063
200064
200065
200066
200067
200068
200069
200070
200071
200072
200073
200074
200075
200087
200088
200090
200091
200092
200093
200094
200095
200096
200680
200681
200682
200683
200684
200685
200686
200687
200688
200689
200690
200691
200692
200693
200694
200695
200696
200697
200698
200699
200700
200701
200702
200703
200704
200705
200706
200707
200708
200709
200710
200711
200712
200713
200714
200726
200727
200728
200730
200731
200732
200733
200734
200735
200736
201320
201321
201322
201323
201324
201325
201326
201327
201328
201329
201330
201331
201332
201333
201334
201335
201336
201337
201338
201339
201340
201341
201342
201343
201344
201345
201346
201347
201348
201349
201350
201351
201352
201353
201354
201355
201365
201366
201367
201368
201369
201370
201371
201372
201373
201374
201375
201960
201961
201962
201963
201964
201965
201966
201967
201968
201969
201970
201971
201972
201973
201974
201975
201976
201977
201978
201979
201980
201981
201982
201983
201984
201985
201986
201987
201988
201989
201990
201991
201992
201993
201994
201995
202005
202006
202007
202008
202009
202010
202011
202012
202013
202014
202015
202600
202601
202602
202603
202604
202605
202606
202607
202608
202609
202610
202611
202612
202613
202614
202615
202616
202617
202618
202619
202620
202621
202622
202623
202624
202625
202626
202627
202628
202629
202630
202631
202632
202633
202634
202635
202636
202637
202645
202646
202647
202648
202649
202650
202651
202652
202653
202654
203239
203240
203241
203242
203243
203244
203245
203246
203247
203248
203249
203250
203251
203252
203253
203254
203255
203256
203257
203258
203259
203260
203261
203262
203263
203264
203265
203266
203267
203268
203269
203270
203271
203272
203273
203274
203275
203276
203277
203278
203279
203280
203285
203286
203287
203288
203289
203290
203291
203292
203293
203294
203879
203880
203881
203882
203883
203884
203885
203886
203887
203888
203889
203890
203891
203892
203893
203894
203895
203896
203897
203898
203899
203900
203901
203902
203903
203904
203905
203906
203907
203908
203909
203910
203911
203912
203913
203914
203915
203916
203917
203918
203919
203920
203921
203926
203927
203928
203929
203930
203931
203932
203933
203934
204519
204520
204521
204522
204523
204524
204525
204526
204527
204528
204529
204530
204531
204532
204533
204534
204535
204536
204537
204538
204539
204540
204541
204542
204543
204544
204545
204546
204547
204548
204549
204550
204551
204552
204553
204554
204555
204556
204557
204558
204559
204560
204561
204568
204569
204570
204571
204572
204573
205159
205160
205161
205162
205163
205164
205165
205166
205167
205168
205169
205170
205171
205172
205173
205174
205175
205176
205177
205178
205179
205180
205181
205182
205183
205184
205185
205186
205187
205188
205189
205190
205191
205192
205193
205194
205195
205196
205197
205198
205199
205200
205201
205208
205209
205210
205211
205212
205800
205801
205802
205803
205804
205805
205806
205807
205808
205809
205810
205811
205812
205813
205814
205815
205816
205817
205818
205819
205820
205821
205822
205823
205824
205825
205826
205827
205828
205829
205830
205831
205832
205833
205834
205835
205836
205837
205838
205839
205840
205841
205847
205848
205849
205850
205851
205852
206382
206383
206440
206441
206442
206443
206444
206445
206446
206447
206448
206449
206450
206451
206452
206453
206454
206455
206456
206457
206458
206459
206460
206461
206462
206463
206464
206465
206466
206467
206468
206469
206470
206471
206472
206473
206474
206475
206476
206477
206478
206479
206480
206481
206486
206487
206488
206489
206490
206491
206492
207023
207024
207079
207080
207081
207082
207083
207084
207085
207086
207087
207088
207089
207090
207091
207092
207093
207094
207095
207096
207097
207098
207099
207100
207101
207102
207103
207104
207105
207106
207107
207108
207109
207110
207111
207112
207113
207114
207115
207116
207117
207118
207119
207120
207121
207122
207126
207127
207128
207129
207130
207131
207132
207719
207720
207721
207722
207723
207724
207725
207726
207727
207728
207729
207730
207731
207732
207733
207734
207735
207736
207737
207738
207739
207740
207741
207742
207743
207744
207745
207746
207747
207748
207749
207750
207751
207752
207753
207754
207755
207756
207757
207758
207759
207760
207761
207762
207763
207764
207765
207766
207767
207768
207769
207770
207771
207772
208360
208361
208362
208363
208364
208365
208366
208367
208368
208369
208370
208371
208372
208373
208374
208375
208376
208377
208378
208379
208380
208381
208382
208383
208384
208385
208386
208387
208388
208389
208390
208391
208392
208393
208394
208395
208396
208397
208398
208399
208400
208401
208402
208403
208404
208405
208406
208407
208408
208409
208410
208411
209000
209001
209002
209003
209004
209005
209006
209007
209008
209009
209010
209011
209012
209013
209014
209015
209016
209017
209018
209019
209020
209021
209022
209023
209024
209025
209026
209027
209028
209029
209030
209031
209032
209033
209034
209035
209036
209037
209038
209039
209040
209041
209042
209043
209044
209045
209046
209047
209048
209049
209050
209051
209640
209641
209642
209643
209644
209645
209646
209647
209648
209649
209650
209651
209652
209653
209654
209655
209656
209657
209658
209659
209660
209661
209662
209663
209664
209665
209666
209667
209668
209669
209670
209671
209672
209673
209674
209675
209676
209677
209678
209679
209680
209681
209682
209683
209684
209685
209686
209687
209688
209689
209690
209691
209692
210282
210283
210284
210286
210287
210288
210289
210290
210291
210292
210293
210294
210295
210296
210297
210298
210299
210300
210301
210302
210303
210304
210305
210306
210307
210308
210309
210310
210311
210312
210313
210314
210315
210316
210317
210318
210319
210320
210321
210322
210323
210324
210325
210326
210327
210328
210329
210330
210331
210332
210333
210926
210927
210928
210929
210930
210931
210932
210933
210934
210935
210936
210937
210938
210939
210940
210941
210942
210943
210944
210945
210946
210947
210948
210949
210950
210951
210952
210953
210954
210955
210956
210957
210958
210959
210960
210961
210962
210963
210964
210965
210966
210967
210968
210969
210970
210971
210972
210973
211567
211568
211569
211570
211571
211572
211573
211574
211575
211576
211577
211578
211579
211580
211581
211582
211583
211584
211585
211586
211587
211588
211589
211590
211591
211592
211593
211594
211595
211596
211597
211598
211599
211600
211601
211602
211603
211604
211605
211606
211607
211608
211609
211610
211611
211612
212207
212208
212209
212210
212211
212212
212213
212214
212215
212216
212217
212218
212219
212220
212221
212222
212223
212224
212225
212226
212227
212228
212229
212230
212231
212232
212233
212234
212235
212236
212237
212238
212239
212240
212241
212242
212243
212244
212245
212246
212247
212248
212249
212250
212251
212252
212847
212848
212849
212850
212851
212852
212853
212854
212855
212856
212857
212858
212859
212860
212861
212862
212863
212864
212865
212866
212867
212868
212869
212870
212871
212872
212873
212874
212875
212876
212877
212878
212879
212880
212881
212882
212883
212884
212885
212886
212887
212888
212889
212890
212891
212892
213488
213489
213490
213491
213492
213493
213494
213495
213496
213497
213498
213499
213500
213501
213502
213503
213504
213505
213506
213507
213508
213509
213510
213511
213512
213513
213514
213515
213516
213517
213518
213519
213520
213521
213522
213523
213524
213525
213526
213527
213528
213529
213530
213531
213532
214130
214131
214132
214133
214134
214135
214136
214137
214138
214139
214140
214141
214142
214143
214144
214145
214146
214147
214148
214149
214150
214151
214152
214153
214154
214155
214156
214157
214158
214159
214160
214161
214162
214163
214164
214165
214166
214167
214168
214169
214170
214171
214172
214770
214771
214772
214773
214774
214775
214776
214777
214778
214779
214780
214781
214782
214783
214784
214785
214786
214787
214788
214789
214790
214791
214792
214793
214794
214795
214796
214797
214798
214799
214800
214801
214802
214803
214804
214805
214806
214807
214808
214809
214810
214811
214812
215410
215411
215412
215413
215414
215415
215416
215417
215418
215419
215420
215421
215422
215423
215424
215425
215426
215427
215428
215429
215430
215431
215432
215433
215434
215435
215436
215437
215438
215439
215440
215441
215442
215443
215444
215445
215446
215447
215448
215449
215450
215451
215452
216050
216051
216052
216053
216054
216055
216056
216057
216058
216059
216060
216061
216062
216063
216064
216065
216066
216067
216068
216069
216070
216071
216072
216073
216074
216075
216076
216077
216078
216079
216080
216081
216082
216083
216084
216085
216086
216087
216088
216089
216090
216091
216092
216093
216690
216691
216692
216693
216694
216695
216696
216697
216698
216699
216700
216701
216702
216703
216704
216705
216706
216707
216708
216709
216710
216711
216712
216713
216714
216715
216716
216717
216718
216719
216720
216721
216722
216723
216724
216725
216726
216727
216728
216729
216730
216731
216732
216733
217275
217330
217331
217332
217333
217334
217335
217336
217337
217338
217339
217340
217341
217342
217343
217344
217345
217346
217347
217348
217349
217350
217351
217352
217353
217354
217355
217356
217357
217358
217359
217360
217361
217362
217363
217364
217365
217366
217367
217368
217369
217370
217371
217372
217916
217970
217971
217972
217973
217974
217975
217976
217977
217978
217979
217980
217981
217982
217983
217984
217985
217986
217987
217988
217989
217990
217991
217992
217993
217994
217995
217996
217997
217998
217999
218000
218001
218002
218003
218004
218005
218006
218007
218008
218009
218010
218011
218012
218610
218611
218612
218613
218614
218615
218616
218617
218618
218619
218620
218621
218622
218623
218624
218625
218626
218627
218628
218629
218630
218631
218632
218633
218634
218635
218636
218637
218638
218639
218640
218641
218642
218643
218644
218645
218646
218647
218648
218649
218650
218651
219250
219251
219252
219253
219254
219255
219256
219257
219258
219259
219260
219261
219262
219263
219264
219265
219266
219267
219268
219269
219270
219271
219272
219273
219274
219275
219276
219277
219278
219279
219280
219281
219282
219283
219284
219285
219286
219287
219288
219289
219890
219891
219892
219893
219894
219895
219896
219897
219898
219899
219900
219901
219902
219903
219904
219905
219906
219907
219908
219909
219910
219911
219912
219913
219914
219915
219916
219917
219918
219919
219920
219921
219922
219923
219924
219925
219926
219927
219928
219929
220529
220530
220531
220532
220533
220534
220535
220536
220537
220538
220539
220540
220541
220542
220543
220544
220545
220546
220547
220548
220549
220550
220551
220552
220553
220554
220555
220556
220557
220558
220559
220560
220561
220562
220563
220564
220565
220566
220567
220568
220569
221169
221170
221171
221172
221173
221174
221175
221176
221177
221178
221179
221180
221181
221182
221183
221184
221185
221186
221187
221188
221189
221190
221191
221192
221193
221194
221195
221196
221197
221198
221199
221200
221201
221202
221203
221204
221205
221206
221207
221208
221209
221809
221810
221811
221812
221813
221814
221815
221816
221817
221818
221819
221820
221821
221822
221823
221824
221825
221826
221827
221828
221829
221830
221831
221832
221833
221834
221835
221836
221837
221838
221839
221840
221841
221842
221843
221844
221845
221846
221847
221848
221849
222449
222450
222451
222452
222453
222454
222455
222456
222457
222458
222459
222460
222461
222462
222463
222464
222465
222466
222467
222468
222469
222470
222471
222472
222473
222474
222475
222476
222477
222478
222479
222480
222481
222482
222483
222484
222485
223089
223090
223091
223092
223093
223094
223095
223096
223097
223098
223099
223100
223101
223102
223103
223104
223105
223106
223107
223108
223109
223110
223111
223112
223113
223114
223115
223116
223117
223118
223119
223120
223121
223122
223123
223124
223728
223729
223730
223731
223732
223733
223734
223735
223736
223737
223738
223739
223740
223741
223742
223743
223744
223745
223746
223747
223748
223749
223750
223751
223752
223753
223754
223755
223756
223757
223758
223759
223760
223761
223762
223763
224368
224369
224370
224371
224372
224373
224374
224375
224376
224377
224378
224379
224380
224381
224382
224383
224384
224385
224386
224387
224388
224389
224390
224391
224392
224393
224394
224395
224396
224397
224398
224399
224400
224401
224402
225008
225009
225010
225011
225012
225013
225014
225015
225016
225017
225018
225019
225020
225021
225022
225023
225024
225025
225026
225027
225028
225029
225030
225031
225032
225033
225034
225035
225036
225037
225038
225039
225040
225041
225042
225648
225649
225650
225651
225652
225653
225654
225655
225656
225657
225658
225659
225660
225661
225662
225663
225664
225665
225666
225667
225668
225669
225670
225671
225672
225673
225674
225675
225676
225677
225678
225679
225680
225681
225682
226289
226290
226291
226292
226293
226294
226295
226296
226297
226298
226299
226300
226301
226302
226303
226304
226305
226306
226307
226308
226309
226310
226311
226312
226313
226314
226315
226316
226317
226318
226319
226320
226321
226322
226323
226324
226325
226929
226930
226931
226932
226933
226934
226935
226936
226937
226938
226939
226940
226941
226942
226943
226944
226945
226946
226947
226948
226949
226950
226951
226952
226953
226954
226955
226956
226957
226958
226959
226960
226961
226962
226963
226964
226965
226972
226973
227568
227569
227570
227571
227572
227573
227574
227575
227576
227577
227578
227579
227580
227581
227582
227583
227584
227585
227586
227587
227588
227589
227590
227591
227592
227593
227594
227595
227596
227597
227598
227599
227600
227601
227602
227603
227604
227605
227612
227613
228208
228209
228210
228211
228212
228213
228214
228215
228216
228217
228218
228219
228220
228221
228222
228223
228224
228225
228226
228227
228228
228229
228230
228231
228232
228233
228234
228235
228236
228237
228238
228239
228240
228241
228242
228243
228244
228245
228248
228249
228250
228251
228252
228253
228849
228850
228851
228852
228853
228854
228855
228856
228857
228858
228859
228860
228861
228862
228863
228864
228865
228866
228867
228868
228869
228870
228871
228872
228873
228874
228875
228876
228877
228878
228879
228880
228881
228882
228883
228884
228885
228887
228888
228889
228890
228891
228892
228893
228894
229490
229491
229492
229493
229494
229495
229496
229497
229498
229499
229500
229501
229502
229503
229504
229505
229506
229507
229508
229509
229510
229511
229512
229513
229514
229515
229516
229517
229518
229519
229520
229521
229522
229523
229524
229525
229526
229527
229528
229529
229530
229531
229532
229533
229534
230130
230131
230132
230133
230134
230135
230136
230137
230138
230139
230140
230141
230142
230143
230144
230145
230146
230147
230148
230149
230150
230151
230152
230153
230154
230155
230156
230157
230158
230159
230160
230161
230162
230163
230164
230165
230166
230167
230168
230169
230170
230171
230172
230173
230770
230771
230772
230773
230774
230775
230776
230777
230778
230779
230780
230781
230782
230783
230784
230785
230786
230787
230788
230789
230790
230791
230792
230793
230794
230795
230796
230797
230798
230799
230800
230801
230802
230803
230804
230805
230806
230807
230808
230809
230810
230811
230812
231410
231411
231412
231413
231414
231415
231416
231417
231418
231419
231420
231421
231422
231423
231424
231425
231426
231427
231428
231429
231430
231431
231432
231433
231434
231435
231436
231437
231438
231439
231440
231441
231442
231443
231444
231445
231446
231447
231448
231449
231450
231451
231452
232050
232051
232052
232053
232054
232055
232056
232057
232058
232059
232060
232061
232062
232063
232064
232065
232066
232067
232068
232069
232070
232071
232072
232073
232074
232075
232076
232077
232078
232079
232080
232081
232082
232083
232084
232085
232086
232087
232088
232089
232090
232091
232690
232691
232692
232693
232694
232695
232696
232697
232698
232699
232700
232701
232702
232703
232704
232705
232706
232707
232708
232709
232710
232711
232712
232713
232714
232715
232716
232717
232718
232719
232720
232721
232722
232723
232724
232725
232726
232727
232728
232729
232730
232731
233330
233331
233332
233333
233334
233335
233336
233337
233338
233339
233340
233341
233342
233343
233344
233345
233346
233347
233348
233349
233350
233351
233352
233353
233354
233355
233356
233357
233358
233359
233360
233361
233362
233363
233364
233365
233366
233367
233368
233369
233370
233371
233372
233971
233972
233973
233974
233975
233976
233977
233978
233979
233980
233981
233982
233983
233984
233985
233986
233987
233988
233989
233990
233991
233992
233993
233994
233995
233996
233997
233998
233999
234000
234001
234002
234003
234004
234005
234006
234007
234008
234009
234010
234011
234012
234611
234612
234613
234614
234615
234616
234617
234618
234619
234620
234621
234622
234623
234624
234625
234626
234627
234628
234629
234630
234631
234632
234633
234634
234635
234636
234637
234638
234639
234640
234641
234642
234643
234644
234645
234646
234647
234648
234649
234650
234651
234652
235251
235252
235253
235254
235255
235256
235257
235258
235259
235260
235261
235262
235263
235264
235265
235266
235267
235268
235269
235270
235271
235272
235273
235274
235275
235276
235277
235278
235279
235280
235281
235282
235283
235284
235285
235286
235287
235288
235289
235290
235291
235292
235293
235891
235892
235893
235894
235895
235896
235897
235898
235899
235900
235901
235902
235903
235904
235905
235906
235907
235908
235909
235910
235911
235912
235913
235914
235915
235916
235917
235918
235919
235920
235921
235922
235923
235924
235925
235926
235927
235928
235929
235930
235931
235932
235933
236526
236527
236528
236530
236531
236532
236533
236534
236535
236536
236537
236538
236539
236540
236541
236542
236543
236544
236545
236546
236547
236548
236549
236550
236551
236552
236553
236554
236555
236556
236557
236558
236559
236560
236561
236562
236563
236564
236565
236566
236567
236568
236569
236570
236571
236572
236573
237166
237167
237168
237169
237170
237171
237172
237173
237174
237175
237176
237177
237178
237179
237180
237181
237182
237183
237184
237185
237186
237187
237188
237189
237190
237191
237192
237193
237194
237195
237196
237197
237198
237199
237200
237201
237202
237203
237204
237205
237206
237207
237208
237209
237210
237211
237212
237213
237805
237806
237807
237808
237809
237810
237811
237812
237813
237814
237815
237816
237817
237818
237819
237820
237821
237822
237823
237824
237825
237826
237827
237828
237829
237830
237831
237832
237833
237834
237835
237836
237837
237838
237839
237840
237841
237842
237843
237844
237845
237846
237847
237848
237849
237850
237851
237852
237853
238445
238446
238447
238448
238449
238450
238451
238452
238453
238454
238455
238456
238457
238458
238459
238460
238461
238462
238463
238464
238465
238466
238467
238468
238469
238470
238471
238472
238473
238474
238475
238476
238477
238478
238479
238480
238481
238482
238483
238484
238485
238486
238487
238488
238489
238490
238491
238492
238493
239085
239086
239087
239088
239089
239090
239091
239092
239093
239094
239095
239096
239097
239098
239099
239100
239101
239102
239103
239104
239105
239106
239107
239108
239109
239110
239111
239112
239113
239114
239115
239116
239117
239118
239119
239120
239121
239122
239123
239124
239125
239126
239127
239128
239129
239130
239131
239132
239133
239726
239727
239728
239729
239730
239731
239732
239733
239734
239735
239736
239737
239738
239739
239740
239741
239742
239743
239744
239745
239746
239747
239748
239749
239750
239751
239752
239753
239754
239755
239756
239757
239758
239759
239760
239761
239762
239763
239764
239765
239766
239767
239768
239769
239770
239771
239772
239773
240366
240367
240368
240369
240370
240371
240372
240373
240374
240375
240376
240377
240378
240379
240380
240381
240382
240383
240384
240385
240386
240387
240388
240389
240390
240391
240392
240393
240394
240395
240396
240397
240398
240399
240400
240401
240402
240403
240404
240405
240406
240407
240408
240409
240410
240411
240412
240413
241006
241007
241008
241009
241010
241011
241012
241013
241014
241015
241016
241017
241018
241019
241020
241021
241022
241023
241024
241025
241026
241027
241028
241029
241030
241031
241032
241033
241034
241035
241036
241037
241038
241039
241040
241041
241042
241043
241044
241045
241046
241047
241048
241049
241050
241051
241052
241649
241650
241651
241652
241653
241654
241655
241656
241657
241658
241659
241660
241661
241662
241663
241664
241665
241666
241667
241668
241669
241670
241671
241672
241673
241674
241675
241676
241677
241678
241679
241680
241681
241682
241683
241684
241685
241686
241687
241688
241689
241690
241691
241692
242288
242289
242290
242291
242292
242293
242294
242295
242296
242297
242298
242299
242300
242301
242302
242303
242304
242305
242306
242307
242308
242309
242310
242311
242312
242313
242314
242315
242316
242317
242318
242319
242320
242321
242322
242323
242324
242325
242326
242327
242328
242329
242330
242331
242332
242928
242929
242930
242931
242932
242933
242934
242935
242936
242937
242938
242939
242940
242941
242942
242943
242944
242945
242946
242947
242948
242949
242950
242951
242952
242953
242954
242955
242956
242957
242958
242959
242960
242961
242962
242963
242964
242965
242966
242967
242968
242969
242970
242971
242972
243569
243570
243571
243572
243573
243574
243575
243576
243577
243578
243579
243580
243581
243582
243583
243584
243585
243586
243587
243588
243589
243590
243591
243592
243593
243594
243595
243596
243597
243598
243599
243600
243601
243602
243603
243604
243605
243606
243607
243608
243609
243610
243611
243612
244211
244212
244213
244214
244215
244216
244217
244218
244219
244220
244221
244222
244223
244224
244225
244226
244227
244228
244229
244230
244231
244232
244233
244234
244235
244236
244237
244238
244239
244240
244241
244242
244243
244244
244245
244246
244247
244248
244249
244250
244251
244252
244851
244852
244853
244854
244855
244856
244857
244858
244859
244860
244861
244862
244863
244864
244865
244866
244867
244868
244869
244870
244871
244872
244873
244874
244875
244876
244877
244878
244879
244880
244881
244882
244883
244884
244885
244886
244887
244888
244889
244890
244891
245490
245491
245492
245493
245494
245495
245496
245497
245498
245499
245500
245501
245502
245503
245504
245505
245506
245507
245508
245509
245510
245511
245512
245513
245514
245515
245516
245517
245518
245519
245520
245521
245522
245523
245524
245525
245526
245527
245528
245529
245530
245531
246129
246130
246131
246132
246133
246134
246135
246136
246137
246138
246139
246140
246141
246142
246143
246144
246145
246146
246147
246148
246149
246150
246151
246152
246153
246154
246155
246156
246157
246158
246159
246160
246161
246162
246163
246164
246165
246166
246167
246168
246169
246170
246171
246172
246769
246770
246771
246772
246773
246774
246775
246776
246777
246778
246779
246780
246781
246782
246783
246784
246785
246786
246787
246788
246789
246790
246791
246792
246793
246794
246795
246796
246797
246798
246799
246800
246801
246802
246803
246804
246805
246806
246807
246808
246809
246810
246811
246812
246813
246814
247409
247410
247411
247412
247413
247414
247415
247416
247417
247418
247419
247420
247421
247422
247423
247424
247425
247426
247427
247428
247429
247430
247431
247432
247433
247434
247435
247436
247437
247438
247439
247440
247441
247442
247443
247444
247445
247446
247447
247448
247449
247450
247451
247452
247453
247454
247455
248049
248050
248051
248052
248053
248054
248055
248056
248057
248058
248059
248060
248061
248062
248063
248064
248065
248066
248067
248068
248069
248070
248071
248072
248073
248074
248075
248076
248077
248078
248079
248080
248081
248082
248083
248084
248085
248086
248087
248088
248089
248090
248091
248092
248093
248094
248100
248101
248688
248689
248690
248691
248692
248693
248694
248695
248696
248697
248698
248699
248700
248701
248702
248703
248704
248705
248706
248707
248708
248709
248710
248711
248712
248713
248714
248715
248716
248717
248718
248719
248720
248721
248722
248723
248724
248725
248726
248727
248728
248729
248730
248731
248732
248740
248741
249328
249329
249330
249331
249332
249333
249334
249335
249336
249337
249338
249339
249340
249341
249342
249343
249344
249345
249346
249347
249348
249349
249350
249351
249352
249353
249354
249355
249356
249357
249358
249359
249360
249361
249362
249363
249364
249365
249366
249367
249368
249369
249370
249371
249372
249381
249963
249964
249968
249969
249970
249971
249972
249973
249974
249975
249976
249977
249978
249979
249980
249981
249982
249983
249984
249985
249986
249987
249988
249989
249990
249991
249992
249993
249994
249995
249996
249997
249998
249999
250000
250001
250002
250003
250004
250005
250006
250007
250008
250009
250010
250011
250012
250013
250021
250601
250602
250603
250604
250605
250606
250607
250608
250609
250610
250611
250612
250613
250614
250615
250616
250617
250618
250619
250620
250621
250622
250623
250624
250625
250626
250627
250628
250629
250630
250631
250632
250633
250634
250635
250636
250637
250638
250639
250640
250641
250642
250643
250644
250645
250646
250647
250648
250649
251241
251242
251243
251244
251245
251246
251247
251248
251249
251250
251251
251252
251253
251254
251255
251256
251257
251258
251259
251260
251261
251262
251263
251264
251265
251266
251267
251268
251269
251270
251271
251272
251273
251274
251275
251276
251277
251278
251279
251280
251281
251282
251283
251284
251285
251286
251287
251288
251881
251882
251883
251884
251885
251886
251887
251888
251889
251890
251891
251892
251893
251894
251895
251896
251897
251898
251899
251900
251901
251902
251903
251904
251905
251906
251907
251908
251909
251910
251911
251912
251913
251914
251915
251916
251917
251918
251919
251920
251921
251922
251923
251924
251925
251926
251927
252522
252523
252524
252525
252526
252527
252529
252530
252531
252532
252533
252534
252535
252536
252537
252538
252539
252540
252541
252542
252543
252544
252545
252546
252547
252548
252549
252550
252551
252552
252553
252554
252555
252556
252557
252558
252559
252560
252561
252562
252563
252564
252565
252566
252567
253163
253164
253170
253171
253172
253173
253174
253175
253176
253177
253178
253179
253180
253181
253182
253183
253184
253185
253186
253187
253188
253189
253190
253191
253192
253193
253194
253195
253196
253197
253198
253199
253200
253201
253202
253203
253204
253205
253206
253207
253208
253811
253812
253813
253814
253815
253816
253817
253818
253819
253820
253821
253822
253823
253824
253825
253826
253827
253828
253829
253830
253831
253832
253833
253834
253835
253836
253837
253838
253839
253840
253841
253842
253843
253844
253845
253846
253847
253848
254451
254452
254453
254454
254455
254456
254457
254458
254459
254460
254461
254462
254463
254464
254465
254466
254467
254468
254469
254470
254471
254472
254473
254474
254475
254476
254477
254478
254479
254480
254481
254482
254483
254484
254485
254486
254487
255091
255092
255093
255094
255095
255096
255097
255098
255099
255100
255101
255102
255103
255104
255105
255106
255107
255108
255109
255110
255111
255112
255113
255114
255115
255116
255117
255118
255119
255120
255121
255122
255123
255124
255125
255126
255127
255128
255129
255131
255132
255133
255731
255732
255733
255734
255735
255736
255737
255738
255739
255740
255741
255742
255743
255744
255745
255746
255747
255748
255749
255750
255751
255752
255753
255754
255755
255756
255757
255758
255759
255760
255761
255762
255763
255764
255765
255766
255767
255768
255769
255770
255771
255772
255773
256371
256372
256373
256374
256375
256376
256377
256378
256379
256380
256381
256382
256383
256384
256385
256386
256387
256388
256389
256390
256391
256392
256393
256394
256395
256396
256397
256398
256399
256400
256401
256402
256403
256404
256405
256406
256407
256408
256409
256410
256411
256412
256413
257011
257012
257013
257014
257015
257016
257017
257018
257019
257020
257021
257022
257023
257024
257025
257026
257027
257028
257029
257030
257031
257032
257033
257034
257035
257036
257037
257038
257039
257040
257041
257042
257043
257044
257045
257046
257047
257048
257049
257050
257651
257652
257653
257654
257655
257656
257657
257658
257659
257660
257661
257662
257663
257664
257665
257666
257667
257668
257669
257670
257671
257672
257673
257674
257675
257676
257677
257678
257679
257680
257681
257682
257683
257684
257685
257686
257687
257688
257689
258291
258292
258293
258294
258295
258296
258297
258298
258299
258300
258301
258302
258303
258304
258305
258306
258307
258308
258309
258310
258311
258312
258313
258314
258315
258316
258317
258318
258319
258320
258321
258322
258323
258324
258325
258326
258327
258931
258932
258933
258934
258935
258936
258937
258938
258939
258940
258941
258942
258943
258944
258945
258946
258947
258948
258949
258950
258951
258952
258953
258954
258955
258956
258957
258958
258959
258960
258961
258962
258963
258964
258965
258966
259572
259573
259574
259575
259576
259577
259578
259579
259580
259581
259582
259583
259584
259585
259586
259587
259588
259589
259590
259591
259592
259593
259594
259595
259596
259597
259598
259599
259600
259601
259602
259603
259604
260212
260213
260214
260215
260216
260217
260218
260219
260220
260221
260222
260223
260224
260225
260226
260227
260228
260229
260230
260231
260232
260233
260234
260235
260236
260237
260238
260239
260240
260241
260242
260852
260853
260854
260855
260856
260857
260858
260859
260860
260861
260862
260863
260864
260865
260866
260867
260868
260869
260870
260871
260872
260873
260874
260875
260876
260877
260878
260879
260880
261493
261494
261495
261496
261497
261498
261499
261500
261501
261502
261503
261504
261505
261506
261507
261508
261509
261510
261511
261512
261513
261514
261515
261516
261517
262133
262134
262135
262136
262137
262138
262139
262140
262141
262142
262143
262144
262145
262146
262147
262148
262149
262150
262151
262152
262153
262154
262155
262771
262772
262773
262774
262775
262776
262777
262778
262779
262780
262781
262782
262783
262784
262785
262786
262787
262788
262789
262790
262791
262792
262793
262794
263410
263411
263412
263413
263414
263415
263416
263417
263418
263419
263420
263421
263422
263423
263424
263425
263426
263427
263428
263429
263430
263431
263432
263433
264050
264051
264052
264053
264054
264055
264056
264057
264058
264059
264060
264061
264062
264063
264064
264065
264066
264067
264068
264069
264070
264691
264692
264693
264694
264695
264696
264697
264698
264699
264700
264701
264702
264703
264704
264705
264706
264707
264708
264709
265331
265332
265333
265334
265335
265336
265337
265338
265339
265340
265341
265342
265343
265344
265345
265346
265347
265971
265972
265973
265974
265975
265976
265977
265978
265979
265980
265981
265982
265983
265984
266611
266612
266613
266614
266615
266616
266617
266618
266619
266620
266621
266622
267253
267254
267255
267256
267257
267258
267259
