92481
92482
92483
92484
93120
93121
93122
93123
93124
93133
93134
93135
93136
93137
93745
93746
93747
93748
93749
93750
93751
93752
93753
93754
93755
93758
93759
93760
93761
93762
93763
93764
93772
93773
93774
93775
93776
93777
94385
94386
94387
94388
94389
94390
94391
94392
94393
94394
94395
94396
94397
94398
94399
94400
94401
94402
94403
94404
94412
94413
94414
94415
94416
95020
95021
95023
95024
95025
95026
95027
95028
95029
95030
95031
95032
95033
95034
95035
95036
95037
95038
95039
95040
95041
95042
95043
95044
95046
95047
95048
95049
95052
95053
95054
95055
95660
95661
95662
95663
95664
95665
95666
95667
95668
95669
95670
95671
95672
95673
95674
95675
95676
95677
95678
95679
95680
95681
95682
95683
95684
95685
95686
95687
95688
95689
96300
96301
96302
96303
96304
96305
96306
96307
96308
96309
96310
96311
96312
96313
96314
96315
96316
96317
96318
96319
96320
96321
96322
96323
96324
96325
96326
96327
96328
96329
96940
96941
96942
96943
96944
96945
96946
96947
96948
96949
96950
96951
96952
96953
96954
96955
96956
96957
96958
96959
96960
96961
96962
96963
96964
96965
96966
96967
96968
96969
96970
96971
96972
96973
96974
96975
96976
97582
97583
97584
97585
97586
97587
97588
97589
97590
97591
97592
97593
97594
97595
97596
97597
97598
97599
97600
97601
97602
97603
97604
97605
97606
97607
97608
97609
97610
97611
97612
97613
97614
97615
97616
98220
98221
98222
98223
98224
98225
98226
98227
98228
98229
98230
98231
98232
98233
98234
98235
98236
98237
98238
98239
98240
98241
98242
98243
98244
98245
98246
98247
98248
98249
98250
98251
98252
98253
98254
98860
98861
98862
98863
98864
98865
98866
98867
98868
98869
98870
98871
98872
98873
98874
98875
98876
98877
98878
98879
98880
98881
98882
98883
98884
98885
98886
98887
98888
98889
98890
98891
98892
98893
98894
99501
99502
99503
99504
99505
99506
99507
99508
99509
99510
99511
99512
99513
99514
99515
99516
99517
99518
99519
99520
99521
99522
99523
99524
99525
99526
99527
99528
99529
99530
99531
99532
100141
100142
100143
100144
100145
100146
100147
100148
100149
100150
100151
100152
100153
100154
100155
100156
100157
100158
100159
100160
100161
100162
100163
100164
100165
100166
100782
100783
100784
100785
100786
100787
100788
100789
100790
100791
100792
100793
100794
100795
100796
100797
100798
100799
100800
100801
100802
100803
100804
100805
100806
101422
101423
101424
101425
101426
101427
101428
101429
101430
101431
101432
101433
101434
101435
101436
101437
101438
101439
101440
101441
101442
101443
101444
101445
101446
102062
102063
102064
102065
102066
102067
102068
102069
102070
102071
102072
102073
102074
102075
102076
102077
102078
102079
102080
102081
102082
102083
102084
102085
102086
102702
102703
102704
102705
102706
102707
102708
102709
102710
102711
102712
102713
102714
102715
102716
102717
102718
102719
102720
102721
102722
102723
102724
103343
103344
103345
103346
103347
103348
103349
103350
103351
103352
103353
103354
103355
103356
103357
103358
103359
103360
103983
103984
103985
103986
103987
103988
103989
103990
103991
103992
103993
103994
103995
103996
103997
103998
103999
104623
104624
104625
104626
104627
104628
104629
104630
104631
104632
104633
104634
104635
104636
104637
104638
104639
104640
105263
105264
105265
105266
105267
105268
105269
105270
105271
105272
105273
105274
105275
105276
105277
105278
105279
105280
105903
105904
105905
105906
105907
105908
105909
105910
105911
105912
105913
105914
105916
105917
105918
105919
105920
106543
106544
106545
106546
106547
106548
106549
106550
106551
107183
107184
107185
107186
107187
107188
107189
107823
107824
107825
107826
107827
107828
107829
108463
108464
108465
108466
108467
108468
108469
109103
109104
109105
109106
109107
109108
109109
109110
109111
109112
109743
109744
109745
109746
109747
109748
109749
109750
109751
109752
110383
110384
110385
110386
110387
110388
110389
110390
110391
110398
110399
110400
111023
111024
111025
111026
111027
111028
111029
111030
111031
111038
111039
111040
111041
111042
111043
111044
111045
111663
111664
111665
111666
111667
111668
111669
111670
111671
111672
111673
111674
111675
111676
111677
111678
111679
111680
111681
111682
111683
111684
111685
111686
111687
112302
112303
112304
112305
112306
112307
112308
112309
112310
112311
112312
112313
112314
112315
112316
112317
112318
112319
112320
112321
112322
112323
112324
112325
112326
112327
112942
112943
112944
112945
112946
112947
112948
112949
112950
112951
112952
112953
112954
112955
112956
112957
112958
112959
112960
112961
112962
112963
112964
112965
112966
112967
113582
113583
113584
113585
113586
113587
113588
113589
113590
113591
113592
113593
113594
113595
113596
113597
113598
113599
113600
113601
113602
113603
113604
113605
113606
113607
114224
114225
114226
114227
114228
114229
114230
114231
114232
114233
114234
114235
114236
114237
114238
114239
114240
114241
114242
114243
114244
114245
114246
114865
114866
114867
114868
114869
114870
114871
114872
114873
114874
114875
114876
114877
114878
114879
114880
114881
114882
114883
114884
115505
115506
115507
115508
115509
115510
115511
115512
115513
115514
115515
115516
115517
115518
115519
115520
115521
115522
115523
115524
115525
116145
116146
116147
116148
116149
116150
116151
116152
116153
116154
116155
116156
116157
116158
116159
116160
116161
116162
116163
116164
116165
116791
116792
116793
116794
116795
116796
116797
116798
116799
116800
116801
116802
116803
116804
116805
116806
116807
117431
117432
117433
117434
117435
117436
117437
117438
117439
117440
117441
117442
117443
117444
117445
117446
117447
118071
118072
118073
118074
118075
118076
118077
118078
118079
118080
118081
118082
118083
118084
118085
118711
118712
118713
118714
118715
118716
118717
118718
118719
118720
118721
118722
118723
119350
119351
119352
119353
119354
119355
119356
119357
119358
119359
119360
119361
119990
119991
119992
119993
119994
119995
171850
171851
171852
171853
171854
171858
171859
171860
171861
171862
171863
171864
171865
171866
171867
171868
171869
171870
171871
171872
171873
171874
171875
171876
171877
171878
171879
171880
171881
171882
171883
171884
171885
171886
171887
171888
171889
171890
171891
172490
172491
172492
172493
172494
172495
172496
172497
172498
172499
172500
172501
172502
172503
172504
172505
172506
172507
172508
172509
172510
172511
172512
172513
172514
172515
172516
172517
172518
172519
172520
172521
172522
172523
172524
172525
172526
172527
172528
172529
172530
172531
172532
173130
173131
173132
173133
173134
173135
173136
173137
173138
173139
173140
173141
173142
173143
173144
173145
173146
173147
173148
173149
173150
173151
173152
173153
173154
173155
173156
173157
173158
173159
173160
173161
173162
173163
173164
173165
173166
173167
173168
173169
173170
173171
173172
173771
173772
173773
173774
173775
173776
173777
173778
173779
173780
173781
173782
173783
173784
173785
173786
173787
173788
173789
173790
173791
173792
173793
173794
173795
173796
173797
173798
173799
173800
173801
173802
173803
173804
173805
173806
173807
173808
173809
173810
173811
174411
174412
174413
174414
174415
174416
174417
174418
174419
174420
174421
174422
174423
174424
174425
174426
174427
174428
174429
174430
174431
174432
174433
174434
174435
174436
174437
174438
174439
174440
174441
174442
174443
174444
174445
174446
174447
174448
174449
174450
174451
175051
175052
175053
175054
175055
175056
175057
175058
175059
175060
175061
175062
175063
175064
175065
175066
175067
175068
175069
175070
175071
175072
175073
175074
175075
175076
175077
175078
175079
175080
175081
175082
175083
175084
175085
175086
175087
175088
175089
175090
175091
175692
175693
175694
175695
175696
175697
175698
175699
175700
175701
175702
175703
175704
175705
175706
175707
175708
175709
175710
175711
175712
175713
175714
175715
175716
175717
175718
175719
175720
175721
175722
175723
175724
175725
175726
175727
175728
175729
175730
175731
175732
175733
176332
176333
176334
176335
176336
176337
176338
176339
176340
176341
176342
176343
176344
176345
176346
176347
176348
176349
176350
176351
176352
176353
176354
176355
176356
176357
176358
176359
176360
176361
176362
176363
176364
176365
176366
176367
176368
176369
176370
176371
176372
176373
176374
176972
176973
176974
176975
176976
176977
176978
176979
176980
176981
176982
176983
176984
176985
176986
176987
176988
176989
176990
176991
176992
176993
176994
176995
176996
176997
176998
176999
177000
177001
177002
177003
177004
177005
177006
177007
177008
177009
177010
177011
177012
177013
177014
177611
177612
177613
177614
177615
177616
177617
177618
177619
177620
177621
177622
177623
177624
177625
177626
177627
177628
177629
177630
177631
177632
177633
177634
177635
177636
177637
177638
177639
177640
177641
177642
177643
177644
177645
177646
177647
177648
177649
177650
177651
177652
177653
177654
178250
178251
178252
178253
178254
178255
178256
178257
178258
178259
178260
178261
178262
178263
178264
178265
178266
178267
178268
178269
178270
178271
178272
178273
178274
178275
178276
178277
178278
178279
178280
178281
178282
178283
178284
178285
178286
178287
178288
178289
178290
178291
178292
178293
178294
178879
178880
178881
178882
178887
178888
178889
178890
178891
178892
178893
178894
178895
178896
178897
178898
178899
178900
178901
178902
178903
178904
178905
178906
178907
178908
178909
178910
178911
178912
178913
178914
178915
178916
178917
178918
178919
178920
178921
178922
178923
178924
178925
178926
178927
178928
178929
178930
178931
178932
178933
179518
179519
179520
179521
179522
179523
179524
179526
179527
179528
179529
179530
179531
179532
179533
179534
179535
179536
179537
179538
179539
179540
179541
179542
179543
179544
179545
179546
179547
179548
179549
179550
179551
179552
179553
179554
179555
179556
179557
179558
179559
179560
179561
179562
179563
179564
179565
179566
179567
179568
179569
179570
179571
179572
180158
180159
180160
180161
180162
180163
180164
180165
180166
180167
180168
180169
180170
180171
180172
180173
180174
180175
180176
180177
180178
180179
180180
180181
180182
180183
180184
180185
180186
180187
180188
180189
180190
180191
180192
180193
180194
180195
180196
180197
180198
180199
180200
180201
180202
180203
180204
180205
180206
180207
180208
180209
180210
180211
180798
180799
180800
180801
180802
180803
180804
180805
180806
180807
180808
180809
180810
180811
180812
180813
180814
180815
180816
180817
180818
180819
180820
180821
180822
180823
180824
180825
180826
180827
180828
180829
180830
180831
180832
180833
180834
180835
180836
180837
180838
180839
180840
180841
180842
180843
180844
180845
180846
180847
180848
180849
180850
180851
181437
181438
181439
181440
181441
181442
181443
181444
181445
181446
181447
181448
181449
181450
181451
181452
181453
181454
181455
181456
181457
181458
181459
181460
181461
181462
181463
181464
181465
181466
181467
181468
181469
181470
181471
181472
181473
181474
181475
181476
181477
181478
181479
181480
181481
181482
181483
181484
181485
181486
181487
181488
181489
181490
182077
182078
182079
182080
182081
182082
182083
182084
182085
182086
182087
182088
182089
182090
182091
182092
182093
182094
182095
182096
182097
182098
182099
182100
182101
182102
182103
182104
182105
182106
182107
182108
182109
182110
182111
182112
182113
182114
182115
182116
182117
182118
182119
182120
182121
182122
182123
182124
182125
182126
182127
182128
182129
182130
182131
182132
182717
182718
182719
182720
182721
182722
182723
182724
182725
182726
182727
182728
182729
182730
182731
182732
182733
182734
182735
182736
182737
182738
182739
182740
182741
182742
182743
182744
182745
182746
182747
182748
182749
182750
182751
182752
182753
182754
182755
182756
182757
182758
182759
182760
182761
182762
182763
182764
182765
182766
182767
182768
182769
182770
182771
182772
182773
183357
183358
183359
183360
183361
183362
183363
183364
183365
183366
183367
183368
183369
183370
183371
183372
183373
183374
183375
183376
183377
183378
183379
183380
183381
183382
183383
183384
183385
183386
183387
183388
183389
183390
183391
183392
183393
183394
183395
183396
183397
183398
183399
183400
183401
183402
183403
183404
183405
183406
183407
183408
183409
183410
183411
183412
183413
183999
184000
184001
184002
184003
184004
184005
184006
184007
184008
184009
184010
184011
184012
184013
184014
184015
184016
184017
184018
184019
184020
184021
184022
184023
184024
184025
184026
184027
184028
184029
184030
184031
184032
184033
184034
184035
184036
184037
184038
184039
184040
184041
184042
184043
184044
184045
184046
184047
184048
184049
184050
184051
184052
184053
184639
184640
184641
184642
184643
184644
184645
184646
184647
184648
184649
184650
184651
184652
184653
184654
184655
184656
184657
184658
184659
184660
184661
184662
184663
184664
184665
184666
184667
184668
184669
184670
184671
184672
184673
184674
184675
184676
184677
184678
184679
184680
184681
184682
184683
184684
184685
184686
184687
184688
184689
184690
184691
184692
184693
185279
185280
185281
185282
185283
185284
185285
185286
185287
185288
185289
185290
185291
185292
185293
185294
185295
185296
185297
185298
185299
185300
185301
185302
185303
185304
185305
185306
185307
185308
185309
185310
185311
185312
185313
185314
185315
185316
185317
185318
185319
185320
185321
185322
185323
185324
185325
185326
185327
185328
185329
185330
185331
185332
185333
185919
185920
185921
185922
185923
185924
185925
185926
185927
185928
185929
185930
185931
185932
185933
185934
185935
185936
185937
185938
185939
185940
185941
185942
185943
185944
185945
185946
185947
185948
185949
185950
185951
185952
185953
185954
185955
185956
185957
185958
185959
185960
185961
185962
185963
185964
185965
185966
185967
185968
185969
185970
185971
185972
186559
186560
186561
186562
186563
186564
186565
186566
186567
186568
186569
186570
186571
186572
186573
186574
186575
186576
186577
186578
186579
186580
186581
186582
186583
186584
186585
186586
186587
186588
186589
186590
186591
186592
186593
186594
186595
186596
186597
186598
186599
186600
186601
186602
186603
186604
186605
186606
186607
186608
186609
186610
187199
187200
187201
187202
187203
187204
187205
187206
187207
187208
187209
187210
187211
187212
187213
187214
187215
187216
187217
187218
187219
187220
187221
187222
187223
187224
187225
187226
187227
187228
187229
187230
187231
187232
187233
187234
187235
187236
187237
187238
187239
187240
187241
187242
187243
187244
187245
187246
187247
187248
187249
187250
187840
187841
187842
187843
187844
187845
187846
187847
187848
187849
187850
187851
187852
187853
187854
187855
187856
187857
187858
187859
187860
187861
187862
187863
187864
187865
187866
187867
187868
187869
187870
187871
187872
187873
187874
187875
187876
187877
187878
187879
187880
187881
187882
187883
187884
187885
187886
187887
187888
187889
187890
188481
188482
188483
188484
188485
188486
188487
188488
188489
188490
188491
188492
188493
188494
188495
188496
188497
188498
188499
188500
188501
188502
188503
188504
188505
188506
188507
188508
188509
188510
188511
188512
188513
188514
188515
188516
188517
188518
188519
188520
188521
188522
188523
188524
188525
188526
188527
188528
188529
188530
189122
189123
189124
189125
189126
189127
189128
189129
189130
189131
189132
189133
189134
189135
189136
189137
189138
189139
189140
189141
189142
189143
189144
189145
189146
189147
189148
189149
189150
189151
189152
189153
189154
189155
189156
189157
189158
189159
189160
189161
189162
189163
189164
189165
189166
189167
189168
189169
189170
189171
189761
189762
189763
189764
189765
189766
189767
189768
189769
189770
189771
189772
189773
189774
189775
189776
189777
189778
189779
189780
189781
189782
189783
189784
189785
189786
189787
189788
189789
189790
189791
189792
189793
189794
189795
189796
189797
189798
189799
189800
189801
189802
189803
189804
189805
189806
189807
189808
189809
189810
189811
189812
190399
190400
190401
190402
190403
190404
190405
190406
190407
190408
190409
190410
190411
190412
190413
190414
190415
190416
190417
190418
190419
190420
190421
190422
190423
190424
190425
190426
190427
190428
190429
190430
190431
190432
190433
190434
190435
190436
190437
190438
190439
190440
190441
190442
190443
190444
190445
190446
190447
190448
190449
190450
190451
190452
191039
191040
191041
191042
191043
191044
191045
191046
191047
191048
191049
191050
191051
191052
191053
191054
191055
191056
191057
191058
191059
191060
191061
191062
191063
191064
191065
191066
191067
191068
191069
191070
191071
191072
191073
191074
191075
191076
191077
191078
191079
191080
191081
191082
191083
191084
191085
191086
191087
191088
191089
191090
191091
191680
191681
191682
191683
191684
191685
191686
191687
191688
191689
191690
191691
191692
191693
191694
191695
191696
191697
191698
191699
191700
191701
191702
191703
191704
191705
191706
191707
191708
191709
191710
191711
191712
191713
191714
191715
191716
191717
191718
191719
191720
191721
191722
191723
191724
191725
191726
191727
191728
191729
191730
191731
192320
192321
192322
192323
192324
192325
192326
192327
192328
192329
192330
192331
192332
192333
192334
192335
192336
192337
192338
192339
192340
192341
192342
192343
192344
192345
192346
192347
192348
192349
192350
192351
192352
192353
192354
192355
192356
192357
192358
192359
192360
192361
192362
192363
192364
192365
192366
192367
192368
192369
192370
192960
192961
192962
192963
192964
192965
192966
192967
192968
192969
192970
192971
192972
192973
192974
192975
192976
192977
192978
192979
192980
192981
192982
192983
192984
192985
192986
192987
192988
192989
192990
192991
192992
192993
192994
192995
192996
192997
192998
192999
193000
193001
193002
193003
193004
193005
193006
193007
193008
193009
193010
193602
193603
193604
193605
193606
193607
193608
193609
193610
193611
193612
193613
193614
193615
193616
193617
193618
193619
193620
193621
193622
193623
193624
193625
193626
193627
193628
193629
193630
193631
193632
193633
193634
193635
193636
193637
193638
193639
193640
193641
193642
193643
193644
193645
193646
193647
193648
193649
193650
194242
194243
194244
194245
194246
194247
194248
194249
194250
194251
194252
194253
194254
194255
194256
194257
194258
194259
194260
194261
194262
194263
194264
194265
194266
194267
194268
194269
194270
194271
194272
194273
194274
194275
194276
194277
194278
194279
194280
194281
194282
194283
194284
194285
194286
194287
194288
194289
194290
194882
194883
194884
194885
194886
194887
194888
194889
194890
194891
194892
194893
194894
194895
194896
194897
194898
194899
194900
194901
194902
194903
194904
194905
194906
194907
194908
194909
194910
194911
194912
194913
194914
194915
194916
194917
194918
194919
194920
194921
194922
194923
194924
194925
194926
194927
194928
194929
194930
194931
195523
195524
195525
195526
195527
195528
195529
195530
195531
195532
195533
195534
195535
195536
195537
195538
195539
195540
195541
195542
195543
195544
195545
195546
195547
195548
195549
195550
195551
195552
195553
195554
195555
195556
195557
195558
195559
195560
195561
195562
195563
195564
195565
195566
195567
195568
195569
195570
195571
195572
196164
196165
196166
196167
196168
196169
196170
196171
196172
196173
196174
196175
196176
196177
196178
196179
196180
196181
196182
196183
196184
196185
196186
196187
196188
196189
196190
196191
196192
196193
196194
196195
196196
196197
196198
196199
196200
196201
196202
196203
196204
196205
196206
196207
196208
196209
196210
196211
196212
196213
196804
196805
196806
196807
196808
196809
196810
196811
196812
196813
196814
196815
196816
196817
196818
196819
196820
196821
196822
196823
196824
196825
196826
196827
196828
196829
196830
196831
196832
196833
196834
196835
196836
196837
196838
196839
196840
196841
196842
196843
196844
196845
196846
196847
196848
196849
196850
196851
196852
196853
197444
197445
197446
197447
197448
197449
197450
197451
197452
197453
197454
197455
197456
197457
197458
197459
197460
197461
197462
197463
197464
197465
197466
197467
197468
197469
197470
197471
197472
197473
197474
197475
197476
197477
197478
197479
197480
197481
197482
197483
197484
197485
197486
197487
197488
197489
197490
197491
197492
197493
198084
198085
198086
198087
198088
198089
198090
198091
198092
198093
198094
198095
198096
198097
198098
198099
198100
198101
198102
198103
198104
198105
198106
198107
198108
198109
198110
198111
198112
198113
198114
198115
198116
198117
198118
198119
198120
198121
198122
198123
198124
198125
198126
198127
198128
198129
198130
198131
198132
198133
198134
198722
198723
198724
198725
198726
198727
198728
198729
198730
198731
198732
198733
198734
198735
198736
198737
198738
198739
198740
198741
198742
198743
198744
198745
198746
198747
198748
198749
198750
198751
198752
198753
198754
198755
198756
198757
198758
198759
198760
198761
198762
198763
198764
198765
198766
198767
198768
198769
198770
198771
198772
198773
198774
199361
199362
199363
199364
199365
199366
199367
199368
199369
199370
199371
199372
199373
199374
199375
199376
199377
199378
199379
199380
199381
199382
199383
199384
199385
199386
199387
199388
199389
199390
199391
199392
199393
199394
199395
199396
199397
199398
199399
199400
199401
199402
199403
199404
199405
199406
199407
199408
199409
199410
199411
199412
199413
199414
200001
200002
200003
200004
200005
200006
200007
200008
200009
200010
200011
200012
200013
200014
200015
200016
200017
200018
200019
200020
200021
200022
200023
200024
200025
200026
200027
200028
200029
200030
200031
200032
200033
200034
200035
200036
200037
200038
200039
200040
200041
200042
200043
200044
200045
200046
200047
200048
200049
200050
200051
200052
200053
200640
200641
200642
200643
200644
200645
200646
200647
200648
200649
200650
200651
200652
200653
200654
200655
200656
200657
200658
200659
200660
200661
200662
200663
200664
200665
200666
200667
200668
200669
200670
200671
200672
200673
200674
200675
200676
200677
200678
200679
200680
200681
200682
200683
200684
200685
200686
200687
200688
200689
200690
200691
200692
200693
201280
201281
201282
201283
201284
201285
201286
201287
201288
201289
201290
201291
201292
201293
201294
201295
201296
201297
201298
201299
201300
201301
201302
201303
201304
201305
201306
201307
201308
201309
201310
201311
201312
201313
201314
201315
201316
201317
201318
201319
201320
201321
201322
201323
201324
201325
201326
201327
201328
201329
201330
201331
201332
201333
201920
201921
201922
201923
201924
201925
201926
201927
201928
201929
201930
201931
201932
201933
201934
201935
201936
201937
201938
201939
201940
201941
201942
201943
201944
201945
201946
201947
201948
201949
201950
201951
201952
201953
201954
201955
201956
201957
201958
201959
201960
201961
201962
201963
201964
201965
201966
201967
201968
201969
201970
201971
201972
201973
202560
202561
202562
202563
202564
202565
202566
202567
202568
202569
202570
202571
202572
202573
202574
202575
202576
202577
202578
202579
202580
202581
202582
202583
202584
202585
202586
202587
202588
202589
202590
202591
202592
202593
202594
202595
202596
202597
202598
202599
202600
202601
202602
202603
202604
202605
202606
202607
202608
202609
202610
202611
202612
202613
203200
203201
203202
203203
203204
203205
203206
203207
203208
203209
203210
203211
203212
203213
203214
203215
203216
203217
203218
203219
203220
203221
203222
203223
203224
203225
203226
203227
203228
203229
203230
203231
203232
203233
203234
203235
203236
203237
203238
203239
203240
203241
203242
203243
203244
203245
203246
203247
203248
203249
203250
203251
203252
203253
203841
203842
203843
203844
203845
203846
203847
203848
203849
203850
203851
203852
203853
203854
203855
203856
203857
203858
203859
203860
203861
203862
203863
203864
203865
203866
203867
203868
203869
203870
203871
203872
203873
203874
203875
203876
203877
203878
203879
203880
203881
203882
203883
203884
203885
203886
203887
203888
203889
203890
203891
203892
203893
204481
204482
204483
204484
204485
204486
204487
204488
204489
204490
204491
204492
204493
204494
204495
204496
204497
204498
204499
204500
204501
204502
204503
204504
204505
204506
204507
204508
204509
204510
204511
204512
204513
204514
204515
204516
204517
204518
204519
204520
204521
204522
204523
204524
204525
204526
204527
204528
204529
204530
204531
204532
204533
205121
205122
205123
205124
205125
205126
205127
205128
205129
205130
205131
205132
205133
205134
205135
205136
205137
205138
205139
205140
205141
205142
205143
205144
205145
205146
205147
205148
205149
205150
205151
205152
205153
205154
205155
205156
205157
205158
205159
205160
205161
205162
205163
205164
205165
205166
205167
205168
205169
205170
205171
205172
205173
205761
205762
205763
205764
205765
205766
205767
205768
205769
205770
205771
205772
205773
205774
205775
205776
205777
205778
205779
205780
205781
205782
205783
205784
205785
205786
205787
205788
205789
205790
205791
205792
205793
205794
205795
205796
205797
205798
205799
205800
205801
205802
205803
205804
205805
205806
205807
205808
205809
205810
205811
205812
205813
206401
206402
206403
206404
206405
206406
206407
206408
206409
206410
206411
206412
206413
206414
206415
206416
206417
206418
206419
206420
206421
206422
206423
206424
206425
206426
206427
206428
206429
206430
206431
206432
206433
206434
206435
206436
206437
206438
206439
206440
206441
206442
206443
206444
206445
206446
206447
206448
206449
206450
206451
206452
206453
207041
207042
207043
207044
207045
207046
207047
207048
207049
207050
207051
207052
207053
207054
207055
207056
207057
207058
207059
207060
207061
207062
207063
207064
207065
207066
207067
207068
207069
207070
207071
207072
207073
207074
207075
207076
207077
207078
207079
207080
207081
207082
207083
207084
207085
207086
207087
207088
207089
207090
207091
207092
207093
207681
207682
207683
207684
207685
207686
207687
207688
207689
207690
207691
207692
207693
207694
207695
207696
207697
207698
207699
207700
207701
207702
207703
207704
207705
207706
207707
207708
207709
207710
207711
207712
207713
207714
207715
207716
207717
207718
207719
207720
207721
207722
207723
207724
207725
207726
207727
207728
207729
207730
207731
207732
207733
208321
208322
208323
208324
208325
208326
208327
208328
208329
208330
208331
208332
208333
208334
208335
208336
208337
208338
208339
208340
208341
208342
208343
208344
208345
208346
208347
208348
208349
208350
208351
208352
208353
208354
208355
208356
208357
208358
208359
208360
208361
208362
208363
208364
208365
208366
208367
208368
208369
208370
208371
208372
208373
208374
208961
208962
208963
208964
208965
208966
208967
208968
208969
208970
208971
208972
208973
208974
208975
208976
208977
208978
208979
208980
208981
208982
208983
208984
208985
208986
208987
208988
208989
208990
208991
208992
208993
208994
208995
208996
208997
208998
208999
209000
209001
209002
209003
209004
209005
209006
209007
209008
209009
209010
209011
209012
209013
209014
209601
209602
209604
209605
209606
209607
209608
209609
209610
209611
209612
209613
209614
209615
209616
209617
209618
209619
209620
209621
209622
209623
209624
209625
209626
209627
209628
209629
209630
209631
209632
209633
209634
209635
209636
209637
209638
209639
209640
209641
209642
209643
209644
209645
209646
209647
209648
209649
209650
209651
209652
209653
209654
210244
210245
210246
210247
210248
210249
210250
210251
210252
210253
210254
210255
210256
210257
210258
210259
210260
210261
210262
210263
210264
210265
210266
210267
210268
210269
210270
210271
210272
210273
210274
210275
210276
210277
210278
210279
210280
210281
210282
210283
210284
210285
210286
210287
210288
210289
210290
210291
210292
210293
210884
210885
210886
210887
210888
210889
210890
210891
210892
210893
210894
210895
210896
210897
210898
210899
210900
210901
210902
210903
210904
210905
210906
210907
210908
210909
210910
210911
210912
210913
210914
210915
210916
210917
210918
210919
210920
210921
210922
210923
210924
210925
210926
210927
210928
210929
210930
210931
210932
210933
211524
211525
211526
211527
211528
211529
211530
211531
211532
211533
211534
211535
211536
211537
211538
211539
211540
211541
211542
211543
211544
211545
211546
211547
211548
211549
211550
211551
211552
211553
211554
211555
211556
211557
211558
211559
211560
211561
211562
211563
211564
211565
211566
211567
211568
211569
211570
211571
211572
211573
211574
212162
212163
212164
212165
212166
212167
212168
212169
212170
212171
212172
212173
212174
212175
212176
212177
212178
212179
212180
212181
212182
212183
212184
212185
212186
212187
212188
212189
212190
212191
212192
212193
212194
212195
212196
212197
212198
212199
212200
212201
212202
212203
212204
212205
212206
212207
212208
212209
212210
212211
212212
212213
212214
212802
212803
212804
212805
212806
212807
212808
212809
212810
212811
212812
212813
212814
212815
212816
212817
212818
212819
212820
212821
212822
212823
212824
212825
212826
212827
212828
212829
212830
212831
212832
212833
212834
212835
212836
212837
212838
212839
212840
212841
212842
212843
212844
212845
212846
212847
212848
212849
212850
212851
212852
212853
213442
213443
213444
213445
213446
213447
213448
213449
213450
213451
213452
213453
213454
213455
213456
213457
213458
213459
213460
213461
213462
213463
213464
213465
213466
213467
213468
213469
213470
213471
213472
213473
213474
213475
213476
213477
213478
213479
213480
213481
213482
213483
213484
213485
213486
213487
213488
213489
213490
213491
213492
213493
214081
214082
214083
214084
214085
214086
214087
214088
214089
214090
214091
214092
214093
214094
214095
214096
214097
214098
214099
214100
214101
214102
214103
214104
214105
214106
214107
214108
214109
214110
214111
214112
214113
214114
214115
214116
214117
214118
214119
214120
214121
214122
214123
214124
214125
214126
214127
214128
214129
214130
214131
214132
214133
214721
214722
214723
214724
214725
214726
214727
214728
214729
214730
214731
214732
214733
214734
214735
214736
214737
214738
214739
214740
214741
214742
214743
214744
214745
214746
214747
214748
214749
214750
214751
214752
214753
214754
214755
214756
214757
214758
214759
214760
214761
214762
214763
214764
214765
214766
214767
214768
214769
214770
214771
214772
215362
215363
215364
215365
215366
215367
215368
215369
215370
215371
215372
215373
215374
215375
215376
215377
215378
215379
215380
215381
215382
215383
215384
215385
215386
215387
215388
215389
215390
215391
215392
215393
215394
215395
215396
215397
215398
215399
215400
215401
215402
215403
215404
215405
215406
215407
215408
215409
215410
215411
215412
216001
216002
216003
216004
216005
216006
216007
216008
216009
216010
216011
216012
216013
216014
216015
216016
216017
216018
216019
216020
216021
216022
216023
216024
216025
216026
216027
216028
216029
216030
216031
216032
216033
216034
216035
216036
216037
216038
216039
216040
216041
216042
216043
216044
216045
216046
216047
216048
216049
216050
216051
216052
216053
216640
216641
216642
216643
216644
216645
216646
216647
216648
216649
216650
216651
216652
216653
216654
216655
216656
216657
216658
216659
216660
216661
216662
216663
216664
216665
216666
216667
216668
216669
216670
216671
216672
216673
216674
216675
216676
216677
216678
216679
216680
216681
216682
216683
216684
216685
216686
216687
216688
216689
216690
216691
216692
216693
217280
217281
217282
217283
217284
217285
217286
217287
217288
217289
217290
217291
217292
217293
217294
217295
217296
217297
217298
217299
217300
217301
217302
217303
217304
217305
217306
217307
217308
217309
217310
217311
217312
217313
217314
217315
217316
217317
217318
217319
217320
217321
217322
217323
217324
217325
217326
217327
217328
217329
217330
217331
217332
217333
217920
217921
217922
217923
217924
217925
217926
217927
217928
217929
217930
217931
217932
217933
217934
217935
217936
217937
217938
217939
217940
217941
217942
217943
217944
217945
217946
217947
217948
217949
217950
217951
217952
217953
217954
217955
217956
217957
217958
217959
217960
217961
217962
217963
217964
217965
217966
217967
217968
217969
217970
217971
217972
217973
217974
218561
218562
218563
218564
218565
218566
218567
218568
218569
218570
218571
218572
218573
218574
218575
218576
218577
218578
218579
218580
218581
218582
218583
218584
218585
218586
218587
218588
218589
218590
218591
218592
218593
218594
218595
218596
218597
218598
218599
218600
218601
218602
218603
218604
218605
218606
218607
218608
218609
218610
218611
218612
218613
218614
219201
219202
219203
219204
219205
219206
219207
219208
219209
219210
219211
219212
219213
219214
219215
219216
219217
219218
219219
219220
219221
219222
219223
219224
219225
219226
219227
219228
219229
219230
219231
219232
219233
219234
219235
219236
219237
219238
219239
219240
219241
219242
219243
219244
219245
219246
219247
219248
219249
219250
219251
219252
219253
219842
219843
219844
219845
219846
219847
219848
219849
219850
219851
219852
219853
219854
219855
219856
219857
219858
219859
219860
219861
219862
219863
219864
219865
219866
219867
219868
219869
219870
219871
219872
219873
219874
219875
219876
219877
219878
219879
219880
219881
219882
219883
219884
219885
219886
219887
219888
219889
219890
219891
219892
219893
220481
220482
220483
220484
220485
220486
220487
220488
220489
220490
220491
220492
220493
220494
220495
220496
220497
220498
220499
220500
220501
220502
220503
220504
220505
220506
220507
220508
220509
220510
220511
220512
220513
220514
220515
220516
220517
220518
220519
220520
220521
220522
220523
220524
220525
220526
220527
220528
220529
220530
220531
220532
220533
221121
221122
221123
221124
221125
221126
221127
221128
221129
221130
221131
221132
221133
221134
221135
221136
221137
221138
221139
221140
221141
221142
221143
221144
221145
221146
221147
221148
221149
221150
221151
221152
221153
221154
221155
221156
221157
221158
221159
221160
221161
221162
221163
221164
221165
221166
221167
221168
221169
221170
221171
221172
221173
221761
221762
221763
221764
221765
221766
221767
221768
221769
221770
221771
221772
221773
221774
221775
221776
221777
221778
221779
221780
221781
221782
221783
221784
221785
221786
221787
221788
221789
221790
221791
221792
221793
221794
221795
221796
221797
221798
221799
221800
221801
221802
221803
221804
221805
221806
221807
221808
221809
221810
221811
221812
221813
221814
222401
222402
222403
222404
222405
222406
222407
222408
222409
222410
222411
222412
222413
222414
222415
222416
222417
222418
222419
222420
222421
222422
222423
222424
222425
222426
222427
222428
222429
222430
222431
222432
222433
222434
222435
222436
222437
222438
222439
222440
222441
222442
222443
222444
222445
222446
222447
222448
222449
222450
222451
222452
222453
222454
223042
223043
223044
223045
223046
223047
223048
223049
223050
223051
223052
223053
223054
223055
223056
223057
223058
223059
223060
223061
223062
223063
223064
223065
223066
223067
223068
223069
223070
223071
223072
223073
223074
223075
223076
223077
223078
223079
223080
223081
223082
223083
223084
223085
223086
223087
223088
223089
223090
223091
223092
223093
223094
223682
223683
223684
223685
223686
223687
223688
223689
223690
223691
223692
223693
223694
223695
223696
223697
223698
223699
223700
223701
223702
223703
223704
223705
223706
223707
223708
223709
223710
223711
223712
223713
223714
223715
223716
223717
223718
223719
223720
223721
223722
223723
223724
223725
223726
223727
223728
223729
223730
223731
223732
223733
223734
224322
224323
224324
224325
224326
224327
224328
224329
224330
224331
224332
224333
224334
224335
224336
224337
224338
224339
224340
224341
224342
224343
224344
224345
224346
224347
224348
224349
224350
224351
224352
224353
224354
224355
224356
224357
224358
224359
224360
224361
224362
224363
224364
224365
224366
224367
224368
224369
224370
224371
224372
224962
224963
224964
224965
224966
224967
224968
224969
224970
224971
224972
224973
224974
224975
224976
224977
224978
224979
224980
224981
224982
224983
224984
224985
224986
224987
224988
224989
224990
224991
224992
224993
224994
224995
224996
224997
224998
224999
225000
225001
225002
225003
225004
225005
225006
225007
225008
225009
225010
225011
225012
225603
225604
225605
225606
225607
225608
225609
225610
225611
225612
225613
225614
225615
225616
225617
225618
225619
225620
225621
225622
225623
225624
225625
225626
225627
225628
225629
225630
225631
225632
225633
225634
225635
225636
225637
225638
225639
225640
225641
225642
225643
225644
225645
225646
225647
225648
225649
225650
225651
225652
226243
226244
226245
226246
226247
226248
226249
226250
226251
226252
226253
226254
226255
226256
226257
226258
226259
226260
226261
226262
226263
226264
226265
226266
226267
226268
226269
226270
226271
226272
226273
226274
226275
226276
226277
226278
226279
226280
226281
226282
226283
226284
226285
226286
226287
226288
226289
226290
226291
226292
226293
226294
226884
226885
226886
226887
226888
226889
226890
226891
226892
226893
226894
226895
226896
226897
226898
226899
226900
226901
226902
226903
226904
226905
226906
226907
226908
226909
226910
226911
226912
226913
226914
226915
226916
226917
226918
226919
226920
226921
226922
226923
226924
226925
226926
226927
226928
226929
226930
226931
226932
226933
226934
227523
227524
227525
227526
227527
227528
227529
227530
227531
227532
227533
227534
227535
227536
227537
227538
227539
227540
227541
227542
227543
227544
227545
227546
227547
227548
227549
227550
227551
227552
227553
227554
227555
227556
227557
227558
227559
227560
227561
227562
227563
227564
227565
227566
227567
227568
227569
227570
227571
227572
227573
227574
228163
228164
228165
228166
228167
228168
228169
228170
228171
228172
228173
228174
228175
228176
228177
228178
228179
228180
228181
228182
228183
228184
228185
228186
228187
228188
228189
228190
228191
228192
228193
228194
228195
228196
228197
228198
228199
228200
228201
228202
228203
228204
228205
228206
228207
228208
228209
228210
228211
228212
228213
228803
228804
228805
228806
228807
228808
228809
228810
228811
228812
228813
228814
228815
228816
228817
228818
228819
228820
228821
228822
228823
228824
228825
228826
228827
228828
228829
228830
228831
228832
228833
228834
228835
228836
228837
228838
228839
228840
228841
228842
228843
228844
228845
228846
228847
228848
228849
228850
228851
228852
228853
228854
229443
229444
229445
229446
229447
229448
229449
229450
229451
229452
229453
229454
229455
229456
229457
229458
229459
229460
229461
229462
229463
229464
229465
229466
229467
229468
229469
229470
229471
229472
229473
229474
229475
229476
229477
229478
229479
229480
229481
229482
229483
229484
229485
229486
229487
229488
229489
229490
229491
229492
229493
229494
230083
230084
230085
230086
230087
230088
230089
230090
230091
230092
230093
230094
230095
230096
230097
230098
230099
230100
230101
230102
230103
230104
230105
230106
230107
230108
230109
230110
230111
230112
230113
230114
230115
230116
230117
230118
230119
230120
230121
230122
230123
230124
230125
230126
230127
230128
230129
230130
230131
230132
230133
230134
230723
230724
230725
230726
230727
230728
230729
230730
230731
230732
230733
230734
230735
230736
230737
230738
230739
230740
230741
230742
230743
230744
230745
230746
230747
230748
230749
230750
230751
230752
230753
230754
230755
230756
230757
230758
230759
230760
230761
230762
230763
230764
230765
230766
230767
230768
230769
230770
230771
230772
230773
230774
231363
231364
231365
231366
231367
231368
231369
231370
231371
231372
231373
231374
231375
231376
231377
231378
231379
231380
231381
231382
231383
231384
231385
231386
231387
231388
231389
231390
231391
231392
231393
231394
231395
231396
231397
231398
231399
231400
231401
231402
231403
231404
231405
231406
231407
231408
231409
231410
231411
231412
231413
231414
232003
232004
232005
232006
232007
232008
232009
232010
232011
232012
232013
232014
232015
232016
232017
232018
232019
232020
232021
232022
232023
232024
232025
232026
232027
232028
232029
232030
232031
232032
232033
232034
232035
232036
232037
232038
232039
232040
232041
232042
232043
232044
232045
232046
232047
232048
232049
232050
232051
232052
232053
232054
232055
232644
232645
232646
232647
232648
232649
232650
232651
232652
232653
232654
232655
232656
232657
232658
232659
232660
232661
232662
232663
232664
232665
232666
232667
232668
232669
232670
232671
232672
232673
232674
232675
232676
232677
232678
232679
232680
232681
232682
232683
232684
232685
232686
232693
232694
232695
233285
233286
233287
233288
233289
233290
233291
233292
233293
233294
233295
233296
233297
233298
233299
233300
233301
233302
233303
233304
233305
233306
233307
233308
233309
233310
233311
233312
233313
233314
233315
233316
233317
233318
233319
233320
233321
233322
233323
233324
233325
233926
233927
233928
233929
233930
233931
233932
233933
233934
233935
233936
233937
233938
233939
233940
233941
233942
233943
233944
233945
233946
233947
233948
233949
233950
233951
233952
233953
233954
233955
233956
233957
233958
233959
233960
233961
233962
233963
233964
233965
233966
234565
234566
234567
234568
234569
234570
234571
234572
234573
234574
234575
234576
234577
234578
234579
234580
234581
234582
234583
234584
234585
234586
234587
234588
234589
234590
234591
234592
234593
234594
234595
234596
234597
234598
234599
234600
234601
234602
234603
234604
234605
234606
235205
235206
235207
235208
235209
235210
235211
235212
235213
235214
235215
235216
235217
235218
235219
235220
235221
235222
235223
235224
235225
235226
235227
235228
235229
235230
235231
235232
235233
235234
235235
235236
235237
235238
235239
235240
235241
235242
235243
235244
235245
235246
235845
235846
235847
235848
235849
235850
235851
235852
235853
235854
235855
235856
235857
235858
235859
235860
235861
235862
235863
235864
235865
235866
235867
235868
235869
235870
235871
235872
235873
235874
235875
235876
235877
235878
235879
235880
235881
235882
235883
235884
235885
235886
235892
235893
235894
236485
236486
236487
236488
236489
236490
236491
236492
236493
236494
236495
236496
236497
236498
236499
236500
236501
236502
236503
236504
236505
236506
236507
236508
236509
236510
236511
236512
236513
236514
236515
236516
236517
236518
236519
236520
236521
236522
236523
236524
236525
236526
236527
236528
236529
236530
236531
236532
236533
236534
236535
237125
237126
237127
237128
237129
237130
237131
237132
237133
237134
237135
237136
237137
237138
237139
237140
237141
237142
237143
237144
237145
237146
237147
237148
237149
237150
237151
237152
237153
237154
237155
237156
237157
237158
237159
237160
237161
237162
237163
237164
237165
237166
237167
237168
237169
237170
237171
237172
237173
237174
237175
237176
237765
237766
237767
237768
237769
237770
237771
237772
237773
237774
237775
237776
237777
237778
237779
237780
237781
237782
237783
237784
237785
237786
237787
237788
237789
237790
237791
237792
237793
237794
237795
237796
237797
237798
237799
237800
237801
237802
237803
237804
237805
237806
237807
237808
237809
237810
237811
237812
237813
237814
237815
237816
237817
238405
238406
238407
238408
238409
238410
238411
238412
238413
238414
238415
238416
238417
238418
238419
238420
238421
238422
238423
238424
238425
238426
238427
238428
238429
238430
238431
238432
238433
238434
238435
238436
238437
238438
238439
238440
238441
238442
238443
238444
238445
238446
238447
238448
238449
238450
238451
238452
238453
238454
238455
238456
238457
238458
239045
239046
239047
239048
239049
239050
239051
239052
239053
239054
239055
239056
239057
239058
239059
239060
239061
239062
239063
239064
239065
239066
239067
239068
239069
239070
239071
239072
239073
239074
239075
239076
239077
239078
239079
239080
239081
239082
239083
239084
239085
239086
239087
239088
239089
239090
239091
239092
239093
239094
239095
239096
239097
239098
239685
239686
239687
239688
239689
239690
239691
239692
239693
239694
239695
239696
239697
239698
239699
239700
239701
239702
239703
239704
239705
239706
239707
239708
239709
239710
239711
239712
239713
239714
239715
239716
239717
239718
239719
239720
239721
239722
239723
239724
239725
239726
239727
239728
239729
239730
239731
239732
239733
239734
239735
239736
239737
240328
240329
240330
240331
240332
240333
240334
240335
240336
240337
240338
240339
240340
240341
240342
240343
240344
240345
240346
240347
240348
240349
240350
240351
240352
240353
240354
240355
240356
240357
240358
240359
240360
240361
240362
240363
240364
240365
240366
240367
240368
240369
240370
240371
240372
240373
240374
240375
240376
240968
240969
240970
240971
240972
240973
240974
240975
240976
240977
240978
240979
240980
240981
240982
240983
240984
240985
240986
240987
240988
240989
240990
240991
240992
240993
240994
240995
240996
240997
240998
240999
241000
241001
241002
241003
241004
241005
241006
241007
241008
241009
241010
241011
241012
241013
241014
241607
241608
241609
241610
241611
241612
241613
241614
241615
241616
241617
241618
241619
241620
241621
241622
241623
241624
241625
241626
241627
241628
241629
241630
241631
241632
241633
241634
241635
241636
241637
241638
241639
241640
241641
241642
241643
241644
241645
241646
241647
241648
241649
241650
241651
241652
241653
241654
242247
242248
242249
242250
242251
242252
242253
242254
242255
242256
242257
242258
242259
242260
242261
242262
242263
242264
242265
242266
242267
242268
242269
242270
242271
242272
242273
242274
242275
242276
242277
242278
242279
242280
242281
242282
242283
242284
242285
242286
242287
242288
242289
242290
242291
242292
242293
242294
242887
242888
242889
242890
242891
242892
242893
242894
242895
242896
242897
242898
242899
242900
242901
242902
242903
242904
242905
242906
242907
242908
242909
242910
242911
242912
242913
242914
242915
242916
242917
242918
242919
242920
242921
242922
242923
242924
242925
242926
242927
242928
242929
242930
242931
242932
242933
242934
243526
243527
243528
243529
243530
243531
243532
243533
243534
243535
243536
243537
243538
243539
243540
243541
243542
243543
243544
243545
243546
243547
243548
243549
243550
243551
243552
243553
243554
243555
243556
243557
243558
243559
243560
243561
243562
243563
243564
243565
243566
243567
243568
243569
243570
243571
243572
243573
243574
244166
244167
244168
244169
244170
244171
244172
244173
244174
244175
244176
244177
244178
244179
244180
244181
244182
244183
244184
244185
244186
244187
244188
244189
244190
244191
244192
244193
244194
244195
244196
244197
244198
244199
244200
244201
244202
244203
244204
244205
244206
244207
244208
244209
244210
244211
244212
244213
244214
244806
244807
244808
244809
244810
244811
244812
244813
244814
244815
244816
244817
244818
244819
244820
244821
244822
244823
244824
244825
244826
244827
244828
244829
244830
244831
244832
244833
244834
244835
244836
244837
244838
244839
244840
244841
244842
244843
244844
244845
244846
244847
244848
244849
244850
244851
244852
244853
244854
244855
245446
245447
245448
245449
245450
245451
245452
245453
245454
245455
245456
245457
245458
245459
245460
245461
245462
245463
245464
245465
245466
245467
245468
245469
245470
245471
245472
245473
245474
245475
245476
245477
245478
245479
245480
245481
245482
245483
245484
245485
245486
245487
245488
245489
245490
245491
245492
245493
245494
245495
246086
246087
246088
246089
246090
246091
246092
246093
246094
246095
246096
246097
246098
246099
246100
246101
246102
246103
246104
246105
246106
246107
246108
246109
246110
246111
246112
246113
246114
246115
246116
246117
246118
246119
246120
246121
246122
246123
246124
246125
246126
246127
246128
246129
246130
246131
246132
246133
246134
246135
246136
246726
246727
246728
246729
246730
246731
246732
246733
246734
246735
246736
246737
246738
246739
246740
246741
246742
246743
246744
246745
246746
246747
246748
246749
246750
246751
246752
246753
246754
246755
246756
246757
246758
246759
246760
246761
246762
246763
246764
246765
246766
246767
246768
246769
246770
246771
246772
246773
246774
246775
246776
247366
247367
247368
247369
247370
247371
247372
247373
247374
247375
247376
247377
247378
247379
247380
247381
247382
247383
247384
247385
247386
247387
247388
247389
247390
247391
247392
247393
247394
247395
247396
247397
247398
247399
247400
247401
247402
247403
247404
247405
247406
247407
247408
247409
247410
247411
247412
247413
247414
247415
247416
248006
248007
248008
248009
248010
248011
248012
248013
248014
248015
248016
248017
248018
248019
248020
248021
248022
248023
248024
248025
248026
248027
248028
248029
248030
248031
248032
248033
248034
248035
248036
248037
248038
248039
248040
248041
248042
248043
248044
248045
248046
248047
248048
248049
248050
248051
248052
248053
248054
248055
248056
248646
248647
248648
248649
248650
248651
248652
248653
248654
248655
248656
248657
248658
248659
248660
248661
248662
248663
248664
248665
248666
248667
248668
248669
248670
248671
248672
248673
248674
248675
248676
248677
248678
248679
248680
248681
248682
248683
248684
248685
248686
248687
248688
248689
248690
248691
248692
248693
248694
248695
248696
249286
249287
249288
249289
249290
249291
249292
249293
249294
249295
249296
249297
249298
249299
249300
249301
249302
249303
249304
249305
249306
249307
249308
249309
249310
249311
249312
249313
249314
249315
249316
249317
249318
249319
249320
249321
249322
249323
249324
249325
249326
249327
249328
249329
249330
249331
249332
249333
249334
249335
249925
249926
249927
249928
249929
249930
249931
249932
249933
249934
249935
249936
249937
249938
249939
249940
249941
249942
249943
249944
249945
249946
249947
249948
249949
249950
249951
249952
249953
249954
249955
249956
249957
249958
249959
249960
249961
249962
249963
249964
249965
249966
249967
249968
249969
249970
249971
249972
249973
249974
249975
249976
250565
250566
250567
250568
250569
250570
250571
250572
250573
250574
250575
250576
250577
250578
250579
250580
250581
250582
250583
250584
250585
250586
250587
250588
250589
250590
250591
250592
250593
250594
250595
250596
250597
250598
250599
250600
250601
250602
250603
250604
250605
250606
250607
250608
250609
250610
250611
250612
250613
250614
250615
250616
251207
251208
251209
251210
251211
251212
251213
251214
251215
251216
251217
251218
251219
251220
251221
251222
251223
251224
251225
251226
251227
251228
251229
251230
251231
251232
251233
251234
251235
251236
251237
251238
251239
251240
251241
251242
251243
251244
251245
251246
251247
251248
251249
251250
251251
251252
251253
251254
251255
251256
251848
251849
251850
251851
251852
251853
251854
251855
251856
251857
251858
251859
251860
251861
251862
251863
251864
251865
251866
251867
251868
251869
251870
251871
251872
251873
251874
251875
251876
251877
251878
251879
251880
251881
251882
251883
251884
251885
251886
251887
251888
251889
251890
251891
251892
251893
251894
251895
251896
252488
252489
252490
252491
252492
252493
252494
252495
252496
252497
252498
252499
252500
252501
252502
252503
252504
252505
252506
252507
252508
252509
252510
252511
252512
252513
252514
252515
252516
252517
252518
252519
252520
252521
252522
252523
252524
252525
252526
252527
252528
252529
252530
252531
252532
252533
252534
252535
252536
253128
253129
253130
253131
253132
253133
253134
253135
253136
253137
253138
253139
253140
253141
253142
253143
253144
253145
253146
253147
253148
253149
253150
253151
253152
253153
253154
253155
253156
253157
253158
253159
253160
253161
253162
253163
253164
253165
253166
253167
253168
253169
253170
253171
253172
253173
253174
253175
253176
253768
253769
253770
253771
253772
253773
253774
253775
253776
253777
253778
253779
253780
253781
253782
253783
253784
253785
253786
253787
253788
253789
253790
253791
253792
253793
253794
253795
253796
253797
253798
253799
253800
253801
253802
253803
253804
253805
253806
253807
253808
253809
253810
253811
253812
253813
253814
253815
253816
254409
254410
254411
254412
254413
254414
254415
254416
254417
254418
254419
254420
254421
254422
254423
254424
254425
254426
254427
254428
254429
254430
254431
254432
254433
254434
254435
254436
254437
254438
254439
254440
254441
254442
254443
254444
254445
254446
254447
254448
254449
254450
254451
254452
254453
254454
254455
254456
255049
255050
255051
255052
255053
255054
255055
255056
255057
255058
255059
255060
255061
255062
255063
255064
255065
255066
255067
255068
255069
255070
255071
255072
255073
255074
255075
255076
255077
255078
255079
255080
255081
255082
255083
255084
255085
255086
255087
255088
255089
255090
255091
255092
255093
255094
255095
255689
255690
255691
255692
255693
255694
255695
255696
255697
255698
255699
255700
255701
255702
255703
255704
255705
255706
255707
255708
255709
255710
255711
255712
255713
255714
255715
255716
255717
255718
255719
255720
255721
255722
255723
255724
255725
255726
255727
255728
255729
255730
255731
255732
255733
255734
255735
256329
256330
256331
256332
256333
256334
256335
256336
256337
256338
256339
256340
256341
256342
256343
256344
256345
256346
256347
256348
256349
256350
256351
256352
256353
256354
256355
256356
256357
256358
256359
256360
256361
256362
256363
256364
256365
256366
256367
256368
256369
256370
256371
256372
256373
256374
256376
256377
256969
256970
256971
256972
256973
256974
256975
256976
256977
256978
256979
256980
256981
256982
256983
256984
256985
256986
256987
256988
256989
256990
256991
256992
256993
256994
256995
256996
256997
256998
256999
257000
257001
257002
257003
257004
257005
257006
257007
257008
257009
257010
257011
257012
257013
257014
257015
257016
257017
257611
257612
257613
257614
257615
257616
257617
257618
257619
257620
257621
257622
257623
257624
257625
257626
257627
257628
257629
257630
257631
257632
257633
257634
257635
257636
257637
257638
257639
257640
257641
257642
257643
257644
257645
257646
257647
257648
257649
257650
257651
257652
257653
257654
257655
257656
257657
258250
258251
258252
258253
258254
258255
258256
258257
258258
258259
258260
258261
258262
258263
258264
258265
258266
258267
258268
258269
258270
258271
258272
258273
258274
258275
258276
258277
258278
258279
258280
258281
258282
258283
258284
258285
258286
258287
258288
258289
258290
258291
258292
258293
258294
258295
258296
258297
258890
258891
258892
258893
258894
258895
258896
258897
258898
258899
258900
258901
258902
258903
258904
258905
258906
258907
258908
258909
258910
258911
258912
258913
258914
258915
258916
258917
258918
258919
258920
258921
258922
258923
258924
258925
258926
258927
258928
258929
258930
258931
258932
258933
258934
258935
258936
259532
259533
259534
259535
259536
259537
259538
259539
259540
259541
259542
259543
259544
259545
259546
259547
259548
259549
259550
259551
259552
259553
259554
259555
259556
259557
259558
259559
259560
259561
259562
259563
259564
259565
259566
259567
259568
259569
259570
259571
259572
259573
259574
259575
259576
260172
260173
260174
260175
260176
260177
260178
260179
260180
260181
260182
260183
260184
260185
260186
260187
260188
260189
260190
260191
260192
260193
260194
260195
260196
260197
260198
260199
260200
260201
260202
260203
260204
260205
260206
260207
260208
260209
260210
260211
260212
260213
260214
260215
260216
260815
260816
260817
260818
260819
260820
260821
260822
260823
260824
260825
260826
260827
260828
260829
260830
260831
260832
260833
260834
260835
260836
260837
260838
260839
260840
260841
260842
260843
260844
260845
260846
260847
260848
260849
260850
260851
260852
260853
260854
260855
260856
261455
261456
261457
261458
261459
261460
261461
261462
261463
261464
261465
261466
261467
261468
261469
261470
261471
261472
261473
261474
261475
261476
261477
261478
261479
261480
261481
261482
261483
261484
261485
261486
261487
261488
261489
261490
261491
261492
261493
261494
261495
261496
261497
262100
262101
262102
262103
262104
262105
262106
262107
262108
262109
262110
262111
262112
262113
262114
262115
262116
262117
262118
262119
262120
262121
262122
262123
262124
262125
262126
262127
262128
262129
262130
262131
262132
262133
262134
262135
262136
262137
262138
262740
262741
262742
262743
262744
262745
262746
262747
262748
262749
262750
262751
262752
262753
262754
262755
262756
262757
262758
262759
262760
262761
262762
262763
262764
262765
262766
262767
262768
262769
262770
262771
262772
262773
262774
262775
262776
262777
263380
263381
263382
263383
263384
263385
263386
263387
263388
263389
263390
263391
263392
263393
263394
263395
263396
263397
263398
263399
263400
263401
263402
263403
263404
263405
263406
263407
263408
263409
263410
263411
263412
263413
263414
263415
263416
263417
264020
264021
264022
264023
264024
264025
264026
264027
264028
264029
264030
264031
264032
264033
264034
264035
264036
264037
264038
264039
264040
264041
264042
264043
264044
264045
264046
264047
264048
264049
264050
264051
264052
264053
264054
264055
264056
264057
264058
264660
264661
264662
264663
264664
264665
264666
264667
264668
264669
264670
264671
264672
264673
264674
264675
264676
264677
264678
264679
264680
264681
264682
264683
264684
264685
264686
264687
264688
264689
264690
264691
264692
264693
264694
264695
264696
264697
264698
265300
265301
265302
265303
265304
265305
265306
265307
265308
265309
265310
265311
265312
265313
265314
265315
265316
265317
265318
265319
265320
265321
265322
265323
265324
265325
265326
265327
265328
265329
265330
265331
265332
265333
265334
265335
265336
265337
265941
265942
265943
265944
265945
265946
265947
265948
265949
265950
265951
265952
265953
265954
265955
265956
265957
265958
265959
265960
265961
265962
265963
265964
265965
265966
265967
265968
265969
265970
265971
265972
265973
265974
265975
265976
265977
266582
266583
266584
266585
266586
266587
266588
266589
266590
266591
266592
266593
266594
266595
266596
266597
266598
266599
266600
266601
266602
266603
266604
266605
266606
266607
266608
266609
266610
266611
266612
266613
266614
266615
266616
267223
267224
267225
267226
267227
267228
267229
267230
267231
267232
267233
267234
267235
267236
267237
267238
267239
267240
267241
267242
267243
267244
267245
267246
267247
267248
267249
267250
267251
267252
267253
267254
267255
267862
267863
267864
267865
267866
267867
267868
267869
267870
267871
267872
267873
267874
267875
267876
267877
267878
267879
267880
267881
267882
267883
267884
267885
267886
267887
267888
267889
267890
267891
267892
267893
267894
268501
268502
268503
268504
268505
268506
268507
268508
268509
268510
268511
268512
268513
268514
268515
268516
268517
268518
268519
268520
268521
268522
268523
268524
268525
268526
268527
268528
268529
268530
268531
268532
268533
269140
269141
269142
269143
269144
269145
269146
269147
269148
269149
269150
269151
269152
269153
269154
269155
269156
269157
269158
269159
269160
269161
269162
269163
269164
269165
269166
269167
269168
269169
269170
269171
269780
269781
269782
269783
269784
269785
269786
269787
269788
269789
269790
269791
269792
269793
269794
269795
269796
269797
269798
269799
269800
269801
269802
269803
269804
269805
269806
269807
269808
270420
270421
270422
270423
270424
270425
270426
270427
270428
270429
270430
270431
270432
270433
270436
270437
270438
270439
270440
270441
270442
271060
271061
271062
271063
271064
271065
271066
271067
271068
271069
271070
271071
271072
271073
271700
271701
271702
271703
271704
271705
271711
272330
272331
272332
272340
272341
272342
272971
272972
272973
