173067
173068
173069
173070
173071
173072
173073
173074
173075
173076
173077
173078
173079
173080
173081
173082
173083
173084
173085
173086
173087
173088
173089
173094
173095
173096
173097
173098
173099
173100
173101
173102
173103
173104
173105
173106
173107
173108
173707
173708
173709
173710
173711
173712
173713
173714
173715
173716
173717
173718
173719
173720
173721
173722
173723
173724
173725
173726
173727
173728
173729
173734
173735
173736
173737
173738
173739
173740
173741
173742
173743
173744
173745
173746
173747
173748
174347
174348
174349
174350
174351
174352
174353
174354
174355
174356
174357
174358
174359
174360
174361
174362
174363
174364
174365
174366
174367
174368
174369
174370
174371
174372
174374
174375
174376
174377
174378
174379
174380
174381
174382
174383
174384
174385
174386
174387
174388
174392
174393
174394
174395
174396
174397
174398
174399
174400
174401
174989
174990
174991
174992
174993
174994
174995
174996
174997
174998
174999
175000
175001
175002
175003
175004
175005
175006
175007
175008
175009
175010
175011
175012
175014
175015
175016
175017
175018
175019
175020
175021
175022
175023
175024
175025
175026
175027
175029
175030
175031
175032
175033
175034
175035
175036
175037
175038
175039
175040
175041
175629
175630
175631
175632
175633
175634
175635
175636
175637
175638
175639
175640
175641
175642
175643
175644
175645
175646
175647
175648
175649
175650
175651
175652
175654
175655
175656
175657
175658
175659
175660
175661
175662
175663
175664
175665
175666
175667
175669
175670
175671
175672
175673
175674
175675
175676
175677
175678
175679
175680
176269
176270
176271
176272
176273
176274
176275
176276
176277
176278
176279
176280
176281
176282
176283
176284
176285
176286
176287
176288
176289
176290
176291
176292
176293
176294
176295
176296
176297
176298
176299
176300
176301
176302
176303
176304
176305
176306
176307
176308
176309
176310
176311
176312
176313
176314
176315
176316
176317
176318
176319
176909
176910
176911
176912
176913
176914
176915
176916
176917
176918
176919
176920
176921
176922
176923
176924
176925
176926
176927
176928
176929
176930
176931
176932
176933
176934
176935
176936
176937
176938
176939
176940
176941
176942
176943
176944
176945
176946
176947
176948
176949
176950
176951
176952
176953
176954
176955
176956
177549
177550
177551
177552
177553
177554
177555
177556
177557
177558
177559
177560
177561
177562
177563
177564
177565
177566
177567
177568
177569
177570
177571
177572
177573
177574
177575
177576
177577
177578
177579
177580
177581
177582
177583
177584
177585
177586
177587
177588
177589
177590
177591
177592
177593
177594
177595
177596
177597
177598
178189
178190
178191
178192
178193
178194
178195
178196
178197
178198
178199
178200
178201
178202
178203
178204
178205
178206
178207
178208
178209
178210
178211
178212
178213
178214
178215
178216
178217
178218
178219
178220
178221
178222
178223
178224
178225
178226
178227
178228
178229
178230
178231
178232
178233
178234
178235
178236
178237
178238
178829
178830
178831
178832
178833
178834
178835
178836
178837
178838
178839
178840
178841
178842
178843
178844
178845
178846
178847
178848
178849
178850
178851
178852
178853
178854
178855
178856
178857
178858
178859
178860
178861
178862
178863
178864
178865
178866
178867
178868
178869
178870
178871
178872
178873
178874
178875
178876
178877
178878
178879
178880
179469
179470
179471
179472
179473
179474
179475
179476
179477
179478
179479
179480
179481
179482
179483
179484
179485
179486
179487
179488
179489
179490
179491
179492
179493
179494
179495
179496
179497
179498
179499
179500
179501
179502
179503
179504
179505
179506
179507
179508
179509
179510
179511
179512
179513
179514
179515
179516
179517
179518
179519
179520
180109
180110
180111
180112
180113
180114
180115
180116
180117
180118
180119
180120
180121
180122
180123
180124
180125
180126
180127
180128
180129
180130
180131
180132
180133
180134
180135
180136
180137
180138
180139
180140
180141
180142
180143
180144
180145
180146
180147
180148
180149
180150
180151
180152
180153
180154
180155
180156
180157
180158
180159
180160
180748
180749
180750
180751
180752
180753
180754
180755
180756
180757
180758
180759
180760
180761
180762
180763
180764
180765
180766
180767
180768
180769
180770
180771
180772
180773
180774
180775
180776
180777
180778
180779
180780
180781
180782
180783
180784
180785
180786
180787
180788
180789
180790
180791
180792
180793
180794
180795
180796
180797
180798
180799
180800
180801
181388
181389
181390
181391
181392
181393
181394
181395
181396
181397
181398
181399
181400
181401
181402
181403
181404
181405
181406
181407
181408
181409
181410
181411
181412
181413
181414
181415
181416
181417
181418
181420
181421
181422
181423
181424
181425
181426
181427
181428
181429
181430
181431
181432
181433
181434
181435
181436
181437
181438
181439
181440
181441
182029
182030
182031
182032
182033
182034
182035
182036
182037
182038
182039
182040
182041
182042
182043
182044
182045
182046
182047
182048
182049
182050
182051
182052
182053
182054
182055
182056
182057
182058
182059
182061
182062
182063
182064
182065
182066
182067
182068
182069
182070
182071
182072
182073
182074
182075
182076
182077
182078
182079
182080
182081
182082
182669
182670
182671
182672
182673
182674
182675
182676
182677
182678
182679
182680
182681
182682
182683
182684
182685
182686
182687
182688
182689
182690
182691
182692
182693
182694
182695
182696
182697
182698
182699
182710
182711
182712
182713
182714
182715
182716
182717
182718
182719
182720
182721
182722
183309
183310
183311
183312
183313
183314
183315
183316
183317
183318
183319
183320
183321
183322
183323
183324
183325
183326
183327
183328
183329
183330
183331
183332
183333
183334
183335
183336
183337
183338
183339
183340
183341
183350
183351
183352
183353
183354
183355
183356
183357
183358
183359
183360
183361
183362
183949
183950
183951
183952
183953
183954
183955
183956
183957
183958
183959
183960
183961
183962
183963
183964
183965
183966
183967
183968
183969
183970
183971
183972
183973
183974
183975
183976
183977
183978
183979
183980
183981
183989
183990
183991
183992
183993
183994
183995
183996
183997
183998
183999
184000
184001
184589
184590
184591
184592
184593
184594
184595
184596
184597
184598
184599
184600
184601
184602
184603
184604
184605
184606
184607
184608
184609
184610
184611
184612
184613
184614
184615
184616
184617
184618
184619
184620
184621
184622
184623
184624
184629
184630
184631
184632
184633
184634
184635
184636
184637
184638
184639
184640
184641
185229
185230
185231
185232
185233
185234
185235
185236
185237
185238
185239
185240
185241
185242
185243
185244
185245
185246
185247
185248
185249
185250
185251
185252
185253
185254
185255
185256
185257
185258
185259
185260
185261
185262
185263
185264
185269
185270
185271
185272
185273
185274
185275
185276
185277
185278
185279
185280
185281
185869
185870
185871
185872
185873
185874
185875
185876
185877
185878
185879
185880
185881
185882
185883
185884
185885
185886
185887
185888
185889
185890
185891
185892
185893
185894
185895
185896
185897
185898
185899
185900
185901
185902
185903
185904
185909
185910
185911
185912
185913
185914
185915
185916
185917
185918
185919
185920
186509
186510
186511
186512
186513
186514
186515
186516
186517
186518
186519
186520
186521
186522
186523
186524
186525
186526
186527
186528
186529
186530
186531
186532
186533
186534
186535
186536
186537
186538
186539
186540
186541
186542
186543
186544
186545
186549
186550
186551
186552
186553
186554
186555
186556
186557
186558
186559
186560
187149
187150
187151
187152
187153
187154
187155
187156
187157
187158
187159
187160
187161
187162
187163
187164
187165
187166
187167
187168
187169
187170
187171
187172
187173
187174
187175
187176
187177
187178
187179
187180
187181
187182
187183
187184
187185
187188
187189
187190
187191
187192
187193
187194
187195
187196
187197
187198
187199
187200
187789
187790
187791
187792
187793
187794
187795
187796
187797
187798
187799
187800
187801
187802
187803
187804
187805
187806
187807
187808
187809
187810
187811
187812
187813
187814
187815
187816
187817
187818
187819
187820
187821
187822
187823
187824
187825
187826
187827
187828
187829
187830
187831
187832
187833
187834
187835
187836
187837
187838
187839
187840
187841
187842
187843
188429
188430
188431
188432
188433
188434
188435
188436
188437
188438
188439
188440
188441
188442
188443
188444
188445
188446
188447
188448
188449
188450
188451
188452
188453
188454
188455
188456
188457
188458
188459
188460
188461
188462
188463
188464
188465
188466
188467
188468
188469
188470
188471
188472
188473
188474
188475
188476
188477
188478
188479
188480
188481
188482
188483
189069
189070
189071
189072
189073
189074
189075
189076
189077
189078
189079
189080
189081
189082
189083
189084
189085
189086
189087
189088
189089
189090
189091
189092
189093
189094
189095
189096
189097
189098
189099
189100
189101
189102
189103
189104
189105
189106
189107
189108
189109
189110
189111
189112
189113
189114
189115
189116
189117
189118
189119
189120
189121
189122
189711
189712
189713
189714
189715
189716
189717
189718
189719
189720
189721
189722
189723
189724
189725
189726
189727
189728
189729
189730
189731
189732
189733
189734
189735
189736
189737
189738
189739
189740
189741
189742
189743
189744
189745
189746
189747
189748
189749
189750
189751
189752
189753
189754
189755
189756
189757
189758
189759
189760
189761
189762
189763
190349
190350
190351
190352
190353
190354
190355
190356
190357
190358
190359
190360
190361
190362
190363
190364
190365
190366
190367
190368
190369
190370
190371
190372
190373
190374
190375
190376
190377
190378
190379
190380
190381
190382
190383
190384
190385
190386
190387
190388
190389
190390
190391
190392
190393
190394
190395
190396
190397
190398
190399
190400
190401
190402
190403
190404
190989
190990
190991
190992
190993
190994
190995
190996
190997
190998
190999
191000
191001
191002
191003
191004
191005
191006
191007
191008
191009
191010
191011
191012
191013
191014
191015
191016
191017
191018
191019
191020
191021
191022
191023
191024
191025
191026
191027
191028
191029
191030
191031
191032
191033
191034
191035
191036
191037
191038
191039
191040
191041
191042
191043
191044
191629
191630
191631
191632
191633
191634
191635
191636
191637
191638
191639
191640
191641
191642
191643
191644
191645
191646
191647
191648
191649
191650
191651
191652
191653
191654
191655
191656
191657
191658
191659
191660
191661
191662
191663
191664
191665
191666
191667
191668
191669
191670
191671
191672
191673
191674
191675
191676
191677
191678
191679
191680
191681
191682
191683
191684
192270
192271
192272
192273
192274
192275
192276
192277
192278
192279
192280
192281
192282
192283
192284
192285
192286
192287
192288
192289
192290
192291
192292
192293
192294
192295
192296
192297
192298
192299
192300
192301
192302
192303
192304
192305
192306
192307
192308
192309
192310
192311
192312
192313
192314
192315
192316
192317
192318
192319
192320
192321
192322
192323
192324
192909
192910
192911
192912
192913
192914
192915
192916
192917
192918
192919
192920
192921
192922
192923
192924
192925
192926
192927
192928
192929
192930
192931
192932
192933
192934
192935
192936
192937
192938
192939
192940
192941
192942
192943
192944
192945
192946
192947
192948
192949
192950
192951
192952
192953
192954
192955
192956
192957
192958
192959
192960
192961
192962
192963
192964
193549
193550
193551
193552
193553
193554
193555
193556
193557
193558
193559
193560
193561
193562
193563
193564
193565
193566
193567
193568
193569
193570
193571
193572
193573
193574
193575
193576
193577
193578
193579
193580
193581
193582
193583
193584
193585
193586
193587
193588
193589
193590
193591
193592
193593
193594
193595
193596
193597
193598
193599
193600
193601
193602
193603
193604
194189
194190
194191
194192
194193
194194
194195
194196
194197
194198
194199
194200
194201
194202
194203
194204
194205
194206
194207
194208
194209
194210
194211
194212
194213
194214
194215
194216
194217
194218
194219
194220
194221
194222
194223
194224
194225
194226
194227
194228
194229
194230
194231
194232
194233
194234
194235
194236
194237
194238
194239
194240
194241
194242
194243
194829
194830
194831
194832
194833
194834
194835
194836
194837
194838
194839
194840
194841
194842
194843
194844
194845
194846
194847
194848
194849
194850
194851
194852
194853
194854
194855
194856
194857
194858
194859
194860
194861
194862
194863
194864
194865
194866
194867
194868
194869
194870
194871
194872
194873
194874
194875
194876
194877
194878
194879
194880
194881
194882
194883
195469
195470
195471
195472
195473
195474
195475
195476
195477
195478
195479
195480
195481
195482
195483
195484
195485
195486
195487
195488
195489
195490
195491
195492
195493
195494
195495
195496
195497
195498
195499
195500
195501
195502
195503
195504
195505
195506
195507
195508
195509
195510
195511
195512
195513
195514
195515
195516
195517
195518
195519
195520
195521
195522
195523
196109
196110
196111
196112
196113
196114
196115
196116
196117
196118
196119
196120
196121
196122
196123
196124
196125
196126
196127
196128
196129
196130
196131
196132
196133
196134
196135
196136
196137
196138
196139
196140
196141
196142
196143
196144
196145
196146
196147
196148
196149
196150
196151
196152
196153
196154
196155
196156
196157
196158
196159
196160
196161
196162
196163
196749
196750
196751
196752
196753
196754
196755
196756
196757
196758
196759
196760
196761
196762
196763
196764
196765
196766
196767
196768
196769
196770
196771
196772
196773
196774
196775
196776
196777
196778
196779
196780
196781
196782
196783
196784
196785
196786
196787
196788
196789
196790
196791
196792
196793
196794
196795
196796
196797
196798
196799
196800
196801
196802
196803
197391
197392
197393
197394
197395
197396
197397
197398
197399
197400
197401
197402
197403
197404
197405
197406
197407
197408
197409
197410
197411
197412
197413
197414
197415
197416
197417
197418
197419
197420
197421
197422
197423
197424
197425
197426
197427
197428
197429
197430
197431
197432
197433
197434
197435
197436
197437
197438
197439
197440
197441
197442
197443
198031
198032
198033
198034
198035
198036
198037
198038
198039
198040
198041
198042
198043
198044
198045
198046
198047
198048
198049
198050
198051
198052
198053
198054
198055
198056
198057
198058
198059
198060
198061
198062
198063
198064
198065
198066
198067
198068
198069
198070
198071
198072
198073
198074
198075
198076
198077
198078
198079
198080
198081
198082
198083
198084
198671
198672
198673
198674
198675
198676
198677
198678
198679
198680
198681
198682
198683
198684
198685
198686
198687
198688
198689
198690
198691
198692
198693
198694
198695
198696
198697
198698
198699
198700
198701
198702
198703
198704
198705
198706
198707
198708
198709
198710
198711
198712
198713
198714
198715
198716
198717
198718
198719
198720
198721
198722
198723
198724
199311
199312
199313
199314
199315
199316
199317
199318
199319
199320
199321
199322
199323
199324
199325
199326
199327
199328
199329
199330
199331
199332
199333
199334
199335
199336
199337
199338
199339
199340
199341
199342
199343
199344
199345
199346
199347
199348
199349
199350
199351
199352
199353
199354
199355
199356
199357
199358
199359
199360
199361
199362
199363
199364
199951
199952
199953
199954
199955
199956
199957
199958
199959
199960
199961
199962
199963
199964
199965
199966
199967
199968
199969
199970
199971
199972
199973
199974
199975
199976
199977
199978
199979
199980
199981
199982
199983
199984
199985
199986
199987
199988
199989
199990
199991
199992
199993
199994
199995
199996
199997
199998
199999
200000
200001
200002
200003
200591
200592
200593
200594
200595
200596
200597
200598
200599
200600
200601
200602
200603
200604
200605
200606
200607
200608
200609
200610
200611
200612
200613
200614
200615
200616
200617
200618
200619
200620
200621
200622
200623
200624
200625
200626
200627
200628
200629
200630
200631
200632
200633
200634
200635
200636
200637
200638
200639
200640
200641
200642
200643
201231
201232
201233
201234
201235
201236
201237
201238
201239
201240
201241
201242
201243
201244
201245
201246
201247
201248
201249
201250
201251
201252
201253
201254
201255
201256
201257
201258
201259
201260
201261
201262
201263
201264
201265
201266
201267
201268
201269
201270
201271
201272
201273
201274
201275
201276
201277
201278
201279
201280
201281
201282
201283
201872
201873
201874
201875
201876
201877
201878
201879
201880
201881
201882
201883
201884
201885
201886
201887
201888
201889
201890
201891
201892
201893
201894
201895
201896
201897
201898
201899
201900
201901
201902
201903
201904
201905
201906
201907
201908
201909
201910
201911
201912
201913
201914
201915
201916
201917
201918
201919
201920
201921
201922
201923
202512
202513
202514
202515
202516
202517
202518
202519
202520
202521
202522
202523
202524
202525
202526
202527
202528
202529
202530
202531
202532
202533
202534
202535
202536
202537
202538
202539
202540
202541
202542
202543
202544
202545
202546
202547
202548
202549
202550
202551
202552
202553
202554
202555
202556
202557
202558
202559
202560
202561
202562
202563
202564
203152
203153
203154
203155
203156
203157
203158
203159
203160
203161
203162
203163
203164
203165
203166
203167
203168
203169
203170
203171
203172
203173
203174
203175
203176
203177
203178
203179
203180
203181
203182
203183
203184
203185
203186
203187
203188
203189
203190
203191
203192
203193
203194
203195
203196
203197
203198
203199
203200
203201
203202
203203
203204
203793
203794
203795
203796
203797
203798
203799
203800
203801
203802
203803
203804
203805
203806
203807
203808
203809
203810
203811
203812
203813
203814
203815
203816
203817
203818
203819
203820
203821
203822
203823
203824
203825
203826
203827
203828
203829
203830
203831
203832
203833
203834
203835
203836
203837
203838
203839
203840
203841
203842
203843
204434
204435
204436
204437
204438
204439
204440
204441
204442
204443
204444
204445
204446
204447
204448
204449
204450
204451
204452
204453
204454
204455
204456
204457
204458
204459
204460
204461
204462
204463
204464
204465
204466
204467
204468
204469
204470
204471
204472
204473
204474
204475
204476
204477
204478
204479
204480
204481
204482
204483
205073
205074
205075
205076
205077
205078
205079
205080
205081
205082
205083
205084
205085
205086
205087
205088
205089
205090
205091
205092
205093
205094
205095
205096
205097
205098
205099
205100
205101
205102
205103
205104
205105
205106
205107
205108
205109
205110
205111
205112
205113
205114
205115
205116
205117
205118
205119
205120
205121
205122
205123
205713
205714
205715
205716
205717
205718
205719
205720
205721
205722
205723
205724
205725
205726
205727
205728
205729
205730
205731
205732
205733
205734
205735
205736
205737
205738
205739
205740
205741
205742
205743
205744
205745
205746
205747
205748
205749
205750
205751
205752
205753
205754
205755
205756
205757
205758
205759
205760
205761
205762
205763
205764
205765
206354
206355
206356
206357
206358
206359
206360
206361
206362
206363
206364
206365
206366
206367
206368
206369
206370
206371
206372
206373
206374
206375
206376
206377
206378
206379
206380
206381
206382
206383
206384
206385
206386
206387
206388
206389
206390
206391
206392
206393
206394
206395
206396
206397
206398
206399
206400
206401
206402
206403
206404
206405
206994
206995
206996
206997
206998
206999
207000
207001
207002
207003
207004
207005
207006
207007
207008
207009
207010
207011
207012
207013
207014
207015
207016
207017
207018
207019
207020
207021
207022
207023
207024
207025
207026
207027
207028
207029
207030
207031
207032
207033
207034
207035
207036
207037
207038
207039
207040
207041
207042
207043
207044
207045
207046
207047
207048
207049
207634
207635
207636
207637
207638
207639
207640
207641
207642
207643
207644
207645
207646
207647
207648
207649
207650
207651
207652
207653
207654
207655
207656
207657
207658
207659
207660
207661
207662
207663
207664
207665
207666
207667
207668
207669
207670
207671
207672
207673
207674
207675
207676
207677
207678
207679
207680
207681
207682
207683
207684
207685
207686
207687
207688
207689
208275
208276
208277
208278
208279
208280
208281
208282
208283
208284
208285
208286
208287
208288
208289
208290
208291
208292
208293
208294
208295
208296
208297
208298
208299
208300
208301
208302
208303
208304
208305
208306
208307
208308
208309
208310
208311
208312
208313
208314
208315
208316
208317
208318
208319
208320
208321
208322
208323
208324
208325
208326
208327
208328
208329
208330
208915
208916
208917
208918
208919
208920
208921
208922
208923
208924
208925
208926
208927
208928
208929
208930
208931
208932
208933
208934
208935
208936
208937
208938
208939
208940
208941
208942
208943
208944
208945
208946
208947
208948
208949
208950
208951
208952
208953
208954
208955
208956
208957
208958
208959
208960
208961
208962
208963
208964
208965
208966
208967
208968
208969
208970
209555
209556
209557
209558
209559
209560
209561
209562
209563
209564
209565
209566
209567
209568
209569
209570
209571
209572
209573
209574
209575
209576
209577
209578
209579
209580
209581
209582
209583
209584
209585
209586
209587
209588
209589
209590
209591
209592
209593
209594
209595
209596
209597
209598
209599
209600
209601
209602
209603
209604
209605
210196
210197
210198
210199
210200
210201
210202
210203
210204
210205
210206
210207
210208
210209
210210
210211
210212
210213
210214
210215
210216
210217
210218
210219
210220
210221
210222
210223
210224
210225
210226
210227
210228
210229
210230
210231
210232
210233
210234
210235
210236
210237
210238
210239
210240
210241
210242
210243
210244
210837
210838
210839
210840
210841
210842
210843
210844
210845
210846
210847
210848
210849
210850
210851
210852
210853
210854
210855
210856
210857
210858
210859
210860
210861
210862
210863
210864
210865
210866
210867
210868
210869
210870
210871
210872
210873
210874
210875
210876
210877
210878
210879
210880
210881
210882
210883
210884
211476
211477
211478
211479
211480
211481
211482
211483
211484
211485
211486
211487
211488
211489
211490
211491
211492
211493
211494
211495
211496
211497
211498
211499
211500
211501
211502
211503
211504
211505
211506
211507
211508
211509
211510
211511
211512
211513
211514
211515
211516
211517
211518
211519
211520
211521
211522
211523
211524
212116
212117
212118
212119
212120
212121
212122
212123
212124
212125
212126
212127
212128
212129
212130
212131
212132
212133
212134
212135
212136
212137
212138
212139
212140
212141
212142
212143
212144
212145
212146
212147
212148
212149
212150
212151
212152
212153
212154
212155
212156
212157
212158
212159
212160
212161
212162
212163
212164
212757
212758
212759
212760
212761
212762
212763
212764
212765
212766
212767
212768
212769
212770
212771
212772
212773
212774
212775
212776
212777
212778
212779
212780
212781
212782
212783
212784
212785
212786
212787
212788
212789
212790
212791
212792
212793
212794
212795
212796
212797
212798
212799
212800
212801
212802
212803
212804
213397
213398
213399
213400
213401
213402
213403
213404
213405
213406
213407
213408
213409
213410
213411
213412
213413
213414
213415
213416
213417
213418
213419
213420
213421
213422
213423
213424
213425
213426
213427
213428
213429
213430
213431
213432
213433
213434
213435
213436
213437
213438
213439
213440
213441
213442
213443
213444
213445
214037
214038
214039
214040
214041
214042
214043
214044
214045
214046
214047
214048
214049
214050
214051
214052
214053
214054
214055
214056
214057
214058
214059
214060
214061
214062
214063
214064
214065
214066
214067
214068
214069
214070
214071
214072
214073
214074
214075
214076
214077
214078
214079
214080
214081
214082
214083
214084
214085
214677
214678
214679
214680
214681
214682
214683
214684
214685
214686
214687
214688
214689
214690
214691
214692
214693
214694
214695
214696
214697
214698
214699
214700
214701
214702
214703
214704
214705
214706
214707
214708
214709
214710
214711
214712
214713
214714
214715
214716
214717
214718
214719
214720
214721
214722
214723
214724
214725
215318
215319
215320
215321
215322
215323
215324
215325
215326
215327
215328
215329
215330
215331
215332
215333
215334
215335
215336
215337
215338
215339
215340
215341
215342
215343
215344
215345
215346
215347
215348
215349
215350
215351
215352
215353
215354
215355
215356
215357
215358
215359
215360
215361
215362
215363
215364
215365
215958
215959
215960
215961
215962
215963
215964
215965
215966
215967
215968
215969
215970
215971
215972
215973
215974
215975
215976
215977
215978
215979
215980
215981
215982
215983
215984
215985
215986
215987
215988
215989
215990
215991
215992
215993
215994
215995
215996
215997
215998
215999
216000
216001
216002
216003
216004
216005
216006
216007
216597
216598
216599
216600
216601
216602
216603
216604
216605
216606
216607
216608
216609
216610
216611
216612
216613
216614
216615
216616
216617
216618
216619
216620
216621
216622
216623
216624
216625
216626
216627
216628
216629
216630
216631
216632
216633
216634
216635
216636
216637
216638
216639
216640
216641
216642
216643
216644
216645
216646
216647
217237
217238
217239
217240
217241
217242
217243
217244
217245
217246
217247
217248
217249
217250
217251
217252
217253
217254
217255
217256
217257
217258
217259
217260
217261
217262
217263
217264
217265
217266
217267
217268
217269
217270
217271
217272
217273
217274
217275
217276
217277
217278
217279
217280
217281
217282
217283
217284
217285
217286
217287
217877
217878
217879
217880
217881
217882
217883
217884
217885
217886
217887
217888
217889
217890
217891
217892
217893
217894
217895
217896
217897
217898
217899
217900
217901
217902
217903
217904
217905
217906
217907
217908
217909
217910
217911
217912
217913
217914
217915
217916
217917
217918
217919
217920
217921
217922
217923
217924
217925
217926
217927
218514
218515
218516
218517
218518
218519
218520
218521
218522
218523
218524
218525
218526
218527
218528
218529
218530
218531
218532
218533
218534
218535
218536
218537
218538
218539
218540
218541
218542
218543
218544
218545
218546
218547
218548
218549
218550
218551
218552
218553
218554
218555
218556
218557
218558
218559
218560
218561
218562
218563
218564
218565
218566
218567
219154
219155
219156
219157
219158
219159
219160
219161
219162
219163
219164
219165
219166
219167
219168
219169
219170
219171
219172
219173
219174
219175
219176
219177
219178
219179
219180
219181
219182
219183
219184
219185
219186
219187
219188
219189
219190
219191
219192
219193
219194
219195
219196
219197
219198
219199
219200
219201
219202
219203
219204
219205
219206
219207
219795
219796
219797
219798
219799
219800
219801
219802
219803
219804
219805
219806
219807
219808
219809
219810
219811
219812
219813
219814
219815
219816
219817
219818
219819
219820
219821
219822
219823
219824
219825
219826
219827
219828
219829
219830
219831
219832
219833
219834
219835
219836
219837
219838
219839
219840
219841
219842
219843
219844
219845
219846
219847
220435
220436
220437
220438
220439
220440
220441
220442
220443
220444
220445
220446
220447
220448
220449
220450
220451
220452
220453
220454
220455
220456
220457
220458
220459
220460
220461
220462
220463
220464
220465
220466
220467
220468
220469
220470
220471
220472
220473
220474
220475
220476
220477
220478
220479
220480
220481
220482
220483
220484
220485
220486
220487
221076
221077
221078
221079
221080
221081
221082
221083
221084
221085
221086
221087
221088
221089
221090
221091
221092
221093
221094
221095
221096
221097
221098
221099
221100
221101
221102
221103
221104
221105
221106
221107
221108
221109
221110
221111
221112
221113
221114
221115
221116
221117
221118
221119
221120
221121
221122
221123
221124
221125
221126
221717
221718
221719
221720
221721
221722
221723
221724
221725
221726
221727
221728
221729
221730
221731
221732
221733
221734
221735
221736
221737
221738
221739
221740
221741
221742
221743
221744
221745
221746
221747
221748
221749
221750
221751
221752
221753
221754
221755
221756
221757
221758
221759
221760
221761
221762
221763
221764
221765
221766
221767
222357
222358
222359
222360
222361
222362
222363
222364
222365
222366
222367
222368
222369
222370
222371
222372
222373
222374
222375
222376
222377
222378
222379
222380
222381
222382
222383
222384
222385
222386
222387
222388
222389
222390
222391
222392
222393
222394
222395
222396
222397
222398
222399
222400
222401
222402
222403
222404
222405
222406
222407
222408
222996
222997
222998
222999
223000
223001
223002
223003
223004
223005
223006
223007
223008
223009
223010
223011
223012
223013
223014
223015
223016
223017
223018
223019
223020
223021
223022
223023
223024
223025
223026
223027
223028
223029
223030
223031
223032
223033
223034
223035
223036
223037
223038
223039
223040
223041
223042
223043
223044
223045
223046
223047
223048
223635
223636
223637
223638
223639
223640
223641
223642
223643
223644
223645
223646
223647
223648
223649
223650
223651
223652
223653
223654
223655
223656
223657
223658
223659
223660
223661
223662
223663
223664
223665
223666
223667
223668
223669
223670
223671
223672
223673
223674
223675
223676
223677
223678
223679
223680
223681
223682
223683
223684
223685
223686
223687
224274
224275
224276
224277
224278
224279
224280
224281
224282
224283
224284
224285
224286
224287
224288
224289
224290
224291
224292
224293
224294
224295
224296
224297
224298
224299
224300
224301
224302
224303
224304
224305
224306
224307
224308
224309
224310
224311
224312
224313
224314
224315
224316
224317
224318
224319
224320
224321
224322
224323
224324
224325
224326
224914
224915
224916
224917
224918
224919
224920
224921
224922
224923
224924
224925
224926
224927
224928
224929
224930
224931
224932
224933
224934
224935
224936
224937
224938
224939
224940
224941
224942
224943
224944
224945
224946
224947
224948
224949
224950
224951
224952
224953
224954
224955
224956
224957
224958
224959
224960
224961
224962
224963
224964
224965
224966
225555
225556
225557
225558
225559
225560
225561
225562
225563
225564
225565
225566
225567
225568
225569
225570
225571
225572
225573
225574
225575
225576
225577
225578
225579
225580
225581
225582
225583
225584
225585
225586
225587
225588
225589
225590
225591
225592
225593
225594
225595
225596
225597
225598
225599
225600
225601
225602
225603
225604
226195
226196
226197
226198
226199
226200
226201
226202
226203
226204
226205
226206
226207
226208
226209
226210
226211
226212
226213
226214
226215
226216
226217
226218
226219
226220
226221
226222
226223
226224
226225
226226
226227
226228
226229
226230
226231
226232
226233
226234
226235
226236
226237
226238
226239
226240
226241
226242
226243
226244
226835
226836
226837
226838
226839
226840
226841
226842
226843
226844
226845
226846
226847
226848
226849
226850
226851
226852
226853
226854
226855
226856
226857
226858
226859
226860
226861
226862
226863
226864
226865
226866
226867
226868
226869
226870
226871
226872
226873
226874
226875
226876
226877
226878
226879
226880
226881
226882
226883
226884
226885
226886
227476
227477
227478
227479
227480
227481
227482
227483
227484
227485
227486
227487
227488
227489
227490
227491
227492
227493
227494
227495
227496
227497
227498
227499
227500
227501
227502
227503
227504
227505
227506
227507
227508
227509
227510
227511
227512
227513
227514
227515
227516
227517
227518
227519
227520
227521
227522
227523
227524
227525
227526
228118
228119
228120
228121
228122
228123
228124
228125
228126
228127
228128
228129
228130
228131
228132
228133
228134
228135
228136
228137
228138
228139
228140
228141
228142
228143
228144
228145
228146
228147
228148
228149
228150
228151
228152
228153
228154
228155
228156
228157
228158
228159
228160
228161
228162
228163
228164
228165
228166
228167
228758
228759
228760
228761
228762
228763
228764
228765
228766
228767
228768
228769
228770
228771
228772
228773
228774
228775
228776
228777
228778
228779
228780
228781
228782
228783
228784
228785
228786
228787
228788
228789
228790
228791
228792
228793
228794
228795
228796
228797
228798
228799
228800
228801
228802
228803
228804
228805
228806
228807
228808
229398
229399
229400
229401
229402
229403
229404
229405
229406
229407
229408
229409
229410
229411
229412
229413
229414
229415
229416
229417
229418
229419
229420
229421
229422
229423
229424
229425
229426
229427
229428
229429
229430
229431
229432
229433
229434
229435
229436
229437
229438
229439
229440
229441
229442
229443
229444
229445
229446
229447
229448
230037
230038
230039
230040
230041
230042
230043
230044
230045
230046
230047
230048
230049
230050
230051
230052
230053
230054
230055
230056
230057
230058
230059
230060
230061
230062
230063
230064
230065
230066
230067
230068
230069
230070
230071
230072
230073
230074
230075
230076
230077
230078
230079
230080
230081
230082
230083
230084
230085
230086
230087
230677
230678
230679
230680
230681
230682
230683
230684
230685
230686
230687
230688
230689
230690
230691
230692
230693
230694
230695
230696
230697
230698
230699
230700
230701
230702
230703
230704
230705
230706
230707
230708
230709
230710
230711
230712
230713
230714
230715
230716
230717
230718
230719
230720
230721
230722
230723
230724
230725
230726
230727
230728
231318
231319
231320
231321
231322
231323
231324
231325
231326
231327
231328
231329
231330
231331
231332
231333
231334
231335
231336
231337
231338
231339
231340
231341
231342
231343
231344
231345
231346
231347
231348
231349
231350
231351
231352
231353
231354
231355
231356
231357
231358
231359
231360
231361
231362
231363
231364
231365
231366
231367
231368
231370
231371
231372
231373
231958
231959
231960
231961
231962
231963
231964
231965
231966
231967
231968
231969
231970
231971
231972
231973
231974
231975
231976
231977
231978
231979
231980
231981
231982
231983
231984
231985
231986
231987
231988
231989
231990
231991
231992
231993
231994
231995
231996
231997
231998
231999
232000
232001
232002
232003
232004
232005
232006
232007
232008
232009
232010
232011
232012
232013
232598
232599
232600
232601
232602
232603
232604
232605
232606
232607
232608
232609
232610
232611
232612
232613
232614
232615
232616
232617
232618
232619
232620
232621
232622
232623
232624
232625
232626
232627
232628
232629
232630
232631
232632
232633
232634
232635
232636
232637
232638
232639
232640
232641
232642
232643
232644
232645
232646
232647
232648
232649
232650
232651
232652
232653
233239
233240
233241
233242
233243
233244
233245
233246
233247
233248
233249
233250
233251
233252
233253
233254
233255
233256
233257
233258
233259
233260
233261
233262
233263
233264
233265
233266
233267
233268
233269
233270
233271
233272
233273
233274
233275
233276
233277
233278
233279
233280
233281
233282
233283
233284
233285
233286
233287
233288
233289
233290
233291
233292
233879
233880
233881
233882
233883
233884
233885
233886
233887
233888
233889
233890
233891
233892
233893
233894
233895
233896
233897
233898
233899
233900
233901
233902
233903
233904
233905
233906
233907
233908
233909
233910
233911
233912
233913
233914
233915
233916
233917
233918
233919
233920
233921
233922
233923
233924
233925
233926
233927
233928
233929
233930
233931
234520
234521
234522
234523
234524
234525
234526
234527
234528
234529
234530
234531
234532
234533
234534
234535
234536
234537
234538
234539
234540
234541
234542
234543
234544
234545
234546
234547
234548
234549
234550
234551
234552
234553
234554
234555
234556
234557
234558
234559
234560
234561
234562
234563
234564
234565
234566
234567
234568
234569
234570
234571
234572
235161
235162
235163
235164
235165
235166
235167
235168
235169
235170
235171
235172
235173
235174
235175
235176
235177
235178
235179
235180
235181
235182
235183
235184
235185
235186
235187
235188
235189
235190
235191
235192
235193
235194
235195
235196
235197
235198
235199
235200
235201
235202
235203
235204
235205
235206
235207
235208
235209
235210
235211
235212
235801
235802
235803
235804
235805
235806
235807
235808
235809
235810
235811
235812
235813
235814
235815
235816
235817
235818
235819
235820
235821
235822
235823
235824
235825
235826
235827
235828
235829
235830
235831
235832
235833
235834
235835
235836
235837
235838
235839
235840
235841
235842
235843
235844
235845
235846
235847
235848
235849
235850
235851
236442
236443
236444
236445
236446
236447
236448
236449
236450
236451
236452
236453
236454
236455
236456
236457
236458
236459
236460
236461
236462
236463
236464
236465
236466
236467
236468
236469
236470
236471
236472
236473
236474
236475
236476
236477
236478
236479
236480
236481
236482
236483
236484
236485
236486
236487
236488
236489
237081
237082
237083
237084
237085
237086
237087
237088
237089
237090
237091
237092
237093
237094
237095
237096
237097
237098
237099
237100
237101
237102
237103
237104
237105
237106
237107
237108
237109
237110
237111
237112
237113
237114
237115
237116
237117
237118
237119
237120
237121
237122
237123
237124
237125
237126
237127
237128
237129
237721
237722
237723
237724
237725
237726
237727
237728
237729
237730
237731
237732
237733
237734
237735
237736
237737
237738
237739
237740
237741
237742
237743
237744
237745
237746
237747
237748
237749
237750
237751
237752
237753
237754
237755
237756
237757
237758
237759
237760
237761
237762
237763
237764
237765
237766
237767
237768
238360
238361
238362
238363
238364
238365
238366
238367
238368
238369
238370
238371
238372
238373
238374
238375
238376
238377
238378
238379
238380
238381
238382
238383
238384
238385
238386
238387
238388
238389
238390
238391
238392
238393
238394
238395
238396
238397
238398
238399
238400
238401
238402
238403
238404
238405
238406
238407
238408
239000
239001
239002
239003
239004
239005
239006
239007
239008
239009
239010
239011
239012
239013
239014
239015
239016
239017
239018
239019
239020
239021
239022
239023
239024
239025
239026
239027
239028
239029
239030
239031
239032
239033
239034
239035
239036
239037
239038
239039
239040
239041
239042
239043
239044
239045
239046
239047
239048
239640
239641
239642
239643
239644
239645
239646
239647
239648
239649
239650
239651
239652
239653
239654
239655
239656
239657
239658
239659
239660
239661
239662
239663
239664
239665
239666
239667
239668
239669
239670
239671
239672
239673
239674
239675
239676
239677
239678
239679
239680
239681
239682
239683
239684
239685
239686
239687
239688
240281
240282
240283
240284
240285
240286
240287
240288
240289
240290
240291
240292
240293
240294
240295
240296
240297
240298
240299
240300
240301
240302
240303
240304
240305
240306
240307
240308
240309
240310
240311
240312
240313
240314
240315
240316
240317
240318
240319
240320
240321
240322
240323
240324
240325
240326
240327
240328
240329
240922
240923
240924
240925
240926
240927
240928
240929
240930
240931
240932
240933
240934
240935
240936
240937
240938
240939
240940
240941
240942
240943
240944
240945
240946
240947
240948
240949
240950
240951
240952
240953
240954
240955
240956
240957
240958
240959
240960
240961
240962
240963
240964
240965
240966
240967
240968
240969
241562
241563
241564
241565
241566
241567
241568
241569
241570
241571
241572
241573
241574
241575
241576
241577
241578
241579
241580
241581
241582
241583
241584
241585
241586
241587
241588
241589
241590
241591
241592
241593
241594
241595
241596
241597
241598
241599
241600
241601
241602
241603
241604
241605
241606
241607
241608
241609
241610
242202
242203
242204
242205
242206
242207
242208
242209
242210
242211
242212
242213
242214
242215
242216
242217
242218
242219
242220
242221
242222
242223
242224
242225
242226
242227
242228
242229
242230
242231
242232
242233
242234
242235
242236
242237
242238
242239
242240
242241
242242
242243
242244
242245
242246
242247
242248
242249
242250
242843
242844
242845
242846
242847
242848
242849
242850
242851
242852
242853
242854
242855
242856
242857
242858
242859
242860
242861
242862
242863
242864
242865
242866
242867
242868
242869
242870
242871
242872
242873
242874
242875
242876
242877
242878
242879
242880
242881
242882
242883
242884
242885
242886
242887
242888
242889
242890
242891
243483
243484
243485
243486
243487
243488
243489
243490
243491
243492
243493
243494
243495
243496
243497
243498
243499
243500
243501
243502
243503
243504
243505
243506
243507
243508
243509
243510
243511
243512
243513
243514
243515
243516
243517
243518
243519
243520
243521
243522
243523
243524
243525
243526
243527
243528
243529
243530
243531
244123
244124
244125
244126
244127
244128
244129
244130
244131
244132
244133
244134
244135
244136
244137
244138
244139
244140
244141
244142
244143
244144
244145
244146
244147
244148
244149
244150
244151
244152
244153
244154
244155
244156
244157
244158
244159
244160
244161
244162
244163
244164
244165
244166
244167
244168
244169
244170
244171
244762
244763
244764
244765
244766
244767
244768
244769
244770
244771
244772
244773
244774
244775
244776
244777
244778
244779
244780
244781
244782
244783
244784
244785
244786
244787
244788
244789
244790
244791
244792
244793
244794
244795
244796
244797
244798
244799
244800
244801
244802
244803
244804
244805
244806
244807
244808
244809
244810
245402
245403
245404
245405
245406
245407
245408
245409
245410
245411
245412
245413
245414
245415
245416
245417
245418
245419
245420
245421
245422
245423
245424
245425
245426
245427
245428
245429
245430
245431
245432
245433
245434
245435
245436
245437
245438
245439
245440
245441
245442
245443
245444
245445
245446
245447
245448
245449
245450
245451
246042
246043
246044
246045
246046
246047
246048
246049
246050
246051
246052
246053
246054
246055
246056
246057
246058
246059
246060
246061
246062
246063
246064
246065
246066
246067
246068
246069
246070
246071
246072
246073
246074
246075
246076
246077
246078
246079
246080
246081
246082
246083
246084
246085
246086
246087
246088
246089
246090
246091
246681
246682
246683
246684
246685
246686
246687
246688
246689
246690
246691
246692
246693
246694
246695
246696
246697
246698
246699
246700
246701
246702
246703
246704
246705
246706
246707
246708
246709
246710
246711
246712
246713
246714
246715
246716
246717
246718
246719
246720
246721
246722
246723
246724
246725
246726
246727
246728
246729
246730
246731
247321
247322
247323
247324
247325
247326
247327
247328
247329
247330
247331
247332
247333
247334
247335
247336
247337
247338
247339
247340
247341
247342
247343
247344
247345
247346
247347
247348
247349
247350
247351
247352
247353
247354
247355
247356
247357
247358
247359
247360
247361
247362
247363
247364
247365
247366
247367
247368
247369
247370
247371
247961
247962
247963
247964
247965
247966
247967
247968
247969
247970
247971
247972
247973
247974
247975
247976
247977
247978
247979
247980
247981
247982
247983
247984
247985
247986
247987
247988
247989
247990
247991
247992
247993
247994
247995
247996
247997
247998
247999
248000
248001
248002
248003
248004
248005
248006
248007
248008
248009
248010
248011
248602
248603
248604
248605
248606
248607
248608
248609
248610
248611
248612
248613
248614
248615
248616
248617
248618
248619
248620
248621
248622
248623
248624
248625
248626
248627
248628
248629
248630
248631
248632
248633
248634
248635
248636
248637
248638
248639
248640
248641
248642
248643
248644
248645
248646
248647
248648
248649
248650
249242
249243
249244
249245
249246
249247
249248
249249
249250
249251
249252
249253
249254
249255
249256
249257
249258
249259
249260
249261
249262
249263
249264
249265
249266
249267
249268
249269
249270
249271
249272
249273
249274
249275
249276
249277
249278
249279
249280
249281
249282
249283
249284
249285
249286
249287
249288
249289
249290
249883
249884
249885
249886
249887
249888
249889
249890
249891
249892
249893
249894
249895
249896
249897
249898
249899
249900
249901
249902
249903
249904
249905
249906
249907
249908
249909
249910
249911
249912
249913
249914
249915
249916
249917
249918
249919
249920
249921
249922
249923
249924
249925
249926
249927
249928
249929
249930
250523
250524
250525
250526
250527
250528
250529
250530
250531
250532
250533
250534
250535
250536
250537
250538
250539
250540
250541
250542
250543
250544
250545
250546
250547
250548
250549
250550
250551
250552
250553
250554
250555
250556
250557
250558
250559
250560
250561
250562
250563
250564
250565
250566
250567
250568
250569
250570
250571
251163
251164
251165
251166
251167
251168
251169
251170
251171
251172
251173
251174
251175
251176
251177
251178
251179
251180
251181
251182
251183
251184
251185
251186
251187
251188
251189
251190
251191
251192
251193
251194
251195
251196
251197
251198
251199
251200
251201
251202
251203
251204
251205
251206
251207
251208
251209
251210
251211
251803
251804
251805
251806
251807
251808
251809
251810
251811
251812
251813
251814
251815
251816
251817
251818
251819
251820
251821
251822
251823
251824
251825
251826
251827
251828
251829
251830
251831
251832
251833
251834
251835
251836
251837
251838
251839
251840
251841
251842
251843
251844
251845
251846
251847
251848
251849
251850
251851
252442
252443
252444
252445
252446
252447
252448
252449
252450
252451
252452
252453
252454
252455
252456
252457
252458
252459
252460
252461
252462
252463
252464
252465
252466
252467
252468
252469
252470
252471
252472
252473
252474
252475
252476
252477
252478
252479
252480
252481
252482
252483
252484
252485
252486
252487
252488
252489
252490
252491
252492
253082
253083
253084
253085
253086
253087
253088
253089
253090
253091
253092
253093
253094
253095
253096
253097
253098
253099
253100
253101
253102
253103
253104
253105
253106
253107
253108
253109
253110
253111
253112
253113
253114
253115
253116
253117
253118
253119
253120
253121
253122
253123
253124
253125
253126
253127
253128
253129
253130
253131
253132
253723
253724
253725
253726
253727
253728
253729
253730
253731
253732
253733
253734
253735
253736
253737
253738
253739
253740
253741
253742
253743
253744
253745
253746
253747
253748
253749
253750
253751
253752
253753
253754
253755
253756
253757
253758
253759
253760
253761
253762
253763
253764
253765
253766
253767
253768
253769
253770
253771
253772
254363
254364
254365
254366
254367
254368
254369
254370
254371
254372
254373
254374
254375
254376
254377
254378
254379
254380
254381
254382
254383
254384
254385
254386
254387
254388
254389
254390
254391
254392
254393
254394
254395
254396
254397
254398
254399
254400
254401
254402
254403
254404
254405
254406
254407
254408
254409
254410
254411
254412
255003
255004
255005
255006
255007
255008
255009
255010
255011
255012
255013
255014
255015
255016
255017
255018
255019
255020
255021
255022
255023
255024
255025
255026
255027
255028
255029
255030
255031
255032
255033
255034
255035
255036
255037
255038
255039
255040
255041
255042
255043
255044
255045
255046
255047
255048
255049
255050
255051
255052
255053
255054
255643
255644
255645
255646
255647
255648
255649
255650
255651
255652
255653
255654
255655
255656
255657
255658
255659
255660
255661
255662
255663
255664
255665
255666
255667
255668
255669
255670
255671
255672
255673
255674
255675
255676
255677
255678
255679
255680
255681
255682
255683
255684
255685
255686
255687
255688
255689
255690
255691
255692
255693
255694
256284
256285
256286
256287
256288
256289
256290
256291
256292
256293
256294
256295
256296
256297
256298
256299
256300
256301
256302
256303
256304
256305
256306
256307
256308
256309
256310
256311
256312
256313
256314
256315
256316
256317
256318
256319
256320
256321
256322
256323
256324
256325
256326
256327
256328
256329
256330
256331
256332
256333
256334
256924
256925
256926
256927
256928
256929
256930
256931
256932
256933
256934
256935
256936
256937
256938
256939
256940
256941
256942
256943
256944
256945
256946
256947
256948
256949
256950
256951
256952
256953
256954
256955
256956
256957
256958
256959
256960
256961
256962
256963
256964
256965
256966
256967
256968
256969
256970
256971
256972
256973
256974
257564
257565
257566
257567
257568
257569
257570
257571
257572
257573
257574
257575
257576
257577
257578
257579
257580
257581
257582
257583
257584
257585
257586
257587
257588
257589
257590
257591
257592
257593
257594
257595
257596
257597
257598
257599
257600
257601
257602
257603
257604
257605
257606
257607
257608
257609
257610
257611
257612
257613
258204
258205
258206
258207
258208
258209
258210
258211
258212
258213
258214
258215
258216
258217
258218
258219
258220
258221
258222
258223
258224
258225
258226
258227
258228
258229
258230
258231
258232
258233
258234
258235
258236
258237
258238
258239
258240
258241
258242
258243
258244
258245
258246
258247
258248
258249
258250
258251
258846
258847
258848
258849
258850
258851
258852
258853
258854
258855
258856
258857
258858
258859
258860
258861
258862
258863
258864
258865
258866
258867
258868
258869
258870
258871
258872
258873
258874
258875
258876
258877
258878
258879
258880
258881
258882
258883
258884
258885
258886
258887
258888
258889
258890
258891
259486
259487
259488
259489
259490
259491
259492
259493
259494
259495
259496
259497
259498
259499
259500
259501
259502
259503
259504
259505
259506
259507
259508
259509
259510
259511
259512
259513
259514
259515
259516
259517
259518
259519
259520
259521
259522
259523
259524
259525
259526
259527
259528
259529
260123
260124
260125
260126
260127
260128
260129
260130
260131
260132
260133
260134
260135
260136
260137
260138
260139
260140
260141
260142
260143
260144
260145
260146
260147
260148
260149
260150
260151
260152
260153
260154
260155
260156
260157
260158
260159
260160
260161
260162
260163
260164
260165
260166
260167
260168
260169
260762
260763
260764
260765
260766
260767
260768
260769
260770
260771
260772
260773
260774
260775
260776
260777
260778
260779
260780
260781
260782
260783
260784
260785
260786
260787
260788
260789
260790
260791
260792
260793
260794
260795
260796
260797
260798
260799
260800
260801
260802
260803
260804
260805
260806
260807
260808
260809
261403
261404
261405
261406
261407
261408
261409
261410
261411
261412
261413
261414
261415
261416
261417
261418
261419
261420
261421
261422
261423
261424
261425
261426
261427
261428
261429
261430
261431
261432
261433
261434
261435
261436
261437
261438
261439
261440
261441
261442
261443
261444
261445
261446
261447
261448
261449
261450
262043
262044
262045
262046
262047
262048
262049
262050
262051
262052
262053
262054
262055
262056
262057
262058
262059
262060
262061
262062
262063
262064
262065
262066
262067
262068
262069
262070
262071
262072
262073
262074
262075
262076
262077
262078
262079
262080
262081
262082
262083
262084
262085
262086
262087
262088
262089
262090
262091
262683
262684
262685
262686
262687
262688
262689
262690
262691
262692
262693
262694
262695
262696
262697
262698
262699
262700
262701
262702
262703
262704
262705
262706
262707
262708
262709
262710
262711
262712
262713
262714
262715
262716
262717
262718
262719
262720
262721
262722
262723
262724
262725
262726
262727
262728
262729
262730
262731
262732
263323
263324
263325
263326
263327
263328
263329
263330
263331
263332
263333
263334
263335
263336
263337
263338
263339
263340
263341
263342
263343
263344
263345
263346
263347
263348
263349
263350
263351
263352
263353
263354
263355
263356
263357
263358
263359
263360
263361
263362
263363
263364
263365
263366
263367
263368
263369
263370
263371
263372
263963
263964
263965
263966
263967
263968
263969
263970
263971
263972
263973
263974
263975
263976
263977
263978
263979
263980
263981
263982
263983
263984
263985
263986
263987
263988
263989
263990
263991
263992
263993
263994
263995
263996
263997
263998
263999
264000
264001
264002
264003
264004
264005
264006
264007
264008
264009
264010
264011
264012
264603
264604
264605
264606
264607
264608
264609
264610
264611
264612
264613
264614
264615
264616
264617
264618
264619
264620
264621
264622
264623
264624
264625
264626
264627
264628
264629
264630
264631
264632
264633
264634
264635
264636
264637
264638
264639
264640
264641
264642
264643
264644
264645
264646
264647
264648
264649
264650
264651
264652
265243
265244
265245
265246
265247
265248
265249
265250
265251
265252
265253
265254
265255
265256
265257
265258
265259
265260
265261
265262
265263
265264
265265
265266
265267
265268
265269
265270
265271
265272
265273
265274
265275
265276
265277
265278
265279
265280
265281
265282
265283
265284
265285
265286
265287
265288
265289
265290
265291
265292
265884
265885
265886
265887
265888
265889
265890
265891
265892
265893
265894
265895
265896
265897
265898
265899
265900
265901
265902
265903
265904
265905
265906
265907
265908
265909
265910
265911
265912
265913
265914
265915
265916
265917
265918
265919
265920
265921
265922
265923
265924
265925
265926
265927
265928
265929
265930
265931
265932
266524
266525
266526
266527
266528
266529
266530
266531
266532
266533
266534
266535
266536
266537
266538
266539
266540
266541
266542
266543
266544
266545
266546
266547
266548
266549
266550
266551
266552
266553
266554
266555
266556
266557
266558
266559
266560
266561
266562
266563
266564
266565
266566
266567
266568
266569
266570
266571
266572
267166
267167
267168
267169
267170
267171
267172
267173
267174
267175
267176
267177
267178
267179
267180
267181
267182
267183
267184
267185
267186
267187
267188
267189
267190
267191
267192
267193
267194
267195
267196
267197
267198
267199
267200
267201
267202
267203
267204
267205
267206
267207
267208
267209
267210
267211
267212
267806
267807
267808
267809
267810
267811
267812
267813
267814
267815
267816
267817
267818
267819
267820
267821
267822
267823
267824
267825
267826
267827
267828
267829
267830
267831
267832
267833
267834
267835
267836
267837
267838
267839
267840
267841
267842
267843
267844
267845
267846
267847
267848
267849
267850
267851
267852
268446
268447
268448
268449
268450
268451
268452
268453
268454
268455
268456
268457
268458
268459
268460
268461
268462
268463
268464
268465
268466
268467
268468
268469
268470
268471
268472
268473
268474
268475
268476
268477
268478
268479
268480
268481
268482
268483
268484
268485
268486
268487
268488
268489
268490
268491
269086
269087
269088
269089
269090
269091
269092
269093
269094
269095
269096
269097
269098
269099
269100
269101
269102
269103
269104
269105
269106
269107
269108
269109
269110
269111
269112
269113
269114
269115
269116
269117
269118
269119
269120
269121
269122
269123
269124
269125
269126
269127
269128
269129
269130
269131
269727
269728
269729
269730
269731
269732
269733
269734
269735
269736
269737
269738
269739
269740
269741
269742
269743
269744
269745
269746
269747
269748
269749
269750
269751
269752
269753
269754
269755
269756
269757
269758
269759
269760
269761
269762
269763
269764
269765
269766
269767
269768
270368
270369
270370
270371
270372
270373
270374
270375
270376
270377
270378
270379
270380
270381
270382
270383
270384
270385
270386
270387
270388
270389
270390
270391
270392
270393
270394
270395
270396
270397
270398
270399
270400
270401
270402
270403
270404
270405
270406
270407
270408
271011
271012
271013
271014
271015
271016
271017
271018
271019
271020
271021
271022
271023
271024
271025
271026
271027
271028
271029
271030
271031
271032
271033
271034
271035
271036
271037
271038
271039
271040
271041
271042
271043
271044
271045
271046
271047
271048
271049
271657
271658
271659
271660
271661
271662
271663
271664
271665
271666
271667
271668
271669
271670
271671
271672
271673
271674
271675
271676
271677
271678
271679
271680
271681
271682
271683
271684
271685
271686
271687
271688
271689
272304
272305
272306
272307
272308
272309
272310
272311
272312
272313
272314
272315
272316
272317
272318
272319
272320
272321
272322
272323
272324
272325
272326
272327
272328
272329
272330
272949
272950
272951
272952
272953
272954
272955
272956
272957
272958
272959
272960
272961
272962
272963
272964
272965
272966
272967
272968
272969
272970
273607
273608
