178236
178237
178238
184600
184601
184613
184614
185238
185239
185240
185241
185242
185243
185244
185245
185246
185247
185248
185249
185250
185251
185252
185253
185254
185255
185256
185879
185880
185881
185882
185883
185884
185885
185886
185887
185888
185889
185890
185891
185892
185893
185894
185895
185896
185897
186518
186519
186520
186521
186522
186523
186524
186525
186526
186527
186528
186529
186530
186531
186532
186533
186534
186535
186536
186537
186538
186539
186540
186541
187151
187152
187153
187154
187155
187156
187157
187158
187159
187160
187161
187162
187163
187164
187165
187166
187167
187168
187169
187170
187171
187172
187173
187174
187175
187176
187177
187178
187179
187180
187181
187182
187788
187789
187790
187791
187792
187793
187794
187795
187796
187797
187798
187799
187800
187801
187802
187803
187804
187805
187806
187807
187808
187809
187810
187811
187812
187813
187814
187815
187816
187817
187818
187819
187820
187821
187822
187823
188428
188429
188430
188431
188432
188433
188434
188435
188436
188437
188438
188439
188440
188441
188442
188443
188444
188445
188446
188447
188448
188449
188450
188451
188452
188453
188454
188455
188456
188457
188458
188459
188460
188461
188462
188463
188464
188465
189067
189068
189069
189070
189071
189072
189073
189074
189075
189076
189077
189078
189079
189080
189081
189082
189083
189084
189085
189086
189087
189088
189089
189090
189091
189092
189093
189094
189095
189096
189097
189098
189099
189100
189101
189102
189103
189104
189105
189706
189707
189708
189709
189710
189711
189712
189713
189714
189715
189716
189717
189718
189719
189720
189721
189722
189723
189724
189725
189726
189727
189728
189729
189730
189731
189732
189733
189734
189735
189736
189737
189738
189739
189740
189741
189742
189743
189744
189745
189746
190344
190345
190346
190347
190348
190349
190350
190351
190352
190353
190354
190355
190356
190357
190358
190359
190360
190361
190362
190363
190364
190365
190366
190367
190368
190369
190370
190371
190372
190373
190374
190375
190376
190377
190378
190379
190380
190381
190382
190383
190384
190385
190386
190387
190388
190977
190978
190979
190984
190985
190986
190987
190988
190989
190990
190991
190992
190993
190994
190995
190996
190997
190998
190999
191000
191001
191002
191003
191004
191005
191006
191007
191008
191009
191010
191011
191012
191013
191014
191015
191016
191017
191018
191019
191020
191021
191022
191023
191024
191025
191026
191027
191028
191029
191616
191617
191618
191619
191620
191621
191622
191623
191624
191625
191626
191627
191628
191629
191630
191631
191632
191633
191634
191635
191636
191637
191638
191639
191640
191641
191642
191643
191644
191645
191646
191647
191648
191649
191650
191651
191652
191653
191654
191655
191656
191657
191658
191659
191660
191661
191662
191663
191664
191665
191666
191667
191668
191669
192255
192256
192257
192258
192259
192260
192261
192262
192263
192264
192265
192266
192267
192268
192269
192270
192271
192272
192273
192274
192275
192276
192277
192278
192279
192280
192281
192282
192283
192284
192285
192286
192287
192288
192289
192290
192291
192292
192293
192294
192295
192296
192297
192298
192299
192300
192301
192302
192303
192304
192305
192306
192307
192308
192309
192310
192311
192895
192896
192897
192898
192899
192900
192901
192902
192903
192904
192905
192906
192907
192908
192909
192910
192911
192912
192913
192914
192915
192916
192917
192918
192919
192920
192921
192922
192923
192924
192925
192926
192927
192928
192929
192930
192931
192932
192933
192934
192935
192936
192937
192938
192939
192940
192941
192942
192943
192944
192945
192946
192947
192948
192949
192950
192951
193533
193534
193535
193536
193537
193538
193539
193540
193541
193542
193543
193544
193545
193546
193547
193548
193549
193550
193551
193552
193553
193554
193555
193556
193557
193558
193559
193560
193561
193562
193563
193564
193565
193566
193567
193568
193569
193570
193571
193572
193573
193574
193575
193576
193577
193578
193579
193580
193581
193582
193583
193584
193585
193586
193587
193588
193589
193590
193591
193592
193593
193594
194163
194164
194165
194169
194170
194171
194172
194173
194174
194175
194176
194177
194178
194179
194180
194181
194182
194183
194184
194185
194186
194187
194188
194189
194190
194191
194192
194193
194194
194195
194196
194197
194198
194199
194200
194201
194202
194203
194204
194205
194206
194207
194208
194209
194210
194211
194212
194213
194214
194215
194216
194217
194218
194219
194220
194221
194222
194223
194224
194225
194226
194227
194228
194229
194230
194231
194232
194233
194234
194235
194236
194237
194803
194804
194805
194806
194807
194808
194809
194810
194811
194812
194813
194814
194815
194816
194817
194818
194819
194820
194821
194822
194823
194824
194825
194826
194827
194828
194829
194830
194831
194832
194833
194834
194835
194836
194837
194838
194839
194840
194841
194842
194843
194844
194845
194846
194847
194848
194849
194850
194851
194852
194853
194854
194855
194856
194857
194858
194859
194860
194861
194862
194863
194864
194865
194866
194867
194868
194869
194870
194871
194872
194873
194874
194875
194876
194877
195443
195444
195445
195446
195447
195448
195449
195450
195451
195452
195453
195454
195455
195456
195457
195458
195459
195460
195461
195462
195463
195464
195465
195466
195467
195468
195469
195470
195471
195472
195473
195474
195475
195476
195477
195478
195479
195480
195481
195482
195483
195484
195485
195486
195487
195488
195489
195490
195491
195492
195493
195494
195495
195496
195497
195498
195499
195500
195501
195502
195503
195504
195505
195506
195507
195508
195509
195510
195511
195512
195513
195514
195515
195516
195517
195518
196080
196081
196082
196083
196084
196085
196086
196087
196088
196089
196090
196091
196092
196093
196094
196095
196096
196097
196098
196099
196100
196101
196102
196103
196104
196105
196106
196107
196108
196109
196110
196111
196112
196113
196114
196115
196116
196117
196118
196119
196120
196121
196122
196123
196124
196125
196126
196127
196128
196129
196130
196131
196132
196133
196134
196135
196136
196137
196138
196139
196140
196141
196142
196143
196144
196145
196146
196147
196148
196149
196150
196151
196152
196153
196154
196155
196156
196157
196158
196720
196721
196722
196723
196724
196725
196726
196727
196728
196729
196730
196731
196732
196733
196734
196735
196736
196737
196738
196739
196740
196741
196742
196743
196744
196745
196746
196747
196748
196749
196750
196751
196752
196753
196754
196755
196756
196757
196758
196759
196760
196761
196762
196763
196764
196765
196766
196767
196768
196769
196770
196771
196772
196773
196774
196775
196776
196777
196778
196779
196780
196781
196782
196783
196784
196785
196786
196787
196788
196789
196790
196791
196792
196793
196794
196795
196796
196797
196798
196799
197357
197358
197359
197360
197361
197362
197363
197364
197365
197366
197367
197368
197369
197370
197371
197372
197373
197374
197375
197376
197377
197378
197379
197380
197381
197382
197383
197384
197385
197386
197387
197388
197389
197390
197391
197392
197393
197394
197395
197396
197397
197398
197399
197400
197401
197402
197403
197404
197405
197406
197407
197408
197409
197410
197411
197412
197413
197414
197415
197416
197417
197418
197419
197420
197421
197422
197423
197424
197425
197426
197427
197428
197429
197430
197431
197432
197433
197434
197435
197436
197437
197438
197439
197997
197998
197999
198000
198001
198002
198003
198004
198005
198006
198007
198008
198009
198010
198011
198012
198013
198014
198015
198016
198017
198018
198019
198020
198021
198022
198023
198024
198025
198026
198027
198028
198029
198030
198031
198032
198033
198034
198035
198036
198037
198038
198039
198040
198041
198042
198043
198044
198045
198046
198047
198048
198049
198050
198051
198052
198053
198054
198055
198056
198057
198058
198059
198060
198061
198062
198063
198064
198065
198066
198067
198068
198069
198070
198071
198072
198073
198074
198075
198076
198077
198078
198079
198080
198081
198636
198637
198638
198639
198640
198641
198642
198643
198644
198645
198646
198647
198648
198649
198650
198651
198652
198653
198654
198655
198656
198657
198658
198659
198660
198661
198662
198663
198664
198665
198666
198667
198668
198669
198670
198671
198672
198673
198674
198675
198676
198677
198678
198679
198680
198681
198682
198683
198684
198685
198686
198687
198688
198689
198690
198691
198692
198693
198694
198695
198696
198697
198698
198699
198700
198701
198702
198703
198704
198705
198706
198707
198708
198709
198710
198711
198712
198713
198714
198715
198716
198717
198718
198719
198720
198721
198722
199274
199275
199276
199277
199278
199279
199280
199281
199282
199283
199284
199285
199286
199287
199288
199289
199290
199291
199292
199293
199294
199295
199296
199297
199298
199299
199300
199301
199302
199303
199304
199305
199306
199307
199308
199309
199310
199311
199312
199313
199314
199315
199316
199317
199318
199319
199320
199321
199322
199323
199324
199325
199326
199327
199328
199329
199330
199331
199332
199333
199334
199335
199336
199337
199338
199339
199340
199341
199342
199343
199344
199345
199346
199347
199348
199349
199350
199351
199352
199353
199354
199355
199356
199357
199358
199359
199360
199361
199362
199913
199914
199915
199916
199917
199918
199919
199920
199921
199922
199923
199924
199925
199926
199927
199928
199929
199930
199931
199932
199933
199934
199935
199936
199937
199938
199939
199940
199941
199942
199943
199944
199945
199946
199947
199948
199949
199950
199951
199952
199953
199954
199955
199956
199957
199958
199959
199960
199961
199962
199963
199964
199965
199966
199967
199968
199969
199970
199971
199972
199973
199974
199975
199976
199977
199978
199979
199980
199981
199982
199983
199984
199985
199986
199987
199988
199989
199990
199991
199992
199993
199994
199995
199996
199997
199998
199999
200000
200001
200002
200551
200552
200553
200554
200555
200556
200557
200558
200559
200560
200561
200562
200563
200564
200565
200566
200567
200568
200569
200570
200571
200572
200573
200574
200575
200576
200577
200578
200579
200580
200581
200582
200583
200584
200585
200586
200587
200588
200589
200590
200591
200592
200593
200594
200595
200596
200597
200598
200599
200600
200601
200602
200603
200604
200605
200606
200607
200608
200609
200610
200611
200612
200613
200614
200615
200616
200617
200618
200619
200620
200621
200622
200623
200624
200625
200626
200627
200628
200629
200630
200631
200632
200633
200634
200635
200636
200637
200638
200639
200640
200641
200642
201191
201192
201193
201194
201195
201196
201197
201198
201199
201200
201201
201202
201203
201204
201205
201206
201207
201208
201209
201210
201211
201212
201213
201214
201215
201216
201217
201218
201219
201220
201221
201222
201223
201224
201225
201226
201227
201228
201229
201230
201231
201232
201233
201234
201235
201236
201237
201238
201239
201240
201241
201242
201243
201244
201245
201246
201247
201248
201249
201250
201251
201252
201253
201254
201255
201256
201257
201258
201259
201260
201261
201262
201263
201264
201265
201266
201267
201268
201269
201270
201271
201272
201273
201274
201275
201276
201277
201278
201279
201280
201281
201282
201831
201832
201833
201834
201835
201836
201837
201838
201839
201840
201841
201842
201843
201844
201845
201846
201847
201848
201849
201850
201851
201852
201853
201854
201855
201856
201857
201858
201859
201860
201861
201862
201863
201864
201865
201866
201867
201868
201869
201870
201871
201872
201873
201874
201875
201876
201877
201878
201879
201880
201881
201882
201883
201884
201885
201886
201887
201888
201889
201890
201891
201892
201893
201894
201895
201896
201897
201898
201899
201900
201901
201902
201903
201904
201905
201906
201907
201908
201909
201910
201911
201912
201913
201914
201915
201916
201917
201918
201919
201920
201921
201922
202471
202472
202473
202474
202475
202476
202477
202478
202479
202480
202481
202482
202483
202484
202485
202486
202487
202488
202489
202490
202491
202492
202493
202494
202495
202496
202497
202498
202499
202500
202501
202502
202503
202504
202505
202506
202507
202508
202509
202510
202511
202512
202513
202514
202515
202516
202517
202518
202519
202520
202521
202522
202523
202524
202525
202526
202527
202528
202529
202530
202531
202532
202533
202534
202535
202536
202537
202538
202539
202540
202541
202542
202543
202544
202545
202546
202547
202548
202549
202550
202551
202552
202553
202554
202555
202556
202557
202558
202559
202560
202561
202562
203111
203112
203113
203114
203115
203116
203117
203118
203119
203120
203121
203122
203123
203124
203125
203126
203127
203128
203129
203130
203131
203132
203133
203134
203135
203136
203137
203138
203139
203140
203141
203142
203143
203144
203145
203146
203147
203148
203149
203150
203151
203152
203153
203154
203155
203156
203157
203158
203159
203160
203161
203162
203163
203164
203165
203166
203167
203168
203169
203170
203171
203172
203173
203174
203175
203176
203177
203178
203179
203180
203181
203182
203183
203184
203185
203186
203187
203188
203189
203190
203191
203192
203193
203194
203195
203196
203197
203198
203199
203200
203201
203752
203753
203754
203755
203756
203757
203758
203759
203760
203761
203762
203763
203764
203765
203766
203767
203768
203769
203770
203771
203772
203773
203774
203775
203776
203777
203778
203779
203780
203781
203782
203783
203784
203785
203786
203787
203788
203789
203790
203791
203792
203793
203794
203795
203796
203797
203798
203799
203800
203801
203802
203803
203804
203805
203806
203807
203808
203809
203810
203811
203812
203813
203814
203815
203816
203817
203818
203819
203820
203821
203822
203823
203824
203825
203826
203827
203828
203829
203830
203831
203832
203833
203834
203835
203836
203837
203838
203839
203840
203841
204392
204393
204394
204395
204396
204397
204398
204399
204400
204401
204402
204403
204404
204405
204406
204407
204408
204409
204410
204411
204412
204413
204414
204415
204416
204417
204418
204419
204420
204421
204422
204423
204424
204425
204426
204427
204428
204429
204430
204431
204432
204433
204434
204435
204436
204437
204438
204439
204440
204441
204442
204443
204444
204445
204446
204447
204448
204449
204450
204451
204452
204453
204454
204455
204456
204457
204458
204459
204460
204461
204462
204463
204464
204465
204466
204467
204468
204469
204470
204471
204472
204473
204474
204475
204476
204477
204478
204479
204480
204481
205032
205033
205034
205035
205036
205037
205038
205039
205040
205041
205042
205043
205044
205045
205046
205047
205048
205049
205050
205051
205052
205053
205054
205055
205056
205057
205058
205059
205060
205061
205062
205063
205064
205065
205066
205067
205068
205069
205070
205071
205072
205073
205074
205075
205076
205077
205078
205079
205080
205081
205082
205083
205084
205085
205086
205087
205088
205089
205090
205091
205092
205093
205094
205095
205096
205097
205098
205099
205100
205101
205102
205103
205104
205105
205106
205107
205108
205109
205110
205111
205112
205113
205114
205115
205116
205117
205118
205119
205120
205121
205672
205673
205674
205675
205676
205677
205678
205679
205680
205681
205682
205683
205684
205685
205686
205687
205688
205689
205690
205691
205692
205693
205694
205695
205696
205697
205698
205699
205700
205701
205702
205703
205704
205705
205706
205707
205708
205709
205710
205711
205712
205713
205714
205715
205716
205717
205718
205719
205720
205721
205722
205723
205724
205725
205726
205727
205728
205729
205730
205731
205732
205733
205734
205735
205736
205737
205738
205739
205740
205741
205742
205743
205744
205745
205746
205747
205748
205749
205750
205751
205752
205753
205754
205755
205756
205757
205758
205759
205760
205761
206312
206313
206314
206315
206316
206317
206318
206319
206320
206321
206322
206323
206324
206325
206326
206327
206328
206329
206330
206331
206332
206333
206334
206335
206336
206337
206338
206339
206340
206341
206342
206343
206344
206345
206346
206347
206348
206349
206350
206351
206352
206353
206354
206355
206356
206357
206358
206359
206360
206361
206362
206363
206364
206365
206366
206367
206368
206369
206370
206371
206372
206373
206374
206375
206376
206377
206378
206379
206380
206381
206382
206383
206384
206385
206386
206387
206388
206389
206390
206391
206392
206393
206394
206395
206396
206397
206398
206399
206400
206401
206951
206952
206953
206954
206955
206956
206957
206958
206959
206960
206961
206962
206963
206964
206965
206966
206967
206968
206969
206970
206971
206972
206973
206974
206975
206976
206977
206978
206979
206980
206981
206982
206983
206984
206985
206986
206987
206988
206989
206990
206991
206992
206993
206994
206995
206996
206997
206998
206999
207000
207001
207002
207003
207004
207005
207006
207007
207008
207009
207010
207011
207012
207013
207014
207015
207016
207017
207018
207019
207020
207021
207022
207023
207024
207025
207026
207027
207028
207029
207030
207031
207032
207033
207034
207035
207036
207037
207038
207039
207040
207041
207591
207592
207593
207594
207595
207596
207597
207598
207599
207600
207601
207602
207603
207604
207605
207606
207607
207608
207609
207610
207611
207612
207613
207614
207615
207616
207617
207618
207619
207620
207621
207622
207623
207624
207625
207626
207627
207628
207629
207630
207631
207632
207633
207634
207635
207636
207637
207638
207639
207640
207641
207642
207643
207644
207645
207646
207647
207648
207649
207650
207651
207652
207653
207654
207655
207656
207657
207658
207659
207660
207661
207662
207663
207664
207665
207666
207667
207668
207669
207670
207671
207672
207673
207674
207675
207676
207677
207678
207679
207680
207681
208231
208232
208233
208234
208235
208236
208237
208238
208239
208240
208241
208242
208243
208244
208245
208246
208247
208248
208249
208250
208251
208252
208253
208254
208255
208256
208257
208258
208259
208260
208261
208262
208263
208264
208265
208266
208267
208268
208269
208270
208271
208272
208273
208274
208275
208276
208277
208278
208279
208280
208281
208282
208283
208284
208285
208286
208287
208288
208289
208290
208291
208292
208293
208294
208295
208296
208297
208298
208299
208300
208301
208302
208303
208304
208305
208306
208307
208308
208309
208310
208311
208312
208313
208314
208315
208316
208317
208318
208319
208320
208321
208871
208872
208873
208874
208875
208876
208877
208878
208879
208880
208881
208882
208883
208884
208885
208886
208887
208888
208889
208890
208891
208892
208893
208894
208895
208896
208897
208898
208899
208900
208901
208902
208903
208904
208905
208906
208907
208908
208909
208910
208911
208912
208913
208914
208915
208916
208917
208918
208919
208920
208921
208922
208923
208924
208925
208926
208927
208928
208929
208930
208931
208932
208933
208934
208935
208936
208937
208938
208939
208940
208941
208942
208943
208944
208945
208946
208947
208948
208949
208950
208951
208952
208953
208954
208955
208956
208957
208958
208959
208960
208961
208962
208963
209512
209513
209514
209515
209516
209517
209518
209519
209520
209521
209522
209523
209524
209525
209526
209527
209528
209529
209530
209531
209532
209533
209534
209535
209536
209537
209538
209539
209540
209541
209542
209543
209544
209545
209546
209547
209548
209549
209550
209551
209552
209553
209554
209555
209556
209557
209558
209559
209560
209561
209562
209563
209564
209565
209566
209567
209568
209569
209570
209571
209572
209573
209574
209575
209576
209577
209578
209579
209580
209581
209582
209583
209584
209585
209586
209587
209588
209589
209590
209591
209593
209594
209595
209596
209597
209598
209599
209600
209601
209602
209603
210152
210153
210154
210155
210156
210157
210158
210159
210160
210161
210162
210163
210164
210165
210166
210167
210168
210169
210170
210171
210172
210173
210174
210175
210176
210177
210178
210179
210180
210181
210182
210183
210184
210185
210186
210187
210188
210189
210190
210191
210192
210193
210194
210195
210196
210197
210198
210199
210200
210201
210202
210203
210204
210205
210206
210207
210208
210209
210210
210211
210212
210213
210214
210215
210216
210217
210218
210219
210220
210221
210222
210223
210224
210225
210226
210227
210228
210229
210230
210231
210234
210235
210236
210237
210238
210239
210240
210241
210242
210243
210792
210793
210794
210795
210796
210797
210798
210799
210800
210801
210802
210803
210804
210805
210806
210807
210808
210809
210810
210811
210812
210813
210814
210815
210816
210817
210818
210819
210820
210821
210822
210823
210824
210825
210826
210827
210828
210829
210830
210831
210832
210833
210834
210835
210836
210837
210838
210839
210840
210841
210842
210843
210844
210845
210846
210847
210848
210849
210850
210851
210852
210853
210854
210855
210856
210857
210858
210859
210860
210861
210862
210863
210864
210865
210866
210867
210868
210869
210870
210871
210875
210876
210877
210878
210879
210880
210881
210882
210883
210884
211432
211433
211434
211435
211436
211437
211438
211439
211440
211441
211442
211443
211444
211445
211446
211447
211448
211449
211450
211451
211452
211453
211454
211455
211456
211457
211458
211459
211460
211461
211462
211463
211464
211465
211466
211467
211468
211469
211470
211471
211472
211473
211474
211475
211476
211477
211478
211479
211480
211481
211482
211483
211484
211485
211486
211487
211488
211489
211490
211491
211492
211493
211494
211495
211496
211497
211498
211499
211500
211501
211502
211503
211504
211505
211506
211507
211508
211509
211510
211511
211515
211516
211517
211518
211519
211520
211521
211522
211523
212072
212073
212074
212075
212076
212077
212078
212079
212080
212081
212082
212083
212084
212085
212086
212087
212088
212089
212090
212091
212092
212093
212094
212095
212096
212097
212098
212099
212100
212101
212102
212103
212104
212105
212106
212107
212108
212109
212110
212111
212112
212113
212114
212115
212116
212117
212118
212119
212120
212121
212122
212123
212124
212125
212126
212127
212128
212129
212130
212131
212132
212133
212134
212135
212136
212137
212138
212139
212140
212141
212142
212143
212144
212145
212146
212147
212148
212149
212150
212151
212156
212157
212158
212159
212160
212161
212162
212712
212713
212714
212715
212716
212717
212718
212719
212720
212721
212722
212723
212724
212725
212726
212727
212728
212729
212730
212731
212732
212733
212734
212735
212736
212737
212738
212739
212740
212741
212742
212743
212744
212745
212746
212747
212748
212749
212750
212751
212752
212753
212754
212755
212756
212757
212758
212759
212760
212761
212762
212763
212764
212765
212766
212767
212768
212769
212770
212771
212772
212773
212774
212775
212776
212777
212778
212779
212780
212781
212782
212783
212784
212785
212786
212787
212788
212789
212790
212791
212792
212796
212797
212798
212799
212800
212801
212802
213352
213353
213354
213355
213356
213357
213358
213359
213360
213361
213362
213363
213364
213365
213366
213367
213368
213369
213370
213371
213372
213373
213374
213375
213376
213377
213378
213379
213380
213381
213382
213383
213384
213385
213386
213387
213388
213389
213390
213391
213392
213393
213394
213395
213396
213397
213398
213399
213400
213401
213402
213403
213404
213405
213406
213407
213408
213409
213410
213411
213412
213413
213414
213415
213416
213417
213418
213419
213420
213421
213422
213423
213424
213425
213426
213427
213428
213429
213430
213431
213432
213436
213437
213438
213439
213440
213441
213442
213993
213994
213995
213996
213997
213998
213999
214000
214001
214002
214003
214004
214005
214006
214007
214008
214009
214010
214011
214012
214013
214014
214015
214016
214017
214018
214019
214020
214021
214022
214023
214024
214025
214026
214027
214028
214029
214030
214031
214032
214033
214034
214035
214036
214037
214038
214039
214040
214041
214042
214043
214044
214045
214046
214047
214048
214049
214050
214051
214052
214053
214054
214055
214056
214057
214058
214059
214060
214061
214062
214063
214064
214065
214066
214067
214068
214069
214070
214071
214072
214073
214076
214077
214078
214079
214080
214081
214082
214633
214634
214635
214636
214637
214638
214639
214640
214641
214642
214643
214644
214645
214646
214647
214648
214649
214650
214651
214652
214653
214654
214655
214656
214657
214658
214659
214660
214661
214662
214663
214664
214665
214666
214667
214668
214669
214670
214671
214672
214673
214674
214675
214676
214677
214678
214679
214680
214681
214682
214683
214684
214685
214686
214687
214688
214689
214690
214691
214692
214693
214694
214695
214696
214697
214698
214699
214700
214701
214702
214703
214704
214705
214706
214707
214708
214709
214710
214711
214712
214713
214717
214718
214719
214720
214721
214722
215273
215274
215275
215276
215277
215278
215279
215280
215281
215282
215283
215284
215285
215286
215287
215288
215289
215290
215291
215292
215293
215294
215295
215296
215297
215298
215299
215300
215301
215302
215303
215304
215305
215306
215307
215308
215309
215310
215311
215312
215313
215314
215315
215316
215317
215318
215319
215320
215321
215322
215323
215324
215325
215326
215327
215328
215329
215330
215331
215332
215333
215334
215335
215336
215337
215338
215339
215340
215341
215342
215343
215344
215345
215346
215347
215348
215349
215350
215351
215352
215353
215354
215355
215356
215357
215358
215359
215360
215361
215362
215913
215914
215915
215916
215917
215918
215919
215920
215921
215922
215923
215924
215925
215926
215927
215928
215929
215930
215931
215932
215933
215934
215935
215936
215937
215938
215939
215940
215941
215942
215943
215944
215945
215946
215947
215948
215949
215950
215951
215952
215953
215954
215955
215956
215957
215958
215959
215960
215961
215962
215963
215964
215965
215966
215967
215968
215969
215970
215971
215972
215973
215974
215975
215976
215977
215978
215979
215980
215981
215982
215983
215984
215985
215986
215987
215988
215989
215990
215991
215992
215993
215994
215995
215996
215997
215998
215999
216000
216001
216002
216552
216553
216554
216555
216556
216557
216558
216559
216560
216561
216562
216563
216564
216565
216566
216567
216568
216569
216570
216571
216572
216573
216574
216575
216576
216577
216578
216579
216580
216581
216582
216583
216584
216585
216586
216587
216588
216589
216590
216591
216592
216593
216594
216595
216596
216597
216598
216599
216600
216601
216602
216603
216604
216605
216606
216607
216608
216609
216610
216611
216612
216613
216614
216615
216616
216617
216618
216619
216620
216621
216622
216623
216624
216625
216626
216627
216628
216629
216630
216631
216632
216633
216634
216635
216636
216637
216638
216639
216640
216641
216642
217192
217193
217194
217195
217196
217197
217198
217199
217200
217201
217202
217203
217204
217205
217206
217207
217208
217209
217210
217211
217212
217213
217214
217215
217216
217217
217218
217219
217220
217221
217222
217223
217224
217225
217226
217227
217228
217229
217230
217231
217232
217233
217234
217235
217236
217237
217238
217239
217240
217241
217242
217243
217244
217245
217246
217247
217248
217249
217250
217251
217252
217253
217254
217255
217256
217257
217258
217259
217260
217261
217262
217263
217264
217265
217266
217267
217268
217269
217270
217271
217272
217273
217274
217275
217276
217277
217278
217279
217280
217281
217282
217832
217833
217834
217835
217836
217837
217838
217839
217840
217841
217842
217843
217844
217845
217846
217847
217848
217849
217850
217851
217852
217853
217854
217855
217856
217857
217858
217859
217860
217861
217862
217863
217864
217865
217866
217867
217868
217869
217870
217871
217872
217873
217874
217875
217876
217877
217878
217879
217880
217881
217882
217883
217884
217885
217886
217887
217888
217889
217890
217891
217892
217893
217894
217895
217896
217897
217898
217899
217900
217901
217902
217903
217904
217905
217906
217907
217908
217909
217910
217911
217912
217913
217914
217915
217916
217917
217918
217919
217920
217921
218472
218473
218474
218475
218476
218477
218478
218479
218480
218481
218482
218483
218484
218485
218486
218487
218488
218489
218490
218491
218492
218493
218494
218495
218496
218497
218498
218499
218500
218501
218502
218503
218504
218505
218506
218507
218508
218509
218510
218511
218512
218513
218514
218515
218516
218517
218518
218519
218520
218521
218522
218523
218524
218525
218526
218527
218528
218529
218530
218531
218532
218533
218534
218535
218536
218537
218538
218539
218540
218541
218542
218543
218544
218545
218546
218547
218548
218549
218550
218551
218552
218553
218554
218555
218556
218557
218558
218559
218560
218561
219112
219113
219114
219115
219116
219117
219118
219119
219120
219121
219122
219123
219124
219125
219126
219127
219128
219129
219130
219131
219132
219133
219134
219135
219136
219137
219138
219139
219140
219141
219142
219143
219144
219145
219146
219147
219148
219149
219150
219151
219152
219153
219154
219155
219156
219157
219158
219159
219160
219161
219162
219163
219164
219165
219166
219167
219168
219169
219170
219171
219172
219173
219174
219175
219176
219177
219178
219179
219180
219181
219182
219183
219184
219185
219186
219187
219188
219189
219190
219191
219192
219193
219194
219195
219196
219197
219198
219199
219200
219752
219753
219754
219755
219756
219757
219758
219759
219760
219761
219762
219763
219764
219765
219766
219767
219768
219769
219770
219771
219772
219773
219774
219775
219776
219777
219778
219779
219780
219781
219782
219783
219784
219785
219786
219787
219788
219789
219790
219791
219792
219793
219794
219795
219796
219797
219798
219799
219800
219801
219802
219803
219804
219805
219806
219807
219808
219809
219810
219811
219812
219813
219814
219815
219816
219817
219818
219819
219820
219821
219822
219823
219824
219825
219826
219827
219828
219829
219830
219831
219832
219833
219834
219835
219836
219837
219838
219839
220393
220394
220395
220396
220397
220398
220399
220400
220401
220402
220403
220404
220405
220406
220407
220408
220409
220410
220411
220412
220413
220414
220415
220416
220417
220418
220419
220420
220421
220422
220423
220424
220425
220426
220427
220428
220429
220430
220431
220432
220433
220434
220435
220436
220437
220438
220439
220440
220441
220442
220443
220444
220445
220446
220447
220448
220449
220450
220451
220452
220453
220454
220455
220456
220457
220458
220459
220460
220461
220462
220463
220464
220465
220466
220467
220468
220469
220470
220471
220472
220473
220474
220475
220476
220477
220478
220479
221033
221034
221035
221036
221037
221038
221039
221040
221041
221042
221043
221044
221045
221046
221047
221048
221049
221050
221051
221052
221053
221054
221055
221056
221057
221058
221059
221060
221061
221062
221063
221064
221065
221066
221067
221068
221069
221070
221071
221072
221073
221074
221075
221076
221077
221078
221079
221080
221081
221082
221083
221084
221085
221086
221087
221088
221089
221090
221091
221092
221093
221094
221095
221096
221097
221098
221099
221100
221101
221102
221103
221104
221105
221106
221107
221108
221109
221110
221111
221112
221113
221114
221115
221116
221117
221118
221119
221120
221121
221673
221674
221675
221676
221677
221678
221679
221680
221681
221682
221683
221684
221685
221686
221687
221688
221689
221690
221691
221692
221693
221694
221695
221696
221697
221698
221699
221700
221701
221702
221703
221704
221705
221706
221707
221708
221709
221710
221711
221712
221713
221714
221715
221716
221717
221718
221719
221720
221721
221722
221723
221724
221725
221726
221727
221728
221729
221730
221731
221732
221733
221734
221735
221736
221737
221738
221739
221740
221741
221742
221743
221744
221745
221746
221747
221748
221749
221750
221751
221752
221753
221754
221755
221756
221757
221758
221759
221760
221761
222314
222315
222316
222317
222318
222319
222320
222321
222322
222323
222324
222325
222326
222327
222328
222329
222330
222331
222332
222333
222334
222335
222336
222337
222338
222339
222340
222341
222342
222343
222344
222345
222346
222347
222348
222349
222350
222351
222352
222353
222354
222355
222356
222357
222358
222359
222360
222361
222362
222363
222364
222365
222366
222367
222368
222369
222370
222371
222372
222373
222374
222375
222376
222377
222378
222379
222380
222381
222382
222383
222384
222385
222386
222387
222388
222389
222390
222391
222392
222393
222394
222395
222396
222397
222398
222399
222400
222954
222955
222956
222957
222958
222959
222960
222961
222962
222963
222964
222965
222966
222967
222968
222969
222970
222971
222972
222973
222974
222975
222976
222977
222978
222979
222980
222981
222982
222983
222984
222985
222986
222987
222988
222989
222990
222991
222992
222993
222994
222995
222996
222997
222998
222999
223000
223001
223002
223003
223004
223005
223006
223007
223008
223009
223010
223011
223012
223013
223014
223015
223016
223017
223018
223019
223020
223021
223022
223023
223024
223025
223026
223027
223028
223030
223031
223032
223033
223034
223035
223036
223037
223038
223039
223593
223594
223595
223596
223597
223598
223599
223600
223601
223602
223603
223604
223605
223606
223607
223608
223609
223610
223611
223612
223613
223614
223615
223616
223617
223618
223619
223620
223621
223622
223623
223624
223625
223626
223627
223628
223629
223630
223631
223632
223633
223634
223635
223636
223637
223638
223639
223640
223641
223642
223643
223644
223645
223646
223647
223648
223649
223650
223651
223652
223653
223654
223655
223656
223657
223658
223659
223660
223661
223662
223663
223664
223665
223666
223667
223671
223672
223673
223674
223675
223676
223677
223678
223679
224233
224234
224235
224236
224237
224238
224239
224240
224241
224242
224243
224244
224245
224246
224247
224248
224249
224250
224251
224252
224253
224254
224255
224256
224257
224258
224259
224260
224261
224262
224263
224264
224265
224266
224267
224268
224269
224270
224271
224272
224273
224274
224275
224276
224277
224278
224279
224280
224281
224282
224283
224284
224285
224286
224287
224288
224289
224290
224291
224292
224293
224294
224295
224296
224297
224298
224299
224300
224301
224302
224303
224304
224305
224306
224311
224312
224313
224314
224315
224316
224317
224318
224319
224873
224874
224875
224876
224877
224878
224879
224880
224881
224882
224883
224884
224885
224886
224887
224888
224889
224890
224891
224892
224893
224894
224895
224896
224897
224898
224899
224900
224901
224902
224903
224904
224905
224906
224907
224908
224909
224910
224911
224912
224913
224914
224915
224916
224917
224918
224919
224920
224921
224922
224923
224924
224925
224926
224927
224928
224929
224930
224931
224932
224933
224934
224935
224936
224937
224938
224939
224940
224941
224942
224943
224951
224952
224953
224954
224955
224956
224957
224958
225513
225514
225515
225516
225517
225518
225519
225520
225521
225522
225523
225524
225525
225526
225527
225528
225529
225530
225531
225532
225533
225534
225535
225536
225537
225538
225539
225540
225541
225542
225543
225544
225545
225546
225547
225548
225549
225550
225551
225552
225553
225554
225555
225556
225557
225558
225559
225560
225561
225562
225563
225564
225565
225566
225567
225568
225569
225570
225571
225572
225573
225574
225575
225576
225577
225578
225579
225580
225581
225591
225592
225593
225594
225595
225596
225597
225598
226153
226154
226155
226156
226157
226158
226159
226160
226161
226162
226163
226164
226165
226166
226167
226168
226169
226170
226171
226172
226173
226174
226175
226176
226177
226178
226179
226180
226181
226182
226183
226184
226185
226186
226187
226188
226189
226190
226191
226192
226193
226194
226195
226196
226197
226198
226199
226200
226201
226202
226203
226204
226205
226206
226207
226208
226209
226210
226211
226212
226213
226214
226215
226216
226217
226218
226219
226232
226233
226234
226235
226236
226237
226238
226795
226796
226797
226798
226799
226800
226801
226802
226803
226804
226805
226806
226807
226808
226809
226810
226811
226812
226813
226814
226815
226816
226817
226818
226819
226820
226821
226822
226823
226824
226825
226826
226827
226828
226829
226830
226831
226832
226833
226834
226835
226836
226837
226838
226839
226840
226841
226842
226843
226844
226845
226846
226847
226848
226849
226850
226851
226852
226853
226854
226855
226856
226857
226873
226874
226875
226876
226877
226878
227435
227436
227437
227438
227439
227440
227441
227442
227443
227444
227445
227446
227447
227448
227449
227450
227451
227452
227453
227454
227455
227456
227457
227458
227459
227460
227461
227462
227463
227464
227465
227466
227467
227468
227469
227470
227471
227472
227473
227474
227475
227476
227477
227478
227479
227480
227481
227482
227483
227484
227485
227486
227487
227488
227489
227490
227491
227492
227493
227494
227495
227513
227514
227515
227516
227517
227518
227519
228075
228076
228077
228078
228079
228080
228081
228082
228083
228084
228085
228086
228087
228088
228089
228090
228091
228092
228093
228094
228095
228096
228097
228098
228099
228100
228101
228102
228103
228104
228105
228106
228107
228108
228109
228110
228111
228112
228113
228114
228115
228116
228117
228118
228119
228120
228121
228122
228123
228124
228125
228126
228127
228128
228129
228130
228131
228132
228133
228134
228135
228153
228154
228155
228156
228157
228158
228159
228715
228716
228717
228718
228719
228720
228721
228722
228723
228724
228725
228726
228727
228728
228729
228730
228731
228732
228733
228734
228735
228736
228737
228738
228739
228740
228741
228742
228743
228744
228745
228746
228747
228748
228749
228750
228751
228752
228753
228754
228755
228756
228757
228758
228759
228760
228761
228762
228763
228764
228765
228766
228767
228768
228769
228770
228771
228772
228773
228790
228791
228792
228793
228794
228795
228796
228797
228798
229356
229357
229358
229359
229360
229361
229362
229363
229364
229365
229366
229367
229368
229369
229370
229371
229372
229373
229374
229375
229376
229377
229378
229379
229380
229381
229382
229383
229384
229385
229386
229387
229388
229389
229390
229391
229392
229393
229394
229395
229396
229397
229398
229399
229400
229401
229402
229403
229404
229405
229406
229407
229408
229409
229410
229411
229412
229431
229432
229433
229434
229435
229436
229997
229998
229999
230000
230001
230002
230003
230004
230005
230006
230007
230008
230009
230010
230011
230012
230013
230014
230015
230016
230017
230018
230019
230020
230021
230022
230023
230024
230025
230026
230027
230028
230029
230030
230031
230032
230033
230034
230035
230036
230037
230038
230039
230040
230041
230042
230043
230044
230045
230046
230047
230048
230049
230050
230051
230052
230067
230068
230069
230070
230071
230072
230073
230074
230638
230639
230640
230641
230642
230643
230644
230645
230646
230647
230648
230649
230650
230651
230652
230653
230654
230655
230656
230657
230658
230659
230660
230661
230662
230663
230664
230665
230666
230667
230668
230669
230670
230671
230672
230673
230674
230675
230676
230677
230678
230679
230680
230681
230682
230683
230684
230685
230686
230687
230688
230689
230690
230691
230692
230706
230707
230708
230709
230710
230711
230712
231280
231281
231282
231283
231284
231285
231286
231287
231288
231289
231290
231291
231292
231293
231294
231295
231296
231297
231298
231299
231300
231301
231302
231303
231304
231305
231306
231307
231308
231309
231310
231311
231312
231313
231314
231315
231316
231317
231318
231319
231320
231321
231322
231323
231324
231325
231326
231327
231328
231329
231330
231331
231344
231345
231346
231347
231348
231349
231350
231351
231922
231923
231924
231925
231926
231927
231928
231929
231930
231931
231932
231933
231934
231935
231936
231937
231938
231939
231940
231941
231942
231943
231944
231945
231946
231947
231948
231949
231950
231951
231952
231953
231954
231955
231956
231957
231958
231959
231960
231961
231962
231963
231964
231965
231966
231967
231968
231969
231970
231971
231972
231973
231982
231983
231984
231985
231986
231987
231988
231989
232563
232564
232565
232566
232567
232568
232569
232570
232571
232572
232573
232574
232575
232576
232577
232578
232579
232580
232581
232582
232583
232584
232585
232586
232587
232588
232589
232590
232591
232592
232593
232594
232595
232596
232597
232598
232599
232600
232601
232602
232603
232604
232605
232606
232607
232608
232609
232610
232611
232612
232613
232620
232621
232622
232623
232624
232625
232626
233203
233204
233205
233206
233207
233208
233209
233210
233211
233212
233213
233214
233215
233216
233217
233218
233219
233220
233221
233222
233223
233224
233225
233226
233227
233228
233229
233230
233231
233232
233233
233234
233235
233236
233237
233238
233239
233240
233241
233242
233243
233244
233245
233246
233247
233248
233249
233250
233251
233252
233253
233259
233260
233261
233262
233263
233264
233844
233845
233846
233847
233848
233849
233850
233851
233852
233853
233854
233855
233856
233857
233858
233859
233860
233861
233862
233863
233864
233865
233866
233867
233868
233869
233870
233871
233872
233873
233874
233875
233876
233877
233878
233879
233880
233881
233882
233886
233887
233888
233889
233890
233891
233892
233893
233898
233899
233900
233901
233902
233903
234485
234486
234487
234488
234489
234490
234491
234492
234493
234494
234495
234496
234497
234498
234499
234500
234501
234502
234503
234504
234505
234506
234507
234508
234509
234510
234511
234512
234513
234514
234515
234516
234517
234518
234519
234520
234521
234522
234523
234526
234527
234528
234529
234530
234531
234532
234533
234534
234535
234536
234537
234538
234539
234540
234541
235125
235126
235127
235128
235129
235130
235131
235132
235133
235134
235135
235136
235137
235138
235139
235140
235141
235142
235143
235144
235145
235146
235147
235148
235149
235150
235151
235152
235153
235154
235155
235156
235157
235158
235159
235160
235161
235167
235168
235169
235170
235171
235172
235173
235174
235175
235176
235177
235178
235179
235180
235766
235767
235768
235769
235770
235771
235772
235773
235774
235775
235776
235777
235778
235779
235780
235781
235782
235783
235784
235785
235786
235787
235788
235789
235790
235791
235792
235793
235794
235795
235796
235797
235798
235799
235800
235801
235807
235808
235809
235810
235811
235812
235813
235814
235815
235816
235817
235818
236408
236409
236410
236411
236412
236413
236414
236415
236416
236417
236418
236419
236420
236421
236422
236423
236424
236425
236426
236427
236428
236429
236430
236431
236432
236433
236434
236435
236436
236437
236438
236439
236440
236441
236447
236448
236449
236450
236451
236452
236453
236454
236455
236456
236457
237049
237050
237051
237052
237053
237054
237055
237056
237057
237058
237059
237060
237061
237062
237063
237064
237065
237066
237067
237068
237069
237070
237071
237072
237073
237074
237075
237076
237078
237079
237080
237081
237086
237087
237088
237089
237090
237091
237092
237093
237094
237095
237689
237690
237691
237692
237693
237694
237695
237696
237697
237698
237699
237700
237701
237702
237703
237704
237705
237706
237707
237708
237709
237710
237711
237712
237713
237715
237716
237717
237718
237723
237725
237726
237727
237728
237729
237730
237731
237732
237733
238330
238331
238332
238333
238334
238335
238336
238337
238338
238339
238340
238341
238342
238343
238344
238345
238346
238347
238348
238349
238350
238351
238352
238353
238358
238359
238360
238361
238362
238363
238364
238365
238366
238367
238368
238369
238370
238371
238971
238972
238973
238974
238975
238976
238977
238978
238979
238980
238981
238982
238983
238984
238985
238986
238987
238988
238989
238990
238991
238992
238993
238999
239000
239001
239002
239003
239004
239005
239006
239007
239008
239009
239613
239614
239615
239616
239617
239618
239619
239620
239621
239622
239623
239624
239625
239626
239627
239628
239629
239630
239631
239632
239633
239638
239639
239640
239641
239642
239643
239644
239645
239646
239647
239648
240254
240255
240256
240257
240258
240259
240260
240261
240262
240263
240264
240265
240266
240267
240268
240269
240270
240271
240272
240273
240274
240275
240278
240279
240280
240281
240282
240283
240284
240285
240286
240895
240896
240897
240898
240899
240900
240901
240902
240903
240904
240905
240906
240907
240908
240909
240910
240911
240912
240913
240914
240915
240916
240917
240918
240919
240920
240921
240922
240923
240924
241535
241536
241537
241538
241539
241540
241541
241542
241543
241544
241545
241546
241547
241548
241549
241550
241551
241552
241553
241554
241555
241556
241557
241558
241559
241560
241561
241562
242176
242177
242178
242179
242180
242181
242182
242183
242184
242185
242186
242187
242188
242189
242190
242191
242192
242193
242194
242195
242196
242197
242198
242199
242200
242201
242817
242818
242819
242820
242821
242822
242823
242824
242825
242826
242827
242828
242829
242830
242831
242832
242833
242834
242835
242836
242837
242838
242839
243459
243460
243461
243462
243463
243464
243465
243466
243467
243468
243469
243470
243471
243472
243473
243474
243475
243476
243477
244100
244101
244102
244103
244104
244105
244106
244107
244108
244109
244110
244111
244112
244113
244114
244115
244741
244742
244743
244744
244745
244746
244747
244748
244749
244750
244751
244752
244753
245383
245384
245385
245386
245387
245388
245389
245390
245391
246025
246026
246027
246028
246029
