163521
163522
164151
164152
164153
164154
164162
164163
164164
164165
164166
164167
164168
164169
164789
164790
164791
164792
164793
164794
164801
164802
164803
164804
164805
164806
164807
164808
164809
164810
164811
164812
164813
164814
165427
165428
165429
165430
165431
165432
165433
165434
165435
165440
165441
165442
165443
165444
165445
165446
165447
165448
165449
165450
165451
165452
165453
165454
165455
165456
165457
166065
166066
166067
166068
166069
166070
166071
166072
166073
166074
166075
166076
166080
166081
166082
166083
166084
166085
166086
166087
166088
166089
166090
166091
166092
166093
166094
166095
166096
166097
166704
166705
166706
166707
166708
166709
166710
166711
166712
166713
166714
166715
166716
166720
166721
166722
166723
166724
166725
166726
166727
166728
166729
166730
166731
166732
166733
166734
166735
166736
166737
166738
166739
167343
167344
167345
167346
167347
167348
167349
167350
167351
167352
167353
167354
167355
167356
167361
167362
167363
167364
167365
167366
167367
167368
167369
167370
167371
167372
167373
167374
167375
167376
167377
167378
167379
167983
167984
167985
167986
167987
167988
167989
167990
167991
167994
167995
168004
168005
168006
168007
168008
168009
168010
168011
168012
168013
168014
168015
168016
168017
168018
168019
168020
168622
168623
168624
168625
168626
168627
168628
168629
168630
168631
168645
168646
168647
168648
168649
168650
168651
168652
168653
168654
168655
168656
168657
168658
168659
168660
168661
169260
169261
169262
169263
169264
169265
169266
169267
169285
169286
169287
169288
169289
169290
169291
169292
169293
169294
169295
169296
169297
169298
169299
169300
169301
169900
169901
169902
169903
169904
169905
169906
169907
169924
169925
169926
169927
169928
169929
169930
169931
169932
169933
169934
169935
169936
169937
169938
169939
169940
169941
170540
170541
170542
170543
170544
170545
170546
170547
170564
170565
170566
170567
170568
170569
170570
170571
170572
170573
170574
170575
170576
170577
170578
170579
170580
170581
171180
171181
171182
171183
171184
171185
171186
171187
171188
171189
171204
171205
171206
171207
171208
171209
171210
171211
171212
171213
171214
171215
171216
171217
171218
171219
171220
171221
171820
171821
171822
171823
171824
171825
171826
171827
171828
171829
171841
171842
171843
171844
171845
171846
171847
171848
171849
171850
171851
171852
171853
171854
171855
171856
171857
171858
171859
171860
171861
171862
172460
172461
172462
172463
172464
172465
172466
172467
172468
172469
172481
172482
172483
172484
172485
172486
172487
172488
172489
172490
172491
172492
172493
172494
172495
172496
172497
172498
172499
172500
172501
172502
173100
173101
173102
173103
173104
173105
173106
173107
173108
173109
173121
173122
173123
173124
173125
173126
173127
173128
173129
173130
173131
173132
173133
173134
173135
173136
173137
173138
173139
173140
173141
173142
173740
173741
173742
173743
173744
173745
173746
173747
173748
173749
173756
173757
173758
173759
173760
173761
173762
173763
173764
173765
173766
173767
173768
173769
173770
173771
173772
173773
173774
173775
173776
173777
173778
173779
173780
173781
173782
173783
174381
174382
174383
174384
174385
174386
174387
174388
174389
174390
174391
174392
174393
174394
174395
174396
174397
174398
174399
174400
174401
174402
174403
174404
174405
174406
174407
174408
174409
174410
174411
174412
174413
174414
174415
174416
174417
174418
174419
174420
174421
174422
174423
175021
175022
175023
175024
175025
175026
175027
175028
175029
175030
175031
175032
175033
175034
175035
175036
175037
175038
175039
175040
175041
175042
175043
175044
175045
175046
175047
175048
175049
175050
175051
175052
175053
175054
175055
175056
175057
175058
175059
175060
175061
175062
175063
175064
175660
175661
175662
175663
175664
175665
175666
175667
175668
175669
175670
175671
175672
175673
175674
175675
175676
175677
175678
175679
175680
175681
175682
175683
175684
175685
175686
175687
175688
175689
175690
175691
175692
175693
175694
175695
175696
175697
175698
175699
175700
175701
175702
175703
175704
176299
176300
176301
176302
176303
176304
176305
176306
176307
176308
176309
176310
176311
176312
176313
176314
176315
176316
176317
176318
176319
176320
176321
176322
176323
176324
176325
176326
176327
176328
176329
176330
176331
176332
176333
176334
176335
176336
176337
176338
176339
176340
176341
176342
176343
176344
176938
176939
176940
176941
176942
176943
176944
176945
176946
176947
176948
176949
176950
176951
176952
176953
176954
176955
176956
176957
176958
176959
176960
176961
176962
176963
176964
176965
176966
176967
176968
176969
176970
176971
176972
176973
176974
176975
176976
176977
176978
176979
176980
176981
176982
176983
177577
177578
177579
177580
177581
177582
177583
177584
177585
177586
177587
177588
177589
177590
177591
177592
177593
177594
177595
177596
177597
177598
177599
177600
177601
177602
177603
177604
177605
177606
177607
177608
177609
177610
177611
177612
177613
177614
177615
177616
177617
177618
177619
177620
177621
177622
178217
178218
178219
178220
178221
178222
178223
178224
178225
178226
178227
178228
178229
178230
178231
178232
178233
178234
178235
178236
178237
178238
178239
178240
178241
178242
178243
178244
178245
178246
178247
178248
178249
178250
178251
178254
178255
178256
178257
178258
178259
178857
178858
178859
178860
178861
178862
178863
178864
178865
178866
178867
178868
178869
178870
178871
178872
178873
178874
178875
178876
178877
178878
178879
178880
178881
178882
178883
178884
178885
178886
178887
178888
178889
178890
178891
178892
178895
178896
178897
179497
179498
179499
179500
179501
179502
179503
179504
179505
179506
179507
179508
179509
179510
179511
179512
179513
179514
179515
179516
179517
179518
179519
179520
179521
179522
179523
179524
179525
179526
179527
179528
179529
179530
179531
179532
180137
180138
180139
180140
180141
180142
180143
180144
180145
180146
180147
180148
180149
180150
180151
180152
180153
180154
180155
180156
180157
180158
180159
180160
180161
180162
180163
180164
180165
180166
180167
180168
180169
180170
180171
180172
180778
180779
180780
180781
180782
180783
180784
180785
180786
180787
180788
180789
180790
180791
180792
180793
180794
180795
180796
180797
180798
180799
180800
180801
180802
180803
180804
180805
180806
180807
180808
180809
180810
180811
180812
181425
181426
181427
181428
181429
181430
181431
181432
181433
181434
181435
181436
181437
181438
181439
181440
181441
181442
181443
181444
181445
181446
181447
181448
181449
181450
182063
182064
182065
182066
182067
182068
182069
182070
182071
182072
182073
182074
182075
182076
182077
182078
182079
182080
182081
182082
182083
182084
182085
182086
182087
182088
182089
182090
182703
182704
182705
182706
182707
182708
182709
182710
182711
182712
182713
182714
182715
182716
182717
182718
182719
182720
182721
182722
182723
182724
182725
182726
182727
182728
182729
182730
183342
183343
183344
183345
183346
183347
183348
183349
183350
183351
183352
183353
183354
183355
183356
183357
183358
183359
183360
183361
183362
183363
183364
183365
183366
183367
183368
183369
183370
183982
183983
183984
183985
183986
183987
183988
183989
183990
183991
183992
183993
183994
183995
183996
183997
183998
183999
184000
184001
184002
184003
184004
184005
184006
184007
184008
184009
184010
184623
184624
184625
184626
184627
184628
184629
184630
184631
184632
184633
184634
184635
184636
184637
184638
184639
184640
184641
184642
184643
184644
184645
184646
184647
184648
184649
185263
185264
185265
185266
185267
185268
185269
185270
185272
185273
185274
185275
185276
185277
185278
185279
185280
185281
185282
185283
185284
185285
185286
185287
185288
185289
185903
185904
185905
185906
185907
185908
185909
185914
185915
185916
185917
185918
185919
185920
185921
185922
185923
185924
185925
185926
185927
185928
186545
186546
186547
186548
186549
186554
186555
186556
186557
186558
186559
186560
186561
186562
186563
186564
186565
186566
186567
186568
187186
187187
187194
187195
187196
187197
187198
187199
187200
187201
187202
187203
187204
187205
187206
187207
187834
187835
187836
187837
187838
187839
187840
187841
187842
187843
187844
187845
187846
187847
187848
187849
187850
187851
187852
188473
188474
188475
188476
188477
188478
188479
188480
188481
188482
188483
188484
188485
188486
188487
188488
188489
188490
188491
188492
189113
189114
189115
189116
189117
189118
189119
189120
189121
189122
189123
189124
189125
189126
189127
189128
189129
189130
189131
189132
189753
189754
189755
189756
189757
189758
189759
189760
189761
189762
189763
189764
189765
189766
189767
189768
189769
189770
189771
189772
190393
190394
190395
190396
190397
190398
190399
190400
190401
190402
190403
190404
190405
190406
190407
190408
190409
190410
190411
191033
191034
191035
191036
191037
191038
191039
191040
191041
191042
191043
191044
191045
191046
191047
191048
191049
191050
191051
191052
191673
191674
191675
191676
191677
191678
191679
191680
191681
191682
191683
191684
191685
191686
191687
191688
191689
191690
191691
191692
192312
192313
192314
192315
192316
192317
192318
192319
192320
192321
192322
192323
192324
192325
192326
192327
192328
192329
192330
192331
192952
192953
192954
192955
192956
192957
192958
192959
192960
192961
192962
192963
192964
192965
192966
192967
192968
192969
192970
192971
192972
193592
193593
193594
193595
193596
193597
193598
193599
193600
193601
193602
193603
193604
193605
193606
193607
193608
193609
193610
193611
193612
194232
194233
194234
194235
194236
194237
194238
194239
194240
194241
194242
194243
194244
194245
194246
194247
194248
194249
194250
194251
194252
194873
194874
194875
194876
194877
194878
194879
194880
194881
194882
194883
194884
194885
194886
194887
194888
194889
194890
194891
194892
195513
195514
195515
195516
195517
195518
195519
195520
195521
195522
195523
195524
195525
195526
195527
195529
195530
195531
195532
196155
196156
196157
196158
196159
196160
196161
196162
196163
196164
196165
196166
196795
196796
196797
196798
196799
196800
196801
196802
196803
196804
196805
197439
197440
197441
197442
197443
198079
198080
198081
221762
221763
221764
221765
222401
222402
222403
222404
222405
223038
223039
223040
223041
223042
223043
223044
223045
223046
