162888
162889
162890
162892
162893
163514
163515
163516
163517
163525
163526
163527
163528
163529
163530
163531
163532
163533
164151
164152
164153
164154
164155
164156
164157
164164
164165
164166
164167
164168
164169
164170
164171
164172
164173
164174
164175
164176
164790
164791
164792
164793
164794
164795
164796
164797
164804
164805
164806
164807
164808
164809
164810
164811
164812
164813
164814
164815
164816
164817
165429
165430
165431
165432
165433
165434
165435
165436
165437
165444
165445
165446
165447
165448
165449
165450
165451
165452
165453
165454
165455
165456
165457
165458
166068
166069
166070
166071
166072
166073
166074
166075
166076
166077
166084
166085
166086
166087
166088
166089
166090
166091
166092
166093
166094
166095
166096
166097
166098
166099
166708
166709
166710
166711
166712
166713
166714
166715
166716
166717
166724
166725
166726
166727
166728
166729
166730
166731
166732
166733
166734
166735
166736
166737
166738
166739
166740
167348
167349
167350
167351
167352
167353
167354
167355
167356
167357
167366
167367
167368
167369
167370
167371
167372
167373
167374
167375
167376
167377
167378
167379
167380
167381
167987
167988
167989
167990
167991
167992
167993
167994
167995
167996
167997
168006
168007
168008
168009
168010
168011
168012
168013
168014
168015
168016
168017
168018
168019
168020
168021
168022
168626
168627
168628
168629
168630
168631
168632
168633
168634
168635
168636
168637
168647
168648
168649
168650
168651
168652
168653
168654
168655
168656
168657
168658
168659
168660
168661
168662
169265
169266
169267
169268
169269
169270
169271
169272
169273
169274
169275
169276
169277
169278
169290
169291
169292
169293
169294
169295
169296
169297
169298
169299
169300
169301
169302
169901
169902
169903
169904
169905
169906
169907
169908
169909
169910
169911
169912
169913
169914
169915
169916
169917
169918
169929
169930
169931
169932
169933
169934
169935
169936
169937
169938
169939
169940
169941
169942
170541
170542
170543
170544
170545
170546
170547
170548
170549
170550
170551
170552
170553
170554
170555
170556
170557
170558
170569
170570
170571
170572
170573
170574
170575
170576
170577
170578
170579
170580
170581
170582
171181
171182
171183
171184
171185
171186
171187
171188
171189
171190
171191
171192
171193
171194
171195
171196
171197
171198
171199
171207
171208
171209
171210
171211
171212
171213
171214
171215
171216
171217
171218
171219
171220
171221
171821
171822
171823
171824
171825
171826
171827
171828
171829
171830
171831
171832
171833
171834
171835
171836
171837
171838
171839
171845
171846
171847
171848
171849
171850
171851
171852
171853
171854
171855
171856
171857
171858
171859
171860
171861
171862
172460
172461
172462
172463
172464
172465
172466
172467
172468
172469
172470
172471
172472
172473
172474
172475
172476
172477
172478
172479
172485
172486
172487
172488
172489
172490
172491
172492
172493
172494
172495
172496
172497
172498
172499
172500
172501
172502
172503
173099
173100
173101
173102
173103
173104
173105
173106
173107
173108
173109
173110
173111
173112
173113
173114
173115
173116
173117
173118
173119
173120
173121
173122
173123
173124
173125
173126
173127
173128
173129
173130
173131
173132
173133
173134
173135
173136
173137
173138
173139
173140
173141
173142
173143
173738
173739
173740
173741
173742
173743
173744
173745
173746
173747
173748
173749
173750
173751
173752
173753
173754
173755
173756
173757
173758
173759
173760
173761
173762
173763
173764
173765
173766
173767
173768
173769
173770
173771
173772
173773
173774
173775
173776
173777
173778
173779
173780
173781
173782
173783
173784
173785
174378
174379
174380
174381
174382
174383
174384
174385
174386
174387
174388
174389
174390
174391
174392
174393
174394
174395
174396
174397
174398
174399
174400
174401
174402
174403
174404
174405
174406
174407
174408
174409
174410
174411
174412
174413
174414
174415
174416
174417
174418
174419
174420
174421
174422
174423
174424
174425
174426
175018
175019
175020
175021
175022
175023
175024
175025
175026
175027
175028
175029
175030
175031
175032
175033
175034
175035
175036
175037
175038
175039
175040
175041
175042
175043
175044
175045
175046
175047
175048
175049
175050
175051
175052
175053
175054
175055
175056
175057
175058
175059
175060
175061
175062
175063
175064
175065
175066
175659
175660
175661
175662
175663
175664
175665
175666
175667
175668
175669
175670
175671
175672
175673
175674
175675
175676
175677
175678
175679
175680
175681
175682
175683
175684
175685
175686
175687
175688
175689
175690
175691
175692
175693
175694
175695
175696
175697
175698
175699
175700
175701
175702
175703
175704
175705
175706
176300
176301
176302
176303
176304
176305
176306
176307
176308
176309
176310
176311
176312
176313
176314
176315
176316
176317
176318
176319
176320
176321
176322
176323
176324
176325
176326
176327
176328
176329
176330
176331
176332
176333
176334
176335
176336
176337
176338
176339
176340
176341
176342
176343
176344
176345
176346
176941
176942
176943
176944
176945
176946
176947
176948
176949
176950
176951
176952
176953
176954
176955
176956
176957
176958
176959
176960
176961
176962
176963
176964
176965
176966
176967
176968
176969
176970
176971
176972
176973
176974
176975
176976
176977
176978
176979
176980
176981
176982
176983
176984
176985
176986
177581
177582
177584
177585
177586
177587
177588
177589
177590
177591
177592
177593
177594
177595
177596
177597
177598
177599
177600
177601
177602
177603
177604
177605
177606
177607
177608
177609
177610
177611
177612
177613
177614
177615
177616
177617
177618
177619
177620
177621
177622
177623
177624
177625
177626
178224
178225
178226
178227
178228
178229
178230
178231
178232
178233
178234
178235
178236
178237
178238
178239
178240
178241
178242
178243
178244
178245
178246
178247
178248
178249
178250
178251
178252
178253
178254
178255
178256
178257
178258
178259
178260
178261
178262
178263
178264
178265
178864
178865
178866
178867
178868
178869
178870
178871
178872
178873
178874
178875
178876
178877
178878
178879
178880
178881
178882
178883
178884
178885
178886
178887
178888
178889
178890
178891
178892
178893
178894
178895
178896
178897
178898
178899
178900
178901
178902
178903
178904
178905
179505
179506
179507
179508
179509
179510
179511
179512
179513
179514
179515
179516
179517
179518
179519
179520
179521
179522
179523
179524
179525
179526
179527
179528
179529
179530
179531
179532
179533
179534
179535
179536
179537
179538
179539
179540
179541
179542
180145
180146
180147
180148
180149
180150
180151
180152
180153
180154
180155
180156
180157
180158
180159
180160
180161
180162
180163
180164
180165
180166
180167
180168
180169
180170
180171
180172
180173
180174
180175
180176
180177
180178
180179
180180
180785
180786
180787
180788
180789
180790
180791
180792
180793
180794
180795
180796
180797
180798
180799
180800
180801
180802
180803
180804
180805
180806
180807
180808
180809
180810
180811
180812
180813
180814
180815
180816
180817
181425
181426
181427
181428
181429
181430
181431
181432
181433
181434
181435
181436
181437
181438
181439
181440
181441
181442
181443
181444
181445
181446
181447
181448
181449
181450
181451
181452
181453
181454
181455
181456
181457
182065
182066
182067
182068
182069
182070
182071
182072
182073
182074
182075
182076
182077
182078
182079
182080
182081
182082
182083
182084
182085
182086
182087
182088
182089
182090
182091
182092
182093
182094
182095
182096
182097
182706
182707
182708
182709
182710
182711
182712
182713
182714
182715
182716
182717
182718
182719
182720
182721
182722
182723
182724
182725
182726
182727
182728
182729
182730
182731
182732
182733
182734
182735
182736
182737
183346
183347
183348
183349
183350
183351
183352
183353
183354
183355
183356
183357
183358
183359
183360
183361
183362
183363
183364
183365
183366
183367
183368
183369
183370
183371
183372
183375
183376
183377
183987
183988
183989
183990
183991
183992
183993
183994
183995
183996
183997
183998
183999
184000
184001
184002
184003
184004
184005
184006
184007
184008
184009
184010
184011
184012
184629
184630
184631
184632
184633
184634
184635
184636
184637
184638
184639
184640
184641
184642
184643
184644
184645
184646
184647
184648
184649
184650
184651
184652
185270
185271
185272
185273
185274
185275
185276
185277
185278
185279
185280
185281
185282
185283
185284
185285
185286
185287
185288
185289
185290
185291
185292
185910
185911
185912
185913
185914
185915
185916
185917
185918
185919
185920
185921
185922
185923
185924
185925
185926
185927
185928
185929
185930
185931
185932
186549
186550
186551
186552
186553
186554
186555
186556
186557
186558
186559
186560
186561
186562
186563
186564
186565
186566
186567
186568
186569
186570
186571
186572
187184
187185
187186
187189
187190
187191
187192
187193
187194
187195
187196
187197
187198
187199
187200
187201
187202
187203
187204
187205
187206
187207
187208
187209
187210
187211
187212
187824
187825
187826
187827
187828
187829
187830
187831
187832
187833
187834
187835
187836
187837
187838
187839
187840
187841
187842
187843
187844
187845
187846
187847
187848
187850
187851
187852
188465
188466
188467
188468
188469
188470
188471
188472
188473
188474
188475
188476
188477
188478
188479
188480
188481
188482
188483
188484
188485
188486
189105
189106
189107
189108
189109
189110
189111
189112
189113
189114
189115
189116
189117
189118
189119
189120
189121
189122
189123
189124
189125
189126
189143
189144
189745
189746
189747
189748
189749
189750
189751
189752
189753
189754
189755
189756
189757
189758
189759
189760
189761
189762
189763
189764
189765
189766
189783
189784
189785
189786
190385
190386
190387
190388
190389
190390
190391
190392
190393
190394
190395
190396
190397
190398
190399
190400
190401
190402
190403
190404
190405
190406
190423
190424
190425
190426
190427
191025
191026
191027
191028
191029
191030
191031
191032
191033
191034
191035
191036
191037
191038
191039
191040
191041
191042
191043
191044
191045
191046
191063
191064
191065
191066
191067
191666
191667
191668
191669
191670
191671
191672
191673
191674
191675
191676
191677
191678
191679
191680
191681
191682
191683
191684
191685
191686
191703
191704
191705
191706
191707
192306
192307
192308
192309
192310
192311
192312
192313
192314
192315
192316
192317
192318
192319
192320
192321
192322
192323
192324
192325
192326
192339
192340
192341
192342
192343
192344
192345
192346
192347
192947
192948
192949
192950
192951
192952
192953
192954
192955
192956
192957
192958
192959
192960
192961
192962
192963
192964
192965
192966
192967
192979
192980
192981
192982
192983
192984
192985
192986
193587
193588
193589
193590
193591
193592
193593
193594
193595
193596
193597
193598
193599
193600
193601
193602
193603
193604
193605
193606
193607
193619
193620
193621
193622
193623
193624
193625
194227
194228
194229
194230
194231
194232
194233
194234
194235
194236
194237
194238
194239
194240
194241
194242
194243
194244
194246
194247
194259
194260
194261
194262
194263
194264
194265
194867
194868
194869
194870
194871
194872
194873
194874
194875
194876
194877
194878
194879
194880
194881
194882
194883
194884
194899
194900
194901
194902
194903
194904
194905
194906
194907
195512
195513
195514
195515
195516
195517
195518
195519
195520
195521
195522
195523
195524
195539
195540
195541
195542
195543
195544
195545
195546
195547
196152
196153
196154
196155
196179
196180
196181
196182
196183
196184
196185
196186
196187
196793
196794
196795
196817
196818
196819
196820
196821
196822
196823
196824
196825
196826
196827
197457
197458
197459
197460
197461
197462
197463
197464
197465
197466
197467
198093
198094
198095
198096
198097
198098
198099
198100
198101
198102
198103
198104
198105
198106
198732
198733
198734
198735
198736
198737
198738
198739
198740
198741
198742
198743
198744
198745
198746
199372
199373
199374
199375
199376
199377
199378
199379
199380
199381
199382
199383
199384
199385
199386
199387
200012
200013
200014
200015
200016
200017
200018
200019
200020
200021
200022
200023
200024
200025
200026
200027
200028
200029
200651
200652
200653
200654
200655
200656
200657
200658
200659
200660
200661
200662
200663
200664
200665
200666
200667
200668
200669
201288
201289
201290
201291
201292
201293
201294
201295
201296
201297
201298
201299
201300
201301
201302
201303
201304
201305
201306
201307
201308
201309
201926
201927
201928
201929
201930
201931
201932
201933
201934
201935
201936
201937
201938
201939
201940
201941
201942
201943
201944
201945
201946
201947
202566
202567
202568
202569
202570
202571
202572
202573
202574
202576
202577
202580
202581
202582
202583
202584
202585
202586
202587
203206
203207
203208
203209
203210
203211
203212
203213
203214
203220
203221
203222
203223
203224
203225
203226
203227
203846
203847
203848
203849
203850
203851
203852
203853
203854
203855
203860
203861
203862
203863
203864
203865
203866
203867
204486
204487
204488
204489
204490
204491
204492
204493
204494
204495
204496
204500
204501
204502
204503
204504
204505
204506
204507
205125
205126
205127
205128
205129
205130
205131
205132
205133
205134
205135
205136
205140
205141
205142
205143
205144
205145
205146
205736
205737
205765
205766
205767
205768
205769
205770
205771
205772
205773
205774
205775
205780
205781
205782
205783
205784
205785
205786
206406
206407
206408
206409
206410
206411
206412
206413
206414
206420
206421
206422
206423
206424
206425
206426
207046
207047
207048
207049
207050
207051
207052
207053
207054
207062
207063
207064
207065
207674
207675
207676
207677
207678
207679
207680
207681
207684
207685
207686
207687
207688
207689
207690
207691
207692
207693
207694
208314
208315
208316
208317
208318
208319
208320
208321
208322
208323
208324
208325
208326
208327
208328
208329
208330
208331
208332
208333
208334
208954
208955
208956
208957
208958
208959
208960
208961
208962
208963
208964
208965
208966
208967
208968
208969
208970
208971
208972
208973
209594
209595
209596
209597
209598
209599
209600
209601
209602
209603
209604
209605
209606
209607
209608
209609
209610
210234
210235
210236
210237
210238
210239
210240
210241
210242
210243
210244
210245
210246
210247
210248
210249
210873
210874
210875
210876
210877
210878
210879
210880
210881
210882
210883
210884
210885
210886
210887
210888
210889
211513
211514
211515
211516
211517
211518
211519
211520
211521
211522
211523
211524
211525
212153
212154
212155
212156
212157
212158
212159
212160
212161
212162
212163
212164
212793
212794
212795
212796
212797
212798
212799
212800
212802
212803
214701
215342
215343
