163537
163538
164164
164165
164166
164167
164168
164169
164170
164171
164172
164173
164174
164175
164176
164177
164178
164179
164180
164802
164803
164804
164805
164806
164807
164808
164809
164810
164811
164812
164813
164814
164815
164816
164817
164818
164819
164820
164821
164822
164823
164824
164825
164826
165442
165443
165444
165445
165446
165447
165448
165449
165450
165451
165452
165453
165454
165455
165456
165457
165458
165459
165460
165461
165462
165463
165464
165465
165466
166085
166086
166087
166088
166089
166090
166091
166092
166093
166094
166095
166096
166097
166098
166099
166100
166101
166102
166103
166104
166105
166106
166107
166725
166726
166729
166730
166731
166732
166733
166734
166735
166736
166737
166738
166739
166740
166741
166742
166743
166744
166745
166746
166747
166748
167369
167370
167371
167372
167373
167374
167375
167376
167377
167378
167379
167380
167381
167382
167383
167384
167385
167386
167387
167388
167992
167993
167994
168010
168011
168012
168013
168014
168015
168016
168017
168018
168019
168020
168021
168022
168023
168024
168025
168026
168027
168028
168631
168632
168633
168634
168635
168654
168655
168656
168657
168658
168659
168660
168661
168662
168663
168664
168665
168666
168667
168668
169269
169270
169271
169272
169273
169274
169275
169295
169296
169297
169298
169299
169300
169301
169302
169303
169304
169305
169306
169307
169308
169909
169910
169911
169912
169913
169914
169915
169917
169918
169919
169920
169921
169936
169937
169938
169939
169940
169941
169942
169943
169944
169945
169946
169947
170549
170550
170551
170552
170553
170554
170555
170556
170557
170558
170559
170560
170561
170562
170577
170578
170579
170580
170581
170582
170583
170584
170585
170586
170587
171188
171189
171190
171191
171192
171193
171194
171195
171196
171197
171198
171199
171200
171201
171202
171203
171204
171216
171217
171218
171219
171220
171221
171222
171223
171224
171225
171226
171227
171228
171828
171829
171830
171831
171832
171833
171834
171835
171836
171837
171838
171839
171840
171841
171842
171843
171844
171845
171846
171847
171848
171855
171856
171857
171858
171859
171860
171861
171862
171863
171864
171865
171866
171867
171868
172468
172469
172470
172471
172472
172473
172474
172475
172476
172477
172478
172479
172480
172481
172482
172483
172484
172485
172486
172487
172488
172489
172490
172491
172495
172496
172497
172498
172499
172500
172501
172502
172503
172504
172505
172506
172507
172508
172509
173110
173111
173112
173113
173114
173115
173116
173117
173118
173119
173120
173121
173122
173123
173124
173125
173126
173127
173128
173129
173130
173131
173135
173136
173137
173138
173139
173140
173141
173142
173143
173144
173145
173146
173147
173148
173149
173150
173750
173751
173752
173753
173754
173755
173756
173757
173758
173759
173760
173761
173762
173763
173764
173765
173766
173767
173768
173769
173770
173771
173772
173773
173774
173775
173776
173777
173778
173779
173780
173781
173782
173783
173784
173785
173786
173787
173788
173789
173790
174393
174394
174395
174396
174397
174398
174399
174400
174401
174402
174403
174404
174405
174406
174407
174408
174409
174410
174411
174412
174413
174414
174415
174416
174417
174418
174419
174420
174421
174422
174423
174424
174425
174426
174427
174428
174429
174430
174431
175033
175034
175035
175036
175037
175038
175039
175040
175041
175042
175043
175044
175045
175046
175047
175048
175049
175050
175051
175052
175053
175054
175055
175056
175057
175058
175059
175060
175061
175062
175063
175064
175065
175066
175067
175068
175069
175070
175071
175072
175073
175074
175672
175673
175674
175675
175676
175677
175678
175679
175680
175681
175682
175683
175684
175685
175686
175687
175688
175689
175690
175691
175692
175693
175694
175695
175696
175697
175698
175699
175700
175701
175702
175703
175704
175705
175706
175707
175708
175709
175710
175711
175712
175713
175714
176312
176313
176314
176315
176316
176317
176318
176319
176320
176321
176322
176323
176324
176325
176326
176327
176328
176329
176330
176331
176332
176333
176334
176335
176336
176337
176338
176339
176340
176341
176342
176343
176344
176345
176346
176347
176348
176349
176350
176351
176352
176353
176354
176952
176953
176954
176955
176956
176957
176958
176959
176960
176961
176962
176963
176964
176965
176966
176967
176968
176969
176970
176971
176972
176973
176974
176975
176976
176977
176978
176979
176980
176981
176982
176983
176984
176985
176986
176987
176988
176989
176990
176991
176992
176993
176994
177592
177593
177594
177595
177596
177597
177598
177599
177600
177601
177602
177603
177604
177605
177606
177607
177608
177609
177610
177611
177612
177613
177614
177615
177616
177617
177618
177619
177620
177621
177622
177623
177624
177625
177626
177627
177628
177629
177630
177631
177632
178232
178233
178234
178235
178236
178237
178238
178239
178240
178241
178242
178243
178244
178245
178246
178247
178248
178249
178250
178251
178252
178253
178254
178255
178256
178257
178258
178259
178260
178261
178262
178263
178264
178265
178266
178267
178268
178269
178270
178271
178272
178872
178873
178874
178875
178876
178877
178878
178879
178880
178881
178882
178883
178884
178885
178886
178887
178888
178889
178890
178891
178892
178893
178894
178895
178896
178897
178898
178899
178900
178901
178902
178903
178904
178905
178906
178907
179512
179513
179514
179515
179516
179517
179518
179519
179520
179521
179522
179523
179524
179525
179526
179527
179528
179529
179530
179531
179532
179533
179534
179535
179536
179537
179538
179539
179540
179541
179542
179543
179544
179545
179546
180154
180155
180156
180157
180158
180159
180160
180161
180162
180163
180164
180165
180166
180167
180168
180169
180170
180171
180172
180173
180174
180175
180176
180177
180178
180179
180180
180181
180182
180183
180184
180185
180186
180187
180795
180796
180797
180798
180799
180800
180801
180802
180803
180804
180805
180806
180807
180808
180809
180810
180811
180812
180813
180814
180815
180816
180817
180818
180819
180820
180821
180822
180823
180824
180825
180826
180827
181435
181436
181437
181438
181439
181440
181441
181442
181443
181444
181445
181446
181447
181448
181449
181450
181451
181452
181453
181454
181455
181456
181457
181458
181459
181460
181461
181462
181463
181464
181465
181466
181467
181468
181469
182075
182076
182077
182078
182079
182080
182081
182082
182083
182084
182085
182086
182087
182088
182089
182090
182091
182092
182093
182094
182095
182096
182097
182098
182099
182100
182105
182106
182107
182108
182109
182714
182715
182716
182717
182718
182719
182720
182721
182722
182723
182724
182725
182726
182727
182728
182729
182730
182731
182732
182733
182734
182735
182736
182737
182738
182739
182746
182747
182748
182749
183354
183355
183356
183357
183358
183359
183360
183361
183362
183363
183364
183365
183366
183367
183368
183369
183370
183371
183372
183373
183374
183375
183376
183377
183378
183994
183995
183996
183997
183998
183999
184000
184001
184002
184003
184004
184005
184006
184007
184008
184009
184010
184011
184012
184013
184014
184015
184016
184017
184018
184027
184028
184029
184030
184635
184636
184637
184638
184639
184640
184641
184642
184643
184644
184645
184646
184647
184648
184649
184650
184651
184652
184653
184654
184655
184656
184657
184666
184667
184668
184669
184670
185274
185275
185276
185281
185282
185283
185284
185285
185286
185287
185288
185289
185290
185291
185292
185293
185294
185295
185296
185305
185306
185307
185308
185309
185310
185311
185914
185915
185916
185922
185923
185924
185925
185926
185927
185928
185929
185930
185931
185932
185933
185934
185945
185946
185947
185948
185949
185950
185951
186554
186555
186563
186564
186565
186566
186567
186568
186569
186570
186571
186572
186573
186574
186584
186585
186586
186587
186588
186589
186590
186591
187192
187193
187194
187195
187196
187204
187205
187206
187207
187208
187209
187210
187211
187212
187213
187214
187224
187225
187226
187227
187228
187229
187230
187231
187832
187833
187834
187835
187836
187844
187845
187847
187848
187849
187850
187851
187852
187853
187854
187855
187856
187857
187864
187865
187866
187867
187868
187869
187870
187871
188474
188475
188476
188487
188488
188489
188490
188491
188492
188493
188494
188495
188496
188497
188501
188502
188503
188504
188505
188506
188507
188508
188509
188510
188511
189114
189115
189116
189131
189132
189134
189135
189136
189137
189141
189142
189143
189144
189145
189146
189147
189148
189149
189150
189151
189754
189755
189781
189782
189783
189784
189785
189786
189787
189788
189789
189790
189791
190419
190420
190421
190422
190423
190424
190425
190426
190427
190428
190429
190430
190431
191043
191044
191045
191058
191059
191060
191061
191062
191063
191064
191065
191066
191067
191068
191069
191070
191071
191072
191683
191684
191685
191686
191687
191688
191689
191690
191698
191699
191700
191701
191702
191703
191704
191705
191706
191707
191708
191709
191710
191711
191712
191713
192318
192319
192320
192323
192324
192325
192326
192327
192328
192329
192330
192331
192338
192339
192340
192341
192342
192343
192344
192345
192346
192347
192348
192349
192350
192351
192352
192353
192958
192959
192960
192961
192962
192963
192964
192965
192966
192967
192968
192969
192970
192971
192978
192979
192980
192981
192982
192983
192984
192985
192986
192987
192988
192989
192990
192991
192992
192993
192994
193598
193599
193600
193601
193602
193603
193604
193605
193606
193607
193608
193609
193618
193619
193620
193621
193622
193623
193624
193625
193626
193627
193628
193629
193630
193631
193632
193633
193634
193635
194238
194239
194240
194241
194242
194243
194244
194245
194246
194247
194248
194258
194259
194260
194261
194262
194263
194264
194265
194266
194267
194268
194269
194270
194271
194272
194273
194274
194275
194878
194879
194880
194881
194882
194883
194884
194885
194886
194887
194897
194898
194899
194900
194901
194902
194903
194904
194905
194906
194907
194908
194909
194910
194911
194912
194913
194914
194915
195517
195518
195519
195520
195521
195522
195523
195524
195525
195526
195527
195537
195538
195539
195540
195541
195542
195543
195544
195545
195546
195547
195548
195549
195550
195551
195552
195553
195554
195555
196157
196158
196159
196160
196161
196162
196163
196164
196165
196166
196177
196178
196179
196180
196181
196182
196183
196184
196185
196186
196187
196188
196189
196190
196191
196192
196193
196194
196195
196797
196798
196799
196800
196801
196802
196803
196804
196805
196806
196807
196817
196818
196819
196820
196821
196822
196823
196824
196825
196826
196827
196828
196829
196830
196831
196832
196833
196834
196835
197437
197438
197439
197440
197441
197442
197443
197444
197445
197446
197447
197448
197458
197459
197460
197461
197462
197463
197464
197465
197466
197467
197468
197469
197470
197471
197472
197473
197474
198077
198078
198079
198080
198081
198082
198083
198084
198085
198086
198087
198088
198089
198098
198099
198100
198101
198102
198103
198104
198105
198106
198107
198108
198109
198110
198111
198112
198113
198114
198717
198718
198719
198720
198721
198722
198723
198724
198725
198726
198727
198728
198729
198730
198738
198739
198740
198741
198742
198743
198744
198745
198746
198747
198748
198749
198750
198751
198752
198753
198754
199356
199357
199358
199359
199360
199361
199362
199363
199364
199365
199366
199367
199368
199369
199370
199378
199379
199380
199381
199382
199383
199384
199385
199386
199387
199388
199389
199390
199391
199392
199393
199394
199996
199997
199998
199999
200000
200001
200002
200003
200004
200005
200006
200007
200008
200009
200021
200022
200023
200024
200025
200026
200027
200028
200029
200030
200031
200032
200033
200034
200035
200636
200637
200638
200639
200640
200641
200642
200643
200644
200645
200646
200647
200648
200649
200662
200663
200664
200665
200666
200667
200668
200669
200670
200671
200672
200673
200674
200675
201277
201278
201279
201280
201281
201282
201283
201284
201285
201286
201287
201288
201289
201305
201306
201307
201308
201309
201310
201311
201312
201313
201314
201315
201917
201918
201919
201920
201921
201922
201923
201924
201925
201926
201927
201928
201929
201945
201946
201947
201948
201949
201950
201951
201952
201953
201954
202557
202558
202559
202560
202561
202562
202563
202564
202565
202566
202567
202568
202569
202587
202588
202589
202590
202591
202592
202593
203197
203198
203199
203200
203201
203202
203203
203204
203205
203206
203207
203208
203209
203837
203838
203839
203840
203841
203842
203843
203844
203845
203846
203847
203848
203849
204478
204479
204480
204481
204482
204483
204484
204485
204486
204487
204488
204489
205117
205118
205119
205120
205121
205122
205123
205124
205125
205126
205127
205128
205129
205756
205757
205758
205759
205760
205761
205762
205763
205764
205765
205766
205767
205768
205769
206396
206397
206398
206399
206400
206401
206402
206403
206404
206405
206406
206407
206408
206409
207036
207037
207038
207039
207040
207041
207042
207043
207044
207045
207046
207047
207048
207049
207676
207677
207678
207679
207680
207681
207682
207683
207684
207685
207686
207687
208317
208318
208319
208320
208321
208322
208323
208324
208325
208326
208327
208959
208960
208961
208962
208963
208964
208965
208966
208967
209599
209600
209601
209602
209603
209604
209605
209606
209607
210239
210240
210241
210242
210243
210244
210245
210246
210247
210248
210879
210880
210881
210882
210883
210884
210885
210886
210887
210888
211518
211519
211520
211521
211522
211523
211524
211525
211526
211527
211528
212158
212159
212160
212161
212162
212163
212164
212165
212166
212167
212168
212798
212799
212800
212801
212802
212803
212804
212805
212806
212807
212808
212809
213438
213439
213440
213441
213442
213443
213444
213445
213446
213447
213448
213449
214078
214079
214080
214081
214082
214083
214084
214085
214086
214087
214088
214089
214719
214720
214721
214722
214723
214724
214725
214726
214727
214728
214729
215360
215361
215362
215363
215364
215365
215366
215367
216001
216002
216003
216004
216005
216006
216642
216643
216644
216645
216646
217282
217283
217284
217285
217286
217922
217923
217924
217925
217926
221121
221122
221123
221762
221763
221764
221765
221766
221767
221776
221777
