166731
166732
167369
167370
167371
167372
167373
167374
167375
168008
168009
168010
168011
168012
168013
168014
168015
168648
168649
168650
168651
168652
168653
168654
168655
168656
168657
168658
169286
169287
169288
169289
169290
169291
169292
169293
169294
169295
169296
169297
169298
169926
169927
169928
169929
169930
169931
169932
169933
169934
169935
169936
169937
169938
170564
170565
170566
170567
170568
170569
170570
170571
170572
170573
170574
170575
170576
170577
170578
171204
171205
171206
171207
171208
171209
171210
171211
171212
171213
171214
171215
171216
171217
171218
171219
171844
171845
171846
171847
171848
171849
171850
171851
171852
171853
171854
171855
171856
171857
171858
171859
171860
172484
172485
172486
172487
172488
172489
172490
172491
172492
172493
172494
172495
172496
172497
172498
172499
172500
173117
173118
173119
173120
173121
173122
173123
173124
173125
173126
173127
173128
173129
173130
173131
173132
173133
173134
173135
173136
173137
173138
173139
173140
173753
173754
173757
173758
173759
173760
173761
173762
173763
173764
173765
173766
173767
173768
173769
173770
173771
173772
173773
173774
173775
173776
173777
173778
173779
173780
174391
174392
174393
174394
174395
174396
174397
174398
174399
174400
174401
174402
174403
174404
174405
174406
174407
174408
174409
174410
174411
174412
174413
174414
174415
174416
174417
174418
174419
174420
175031
175032
175033
175034
175035
175036
175037
175038
175039
175040
175041
175042
175043
175044
175045
175046
175047
175048
175049
175050
175051
175052
175053
175054
175055
175056
175057
175058
175059
175060
175671
175672
175673
175674
175675
175676
175677
175678
175679
175680
175681
175682
175683
175684
175685
175686
175687
175688
175689
175690
175691
175692
175693
175694
175695
175696
175697
175698
175699
175700
175701
176313
176314
176315
176316
176317
176318
176319
176320
176321
176322
176323
176324
176325
176326
176327
176328
176329
176330
176331
176332
176333
176334
176335
176336
176337
176338
176339
176340
176341
176952
176953
176954
176955
176956
176957
176958
176959
176960
176961
176962
176963
176964
176965
176966
176967
176968
176969
176970
176971
176972
176973
176974
176975
176976
176977
176978
176979
176980
176981
176982
176983
176984
176985
177592
177593
177594
177595
177596
177597
177598
177599
177600
177601
177602
177603
177604
177605
177606
177607
177608
177609
177610
177611
177612
177613
177614
177615
177616
177617
177618
177619
177620
177621
177622
177623
177624
177625
178229
178230
178231
178232
178233
178234
178235
178236
178237
178238
178239
178240
178241
178242
178243
178244
178245
178246
178247
178248
178249
178250
178251
178252
178253
178254
178255
178256
178257
178258
178259
178260
178261
178262
178263
178264
178265
178861
178862
178869
178870
178871
178872
178873
178874
178875
178876
178877
178878
178879
178880
178881
178882
178883
178884
178885
178886
178887
178888
178889
178890
178891
178892
178893
178894
178895
178896
178897
178898
178899
178900
178901
178902
178903
178904
178905
179501
179502
179503
179504
179505
179506
179507
179508
179509
179510
179511
179512
179513
179514
179515
179516
179517
179518
179519
179520
179521
179522
179523
179524
179525
179526
179527
179528
179529
179530
179531
179532
179533
179534
179535
179536
179537
179538
179539
179540
179541
179542
179543
179544
179545
180141
180142
180143
180144
180145
180146
180147
180148
180149
180150
180151
180152
180153
180154
180155
180156
180157
180158
180159
180160
180161
180162
180163
180164
180165
180166
180167
180168
180169
180170
180171
180172
180173
180174
180175
180176
180177
180178
180179
180180
180181
180182
180183
180184
180185
180781
180782
180783
180784
180785
180786
180787
180788
180789
180790
180791
180792
180793
180794
180795
180796
180797
180798
180799
180800
180801
180802
180803
180804
180805
180806
180807
180808
180809
180810
180811
180812
180813
180814
180815
180816
180817
180818
180819
180820
180821
180822
181421
181422
181423
181424
181425
181426
181427
181428
181429
181430
181431
181432
181433
181434
181435
181436
181437
181438
181439
181440
181441
181442
181443
181444
181445
181446
181447
181448
181449
181450
181451
181452
181453
181454
181455
181456
181457
181458
181459
181460
182060
182061
182062
182063
182064
182065
182066
182067
182068
182069
182070
182071
182072
182073
182074
182075
182076
182077
182078
182079
182080
182081
182082
182083
182084
182085
182086
182087
182088
182089
182090
182091
182092
182093
182094
182095
182096
182097
182098
182099
182700
182701
182702
182703
182704
182705
182706
182707
182708
182709
182710
182711
182712
182713
182714
182715
182716
182717
182718
182719
182720
182721
182722
182723
182724
182725
182726
182727
182728
182729
182730
182731
182732
182733
182734
182735
182736
182737
182738
183340
183341
183342
183343
183344
183345
183346
183347
183348
183349
183350
183351
183352
183353
183354
183355
183356
183357
183358
183359
183360
183361
183362
183363
183364
183365
183366
183367
183368
183369
183370
183371
183372
183373
183374
183375
183376
183377
183378
183980
183981
183982
183983
183984
183985
183986
183987
183988
183989
183990
183991
183992
183993
183994
183995
183996
183997
183998
183999
184000
184001
184002
184003
184004
184005
184006
184007
184008
184009
184010
184011
184012
184013
184014
184015
184016
184620
184621
184622
184623
184624
184625
184626
184627
184628
184629
184630
184631
184632
184633
184634
184635
184636
184637
184638
184639
184640
184641
184642
184643
184644
184645
184646
184647
184648
184649
184650
184651
184652
184653
184654
185260
185261
185262
185263
185264
185265
185266
185267
185268
185269
185270
185271
185272
185273
185274
185275
185276
185277
185278
185279
185280
185281
185282
185283
185284
185285
185286
185287
185288
185289
185290
185291
185292
185293
185294
185901
185902
185903
185904
185905
185906
185907
185908
185909
185910
185911
185912
185913
185914
185915
185916
185917
185918
185919
185920
185921
185922
185923
185924
185925
185926
185927
185928
185929
185930
185931
185932
185933
185934
185935
186541
186542
186543
186544
186545
186546
186547
186548
186549
186550
186551
186552
186553
186554
186555
186556
186557
186558
186559
186560
186561
186562
186563
186564
186565
186566
186567
186568
186569
186570
186571
186572
186573
186574
186575
187178
187179
187180
187181
187182
187183
187184
187185
187186
187187
187188
187189
187190
187191
187192
187193
187194
187195
187196
187197
187198
187199
187200
187201
187202
187203
187204
187205
187206
187207
187208
187209
187210
187211
187212
187213
187817
187818
187819
187820
187821
187822
187823
187824
187825
187826
187827
187828
187829
187830
187831
187832
187833
187834
187835
187836
187837
187838
187839
187840
187841
187842
187843
187844
187845
187846
187847
187848
187849
187850
187851
187852
188457
188458
188459
188460
188461
188462
188463
188464
188465
188466
188467
188468
188469
188470
188471
188472
188473
188474
188475
188476
188477
188478
188479
188480
188481
188482
188483
188484
188485
188486
188487
188488
188489
188490
188491
188492
189097
189098
189099
189100
189101
189102
189103
189104
189105
189106
189107
189108
189109
189110
189111
189112
189113
189114
189115
189116
189117
189118
189119
189120
189121
189122
189123
189124
189125
189126
189127
189128
189129
189131
189132
189737
189738
189739
189740
189741
189742
189743
189744
189745
189746
189747
189748
189749
189750
189751
189752
189753
189754
189755
189756
189757
189758
189759
189760
189761
189762
189763
189764
189765
189766
189767
189768
189769
190376
190377
190378
190379
190380
190381
190382
190383
190384
190385
190386
190387
190388
190389
190390
190391
190392
190393
190394
190395
190396
190397
190398
190399
190400
190401
190402
190403
190404
190405
190406
190407
190408
191016
191017
191018
191019
191020
191021
191022
191023
191024
191025
191026
191027
191028
191029
191030
191031
191032
191033
191034
191035
191036
191037
191038
191039
191040
191041
191042
191043
191044
191045
191046
191047
191656
191657
191658
191659
191660
191661
191662
191663
191664
191665
191666
191667
191668
191669
191670
191671
191672
191673
191674
191675
191676
191677
191678
191679
191680
191681
191682
191683
191684
191685
191686
191687
192296
192297
192298
192299
192300
192301
192302
192303
192304
192305
192306
192307
192308
192309
192310
192311
192312
192313
192314
192315
192316
192317
192318
192319
192320
192321
192322
192323
192324
192325
192326
192936
192937
192938
192939
192940
192941
192942
192943
192944
192945
192946
192947
192948
192949
192950
192951
192952
192953
192954
192955
192956
192957
192958
192959
192960
192961
192962
192963
192964
192965
192966
193577
193578
193579
193580
193581
193582
193583
193584
193585
193586
193587
193588
193589
193590
193591
193592
193593
193594
193595
193596
193597
193598
193599
193600
193601
193602
193603
193604
193605
193606
194217
194218
194219
194220
194221
194222
194223
194224
194225
194226
194227
194228
194229
194230
194231
194232
194233
194234
194235
194236
194237
194238
194239
194240
194241
194242
194243
194244
194245
194246
194247
194248
194249
194858
194859
194860
194861
194862
194863
194864
194865
194866
194867
194868
194869
194870
194871
194872
194873
194874
194875
194876
194877
194878
194879
194880
194881
194882
194883
194884
194885
194886
194887
194888
194889
194890
195497
195498
195499
195500
195501
195502
195503
195504
195505
195506
195507
195508
195509
195510
195511
195512
195513
195514
195515
195516
195517
195518
195519
195520
195521
195522
195523
195524
195525
195526
195527
195528
195529
195530
196136
196137
196138
196139
196140
196141
196142
196143
196144
196145
196146
196147
196148
196149
196150
196151
196152
196153
196154
196155
196156
196157
196158
196159
196160
196161
196162
196163
196164
196165
196166
196167
196168
196169
196170
196776
196777
196778
196779
196780
196781
196782
196783
196784
196785
196786
196787
196788
196789
196790
196791
196792
196793
196794
196795
196796
196797
196798
196799
196800
196801
196802
196803
196804
196805
196806
196807
196808
196809
196810
197417
197418
197419
197420
197421
197422
197423
197424
197425
197426
197427
197428
197429
197430
197431
197432
197433
197434
197435
197436
197437
197438
197439
197440
197441
197442
197443
197444
197445
197446
197447
197448
197449
197450
198058
198059
198060
198061
198062
198063
198064
198065
198066
198067
198068
198069
198070
198071
198072
198073
198074
198075
198076
198077
198078
198079
198080
198081
198082
198083
198084
198085
198086
198087
198088
198089
198090
198091
198092
198699
198700
198701
198702
198703
198704
198705
198706
198707
198708
198709
198710
198711
198712
198713
198714
198715
198716
198717
198718
198719
198720
198721
198722
198723
198724
198725
198726
198727
198728
198729
198730
198731
198732
199339
199340
199341
199342
199343
199344
199345
199346
199347
199348
199349
199350
199351
199352
199353
199354
199355
199356
199357
199358
199359
199360
199361
199362
199363
199364
199365
199366
199367
199368
199369
199370
199371
199372
199977
199978
199979
199980
199981
199983
199984
199985
199986
199987
199988
199989
199990
199991
199992
199993
199994
199995
199996
199997
199998
199999
200000
200001
200002
200003
200004
200005
200006
200007
200008
200009
200010
200011
200617
200618
200619
200620
200621
200624
200625
200626
200627
200628
200629
200630
200631
200632
200633
200634
200635
200636
200637
200638
200639
200640
200641
200642
200643
200644
200645
200646
200647
200648
200649
200650
200651
200652
200653
201259
201260
201265
201266
201267
201268
201269
201270
201271
201272
201273
201274
201275
201276
201277
201278
201279
201280
201281
201282
201283
201284
201285
201286
201287
201288
201289
201290
201291
201292
201293
201294
201295
201909
201910
201911
201912
201913
201914
201915
201916
201917
201918
201919
201920
201921
201922
201923
201924
201925
201926
201927
201928
201929
201930
201931
201932
201933
201934
201935
202549
202550
202551
202552
202553
202554
202555
202556
202557
202558
202559
202560
202561
202562
202563
202564
202565
202566
202567
202568
202569
202570
202571
202572
202573
202574
202575
203189
203190
203191
203192
203193
203194
203195
203196
203197
203198
203199
203200
203201
203202
203203
203204
203205
203206
203207
203208
203209
203210
203211
203212
203213
203214
203828
203829
203830
203831
203832
203833
203834
203835
203836
203837
203838
203839
203840
203841
203842
203843
203844
203845
203846
203847
203848
203849
203850
203851
203852
203853
203854
204468
204469
204470
204471
204472
204473
204474
204475
204476
204477
204478
204479
204480
204481
204482
204483
204484
204485
204486
204487
204488
204489
204490
204491
204492
204493
204494
205109
205110
205111
205112
205113
205114
205115
205116
205117
205118
205119
205120
205121
205122
205123
205124
205125
205126
205127
205128
205129
205130
205131
205132
205133
205134
205749
205750
205751
205752
205753
205754
205755
205756
205757
205758
205759
205760
205761
205762
205763
205764
205765
205766
205767
205768
205769
205770
205771
205772
205773
205774
206386
206387
206388
206389
206390
206391
206392
206393
206394
206395
206396
206397
206398
206399
206400
206401
206402
206403
206404
206405
206406
206407
206409
206410
206411
206412
206413
206414
206415
206416
207020
207021
207022
207023
207024
207025
207026
207027
207028
207029
207030
207031
207032
207033
207034
207035
207036
207037
207038
207039
207040
207041
207042
207043
207044
207045
207046
207047
207051
207052
207053
207054
207055
207056
207657
207658
207659
207660
207661
207662
207663
207664
207665
207666
207667
207668
207669
207670
207671
207672
207673
207674
207675
207676
207677
207678
207679
207680
207681
207682
207683
207684
207685
207686
207687
207692
207693
207694
207695
207696
208297
208298
208299
208300
208301
208302
208303
208304
208305
208306
208307
208308
208309
208310
208311
208312
208313
208314
208315
208316
208317
208318
208319
208320
208321
208322
208323
208324
208325
208326
208327
208332
208333
208334
208335
208336
208938
208939
208940
208941
208942
208943
208944
208945
208946
208947
208948
208949
208950
208951
208952
208953
208954
208955
208956
208957
208958
208959
208960
208961
208962
208965
208966
208967
208975
208976
209579
209580
209581
209582
209583
209584
209585
209586
209587
209588
209589
209590
209591
209592
209593
209594
209595
209596
209597
209598
209599
209600
209601
209602
210220
210221
210222
210223
210224
210225
210226
210227
210228
210229
210230
210231
210232
210233
210234
210235
210236
210237
210238
210239
210240
210241
210242
210243
210861
210862
210863
210864
210865
210866
210867
210868
210869
210870
210871
210872
210873
210874
210875
210876
210877
210878
210879
210880
210881
210882
210883
211501
211502
211503
211504
211505
211506
211507
211508
211509
211510
211511
211512
211513
211514
211515
211516
211517
211518
211519
211520
211521
211522
211525
211526
211527
211528
211529
212140
212141
212142
212143
212144
212145
212146
212147
212148
212149
212150
212151
212152
212153
212154
212155
212156
212157
212158
212159
212160
212161
212162
212163
212164
212165
212166
212167
212168
212169
212780
212781
212782
212783
212784
212785
212786
212787
212788
212789
212790
212791
212792
212793
212794
212795
212796
212797
212798
212799
212800
212801
212802
212803
212804
212805
212806
212807
212808
212809
213421
213422
213423
213424
213425
213426
213427
213428
213429
213430
213431
213432
213433
213434
213435
213436
213437
213438
213439
213440
213441
213442
213443
213444
213445
213446
213447
213448
213449
213450
213451
214061
214062
214063
214064
214065
214066
214067
214068
214069
214070
214071
214072
214073
214074
214075
214076
214077
214078
214079
214080
214081
214082
214083
214084
214085
214086
214087
214088
214089
214090
214091
214701
214702
214703
214704
214705
214706
214707
214708
214709
214710
214711
214712
214713
214714
214715
214716
214717
214718
214719
214720
214721
214722
214723
214724
214725
214726
214727
214728
214729
214730
214731
214732
215339
215340
215341
215342
215343
215344
215345
215346
215347
215348
215349
215350
215351
215352
215353
215354
215355
215356
215357
215358
215359
215360
215361
215362
215363
215364
215365
215366
215367
215368
215369
215370
215371
215372
215979
215980
215981
215982
215983
215984
215985
215986
215987
215988
215989
215990
215991
215992
215993
215994
215995
215996
215997
215998
215999
216000
216001
216002
216003
216004
216005
216006
216007
216008
216009
216010
216011
216012
216620
216621
216622
216623
216624
216625
216626
216627
216628
216629
216630
216631
216632
216633
216634
216635
216636
216637
216638
216639
216640
216641
216642
216643
216644
216645
216646
216647
216648
216649
216650
216651
217260
217261
217262
217263
217264
217265
217266
217267
217268
217269
217270
217271
217272
217273
217274
217275
217276
217277
217278
217279
217280
217281
217282
217283
217284
217285
217286
217287
217288
217289
217290
217291
217900
217901
217902
217903
217904
217905
217906
217907
217908
217909
217910
217911
217912
217913
217914
217915
217916
217917
217918
217919
217920
217921
217922
217923
217924
217925
217926
217927
217928
217929
217930
217931
217932
217933
218540
218541
218542
218543
218544
218545
218546
218547
218548
218549
218550
218551
218552
218553
218554
218555
218556
218557
218558
218559
218560
218561
218562
218563
218564
218565
218566
218567
218568
218569
218570
218571
218572
218573
219181
219182
219183
219184
219185
219186
219187
219188
219189
219190
219191
219192
219193
219194
219195
219196
219197
219198
219199
219200
219201
219202
219203
219204
219205
219206
219207
219208
219209
219210
219211
219212
219213
219821
219822
219823
219824
219825
219826
219827
219828
219829
219830
219831
219832
219833
219834
219835
219836
219837
219838
219839
219840
219841
219842
219843
219844
219845
219849
219850
220463
220464
220465
220466
220467
220468
220469
220470
220471
220472
220473
220474
220475
220476
220477
220478
220479
220480
220481
220482
220483
220484
220485
221103
221104
221105
221106
221107
221108
221109
221110
221111
221112
221113
221114
221115
221116
221117
221118
221119
221120
221121
221122
221123
221124
221743
221744
221745
221746
221747
221748
221749
221750
221751
221752
221753
221754
221755
221756
221757
221758
222384
222385
222386
222387
222388
222389
222390
222391
222392
222393
222394
222395
222396
222397
222398
222399
223025
223026
223027
223028
223029
223030
223031
223032
223033
223034
223035
223036
223037
223038
223039
223665
223666
223667
223668
223669
223670
223671
223672
223673
223674
223675
223676
223677
223678
223679
223680
224309
224310
224311
224312
224313
224314
224315
224316
224317
224318
224319
224320
224951
224952
224953
224954
224955
224956
224957
224958
224959
224960
225592
225593
225594
225595
225596
225597
225598
225599
