166724
166725
166726
166727
167364
167365
167366
167367
167368
167369
167370
167371
168005
168006
168007
168008
168009
168010
168011
168012
168013
168014
168015
168645
168646
168647
168648
168649
168650
168651
168652
168653
168654
168655
169285
169286
169287
169288
169289
169290
169291
169292
169293
169294
169295
169296
169297
169298
169926
169927
169928
169929
169930
169931
169932
169933
169934
169935
169936
169937
169938
169939
169940
170567
170568
170569
170570
170571
170572
170573
170574
170575
170576
170577
170578
170579
170580
170581
171209
171210
171211
171212
171213
171214
171215
171216
171217
171218
171219
171220
171221
171222
171223
171825
171826
171827
171828
171829
171830
171849
171850
171851
171852
171853
171854
171855
171856
171857
171858
171859
171860
171861
171862
171863
171864
172464
172465
172466
172467
172468
172469
172470
172479
172480
172481
172482
172489
172490
172491
172492
172493
172494
172495
172496
172497
172498
172499
172500
172501
172502
172503
172504
173104
173105
173106
173107
173108
173109
173110
173111
173112
173117
173118
173119
173120
173121
173122
173123
173124
173125
173126
173127
173128
173129
173130
173131
173132
173133
173134
173135
173136
173137
173138
173139
173140
173141
173142
173143
173144
173744
173745
173746
173747
173748
173749
173750
173751
173752
173757
173758
173759
173760
173761
173762
173763
173764
173765
173766
173767
173768
173769
173770
173771
173772
173773
173774
173775
173776
173777
173778
173779
173780
173781
173782
173783
173784
173785
174385
174386
174387
174388
174389
174390
174391
174392
174393
174394
174395
174396
174397
174398
174399
174400
174401
174402
174403
174404
174405
174406
174407
174408
174409
174410
174411
174412
174413
174414
174415
174416
174417
174418
174419
174420
174421
174422
174423
174424
174425
175025
175026
175027
175028
175029
175030
175031
175032
175033
175034
175035
175036
175037
175038
175039
175040
175041
175042
175043
175044
175045
175046
175047
175048
175049
175050
175051
175052
175053
175054
175055
175056
175057
175058
175059
175060
175061
175062
175063
175064
175065
175665
175666
175667
175668
175669
175670
175671
175672
175673
175674
175675
175676
175677
175678
175679
175680
175681
175682
175683
175684
175685
175686
175687
175688
175689
175690
175691
175692
175693
175694
175695
175696
175697
175698
175699
175700
175701
175702
175703
175704
175705
175706
176302
176303
176304
176305
176306
176307
176308
176309
176310
176311
176312
176313
176314
176315
176316
176317
176318
176319
176320
176321
176322
176323
176324
176325
176326
176327
176328
176329
176330
176331
176332
176333
176334
176335
176336
176337
176338
176339
176340
176341
176342
176343
176344
176345
176346
176941
176942
176943
176944
176945
176946
176947
176948
176949
176950
176951
176952
176953
176954
176955
176956
176957
176958
176959
176960
176961
176962
176963
176964
176965
176966
176967
176968
176969
176970
176971
176972
176973
176974
176975
176976
176977
176978
176979
176980
176981
176982
176983
176984
176985
177581
177582
177583
177584
177585
177586
177587
177588
177589
177590
177591
177592
177593
177594
177595
177596
177597
177598
177599
177600
177601
177602
177603
177604
177605
177606
177607
177608
177609
177610
177611
177612
177613
177614
177615
177616
177617
177618
177619
177620
177621
177622
177623
177624
177625
177626
177627
178222
178223
178224
178225
178226
178227
178228
178229
178230
178231
178232
178233
178234
178235
178236
178237
178238
178239
178240
178241
178242
178243
178244
178245
178246
178247
178248
178249
178250
178251
178252
178253
178254
178255
178256
178257
178258
178259
178260
178261
178262
178263
178264
178265
178266
178267
178268
178269
178862
178863
178864
178865
178866
178867
178868
178869
178870
178871
178872
178873
178874
178875
178876
178877
178878
178879
178880
178881
178882
178883
178884
178885
178886
178887
178888
178889
178890
178891
178892
178893
178894
178895
178896
178897
178898
178899
178900
178901
178902
178903
178904
178905
178906
178907
178908
178909
179501
179502
179503
179504
179505
179506
179507
179508
179509
179510
179511
179512
179513
179514
179515
179516
179517
179518
179519
179520
179521
179522
179523
179524
179525
179526
179527
179528
179529
179530
179531
179532
179533
179534
179535
179536
179537
179538
179539
179540
179541
179542
179543
179544
179545
179546
179547
179548
180141
180142
180143
180144
180145
180146
180147
180148
180149
180150
180151
180152
180153
180154
180155
180156
180157
180158
180159
180160
180161
180162
180163
180164
180165
180166
180167
180168
180169
180170
180171
180172
180173
180174
180175
180176
180177
180178
180179
180180
180181
180182
180183
180184
180185
180186
180187
180188
180781
180782
180783
180784
180785
180786
180787
180788
180789
180790
180791
180792
180793
180794
180795
180796
180797
180798
180799
180800
180801
180802
180803
180804
180805
180806
180807
180808
180809
180810
180811
180812
180813
180814
180815
180816
180817
180818
180819
180820
180821
180822
180823
180824
180825
180826
180827
181421
181422
181423
181424
181425
181426
181427
181428
181429
181430
181431
181432
181433
181434
181435
181436
181437
181438
181439
181440
181441
181442
181443
181444
181445
181446
181447
181448
181449
181450
181451
181452
181453
181454
181455
181456
181457
181458
181459
181460
181461
181462
181463
181464
181465
181466
181467
182061
182062
182063
182064
182065
182066
182067
182068
182069
182070
182071
182072
182073
182074
182075
182076
182077
182078
182079
182080
182081
182082
182083
182084
182085
182086
182087
182088
182089
182090
182091
182092
182093
182094
182095
182096
182097
182098
182099
182100
182101
182102
182103
182104
182105
182106
182107
182702
182703
182704
182705
182706
182707
182708
182709
182710
182711
182712
182713
182714
182715
182716
182717
182718
182719
182720
182721
182722
182723
182724
182725
182726
182727
182728
182729
182730
182731
182732
182733
182734
182735
182736
182737
182738
182739
182740
182741
182742
182743
182744
182745
182746
183342
183343
183344
183345
183346
183347
183348
183349
183350
183351
183352
183353
183354
183355
183356
183357
183358
183359
183360
183361
183362
183363
183364
183365
183366
183367
183368
183369
183370
183371
183372
183373
183374
183375
183376
183377
183378
183379
183380
183381
183382
183383
183384
183385
183982
183983
183984
183985
183986
183987
183988
183989
183990
183991
183992
183993
183994
183995
183996
183997
183998
183999
184000
184001
184002
184003
184004
184005
184006
184007
184008
184009
184010
184011
184012
184013
184014
184015
184016
184017
184018
184019
184020
184021
184022
184023
184024
184025
184622
184623
184624
184625
184626
184627
184628
184629
184630
184631
184632
184633
184634
184635
184636
184637
184638
184639
184640
184641
184642
184643
184644
184645
184646
184647
184648
184649
184650
184651
184652
184653
184654
184655
184656
184657
184658
184659
184660
184661
184662
184663
185262
185263
185264
185265
185266
185267
185268
185269
185270
185271
185272
185273
185274
185275
185276
185277
185278
185279
185280
185281
185282
185283
185284
185285
185286
185287
185288
185289
185290
185291
185292
185293
185294
185295
185296
185297
185298
185299
185300
185301
185302
185303
185904
185905
185906
185907
185908
185909
185910
185911
185912
185913
185914
185915
185916
185917
185918
185919
185920
185921
185922
185923
185924
185925
185926
185927
185928
185929
185930
185931
185932
185933
185934
185935
185936
185937
185938
185939
185940
185941
185942
186545
186546
186547
186548
186549
186550
186551
186552
186553
186554
186555
186556
186557
186558
186559
186560
186561
186562
186563
186564
186565
186566
186567
186568
186569
186570
186571
186572
186573
186574
186575
186576
186577
186578
186579
186580
186581
186582
187186
187187
187188
187189
187190
187191
187192
187193
187194
187195
187196
187197
187198
187199
187200
187201
187202
187203
187204
187205
187206
187207
187208
187209
187210
187211
187212
187213
187214
187215
187216
187217
187218
187219
187220
187221
187222
187828
187829
187830
187831
187832
187833
187834
187835
187836
187837
187838
187839
187840
187841
187842
187843
187844
187845
187846
187847
187848
187849
187850
187851
187852
187853
187854
187855
187856
187857
187858
187859
187860
187861
187862
187863
188470
188471
188472
188473
188474
188475
188476
188477
188478
188479
188480
188481
188482
188483
188484
188485
188486
188487
188488
188489
188490
188491
188492
188493
188494
188495
188496
188497
188498
188499
188500
188501
188502
188503
188506
188507
188508
188509
188510
188511
189114
189115
189116
189117
189118
189119
189120
189121
189122
189123
189124
189125
189126
189127
189128
189129
189130
189131
189132
189133
189134
189135
189136
189137
189138
189139
189140
189141
189142
189143
189144
189145
189146
189147
189148
189149
189150
189151
189755
189756
189757
189758
189759
189760
189761
189762
189763
189764
189765
189766
189767
189768
189769
189770
189771
189772
189773
189774
189775
189776
189777
189778
189779
189780
189781
189782
189783
189784
189785
189786
189787
189788
189789
189790
189791
190395
190396
190397
190398
190399
190400
190401
190402
190403
190404
190405
190406
190407
190408
190409
190410
190411
190412
190413
190414
190415
190416
190417
190418
190419
190420
190421
190422
190423
190424
190425
190426
190427
190428
190429
190430
190431
191023
191024
191025
191035
191036
191037
191038
191039
191040
191041
191042
191043
191044
191045
191046
191047
191048
191049
191050
191051
191052
191053
191054
191055
191056
191057
191058
191059
191060
191061
191062
191063
191064
191065
191066
191067
191068
191069
191070
191662
191663
191664
191665
191666
191675
191676
191677
191678
191679
191680
191681
191682
191683
191684
191685
191686
191687
191688
191689
191690
191691
191692
191693
191694
191695
191696
191697
191698
191699
191700
191701
191702
191703
191704
191705
191706
191707
191708
191709
191710
192301
192302
192303
192304
192305
192306
192307
192315
192316
192317
192318
192319
192320
192321
192322
192323
192324
192325
192326
192327
192328
192329
192330
192331
192332
192333
192334
192335
192336
192337
192338
192339
192340
192341
192342
192343
192344
192345
192346
192347
192348
192349
192350
192940
192941
192942
192943
192944
192945
192946
192947
192955
192956
192957
192958
192959
192960
192961
192962
192963
192964
192965
192966
192967
192968
192969
192970
192971
192972
192973
192974
192975
192976
192977
192978
192979
192980
192981
192982
192983
192984
192985
192986
192987
192988
192989
193580
193581
193582
193583
193584
193585
193586
193587
193588
193589
193596
193597
193598
193599
193600
193601
193602
193603
193604
193605
193606
193607
193608
193609
193610
193611
193612
193613
193614
193615
193616
193617
193618
193619
193620
193621
193622
193623
193624
193625
193626
194220
194221
194222
194223
194224
194225
194226
194227
194228
194229
194236
194237
194238
194239
194240
194241
194242
194243
194244
194245
194246
194247
194248
194249
194250
194251
194252
194253
194254
194255
194256
194257
194258
194259
194260
194261
194262
194263
194264
194265
194266
194860
194861
194862
194863
194864
194865
194866
194867
194868
194869
194870
194876
194877
194878
194879
194880
194881
194882
194883
194884
194885
194886
194887
194888
194889
194890
194891
194892
194893
194894
194895
194896
194897
194898
194899
194900
194901
194902
194903
194904
194905
194906
194907
195501
195502
195503
195504
195505
195506
195507
195508
195509
195510
195511
195512
195516
195517
195518
195519
195520
195521
195522
195523
195524
195525
195526
195527
195528
195529
195530
195531
195532
195533
195534
195535
195536
195537
195538
195539
195540
195541
195542
195543
195544
195545
195546
195547
196141
196142
196143
196144
196145
196146
196147
196148
196149
196150
196151
196152
196158
196159
196160
196161
196162
196163
196164
196165
196166
196167
196168
196169
196170
196171
196172
196173
196174
196175
196176
196177
196178
196179
196180
196181
196182
196183
196184
196185
196186
196187
196782
196783
196784
196785
196786
196787
196788
196789
196790
196791
196792
196799
196800
196801
196802
196803
196804
196805
196806
196807
196808
196809
196810
196811
196812
196813
196814
196815
196816
196817
196818
196819
196820
196821
196822
196823
196824
196825
196826
196827
197421
197422
197423
197424
197425
197426
197427
197428
197429
197430
197431
197432
197439
197440
197441
197442
197443
197444
197445
197446
197447
197448
197449
197450
197451
197452
197453
197454
197455
197456
197457
197458
197459
197460
197461
197462
197463
197464
197465
197466
197467
198061
198062
198063
198064
198065
198066
198067
198068
198069
198070
198071
198072
198073
198079
198080
198081
198082
198083
198084
198085
198086
198087
198088
198089
198090
198091
198092
198093
198094
198095
198096
198097
198098
198099
198100
198101
198102
198103
198104
198105
198106
198701
198702
198703
198704
198705
198706
198707
198708
198709
198710
198711
198712
198713
198714
198715
198716
198717
198718
198719
198720
198721
198722
198723
198724
198725
198726
198727
198728
198729
198730
198731
198732
198733
198734
198735
198736
198737
198738
198739
198740
198741
198742
198743
198744
198745
198746
199341
199342
199343
199344
199345
199346
199347
199348
199349
199350
199351
199352
199353
199354
199355
199356
199357
199358
199359
199360
199361
199362
199363
199364
199365
199366
199367
199368
199369
199370
199371
199372
199373
199374
199375
199376
199377
199378
199379
199380
199381
199382
199383
199384
199385
199386
199981
199982
199983
199984
199985
199986
199987
199988
199989
199990
199991
199992
199993
199994
199995
199996
199997
199998
199999
200000
200001
200002
200003
200004
200005
200006
200007
200008
200009
200010
200011
200012
200013
200014
200015
200016
200017
200018
200019
200020
200021
200022
200023
200024
200025
200026
200622
200623
200624
200625
200626
200627
200628
200629
200630
200631
200632
200633
200634
200635
200636
200637
200638
200639
200640
200641
200642
200643
200644
200645
200646
200647
200648
200649
200650
200651
200652
200653
200654
200655
200656
200657
200658
200659
200660
200661
200662
200663
200664
200665
201261
201262
201263
201264
201265
201266
201267
201268
201269
201270
201271
201272
201273
201274
201275
201276
201277
201278
201279
201280
201281
201282
201283
201284
201285
201286
201287
201288
201289
201290
201291
201292
201293
201294
201295
201296
201297
201298
201299
201300
201301
201302
201303
201304
201901
201902
201903
201904
201905
201906
201907
201908
201909
201910
201911
201912
201913
201914
201916
201917
201918
201919
201920
201921
201922
201923
201924
201925
201926
201927
201928
201929
201930
201931
201932
201933
201934
201935
201936
201937
201938
201939
201940
201941
201942
201943
201944
202545
202546
202547
202548
202549
202550
202551
202552
202553
202554
202561
202562
202563
202564
202565
202566
202567
202568
202569
202570
202571
202572
202573
202574
202575
202576
202577
202578
202579
202580
202581
202582
202583
202584
203185
203186
203187
203188
203189
203190
203191
203192
203193
203194
203201
203202
203203
203204
203205
203206
203207
203208
203209
203210
203211
203212
203213
203214
203215
203216
203217
203218
203219
203220
203221
203222
203223
203224
203825
203826
203827
203828
203829
203830
203831
203832
203841
203842
203843
203844
203845
203846
203847
203848
203849
203850
203851
203852
203853
203854
203855
203856
203857
203858
203859
203860
203861
203862
203863
203864
204464
204465
204466
204467
204468
204469
204470
204471
204482
204483
204484
204485
204486
204487
204488
204489
204490
204491
204492
204493
204494
204495
204496
204497
204498
204499
204500
204501
204502
204503
204504
205103
205104
205105
205106
205107
205108
205109
205110
205111
205121
205122
205123
205124
205125
205126
205127
205128
205129
205130
205131
205132
205133
205134
205135
205136
205137
205138
205139
205140
205141
205142
205143
205144
205743
205744
205745
205746
205747
205748
205749
205750
205761
205762
205763
205764
205765
205766
205767
205768
205769
205770
205771
205772
205773
205774
205775
205776
205777
205778
205779
205780
205781
205782
205783
205784
205785
205786
205787
205788
205789
205790
206384
206385
206386
206387
206388
206389
206390
206401
206402
206403
206404
206405
206406
206407
206408
206409
206410
206411
206412
206413
206414
206415
206416
206417
206418
206419
206420
206421
206422
206423
206424
206425
206426
206427
206428
206429
206430
207026
207027
207028
207029
207030
207031
207032
207042
207043
207044
207045
207046
207047
207048
207049
207050
207051
207052
207053
207054
207055
207056
207057
207058
207059
207060
207061
207062
207063
207064
207065
207066
207067
207068
207069
207070
207664
207665
207666
207667
207668
207669
207670
207671
207672
207682
207683
207684
207685
207686
207687
207688
207689
207690
207691
207692
207693
207694
207695
207696
207697
207698
207699
207700
207701
207702
207703
207704
207705
207706
207707
207708
207709
207710
207711
208304
208305
208306
208307
208308
208309
208310
208324
208325
208326
208327
208328
208329
208330
208331
208332
208333
208334
208335
208336
208337
208338
208339
208340
208341
208342
208343
208344
208345
208346
208347
208348
208349
208350
208351
208352
208964
208965
208966
208967
208968
208969
208970
208971
208972
208973
208974
208975
208976
208977
208978
208979
208980
208981
208982
208983
208984
208985
208986
208987
208988
208989
208990
208991
208992
209604
209605
209606
209607
209608
209609
209610
209611
209612
209613
209614
209615
209616
209617
209618
209619
209620
209621
209622
209623
209624
209625
209626
209627
209628
209629
209630
209631
209632
210245
210246
210247
210248
210249
210250
210251
210252
210253
210254
210255
210256
210257
210258
210259
210260
210261
210262
210263
210264
210265
210266
210267
210268
210269
210270
210271
210272
210885
210886
210887
210888
210889
210890
210891
210892
210893
210894
210895
210896
210897
210898
210899
210900
210901
210902
210903
210904
210905
210906
210907
210908
210909
210910
210911
211526
211527
211528
211529
211530
211531
211532
211533
211534
211535
211536
211537
211538
211539
211540
211541
211542
211543
211544
211545
211546
211547
211548
211549
211550
211551
212166
212167
212168
212169
212170
212171
212172
212173
212174
212175
212176
212177
212178
212179
212180
212181
212182
212183
212184
212185
212186
212187
212188
212189
212190
212191
212192
212803
212804
212805
212806
212807
212808
212809
212810
212811
212812
212813
212814
212815
212816
212817
212818
212819
212820
212821
212822
212823
212824
212825
212826
212827
212828
212829
212830
212831
212832
213443
213444
213445
213446
213447
213448
213449
213450
213451
213452
213453
213454
213455
213456
213457
213458
213459
213460
213461
213462
213463
213464
213465
213466
213467
213468
213469
213470
213471
213472
214083
214084
214085
214086
214087
214088
214089
214090
214091
214092
214093
214094
214095
214096
214097
214098
214099
214100
214101
214102
214103
214104
214105
214106
214107
214108
214109
214110
214111
214112
214723
214724
214725
214726
214727
214728
214729
214730
214731
214732
214733
214734
214735
214736
214737
214738
214739
214740
214741
214742
214743
214744
214745
214746
214747
214748
214749
214750
214751
214752
215363
215364
215365
215366
215367
215368
215369
215370
215371
215372
215373
215374
215375
215376
215377
215378
215379
215380
215381
215382
215383
215384
215385
215386
215387
215388
215389
215390
215391
215392
215393
216002
216003
216004
216005
216006
216007
216008
216009
216010
216011
216012
216013
216014
216015
216016
216017
216018
216019
216020
216021
216022
216023
216024
216025
216026
216027
216028
216029
216030
216031
216032
216033
216642
216643
216644
216645
216646
216647
216648
216649
216650
216651
216652
216653
216654
216655
216656
216657
216658
216659
216660
216661
216662
216663
216664
216665
216666
216667
216668
216669
216670
216671
216672
216673
216674
217283
217284
217285
217286
217287
217288
217289
217290
217291
217292
217293
217294
217295
217296
217297
217298
217299
217300
217301
217302
217303
217304
217305
217306
217307
217308
217309
217310
217311
217312
217313
217314
217923
217924
217925
217926
217927
217928
217929
217930
217931
217932
217933
217934
217935
217936
217937
217938
217939
217940
217941
217942
217943
217944
217945
217946
217947
217948
217949
217950
217951
217952
217953
217954
218569
218570
218571
218572
218573
218574
218575
218576
218577
218578
218579
218580
218581
218582
218583
218584
218585
218586
218587
218588
218589
218590
218591
218592
218593
219210
219211
219212
219213
219214
219215
219216
219217
219218
219219
219220
219221
219222
219223
219224
219225
219226
219227
219228
219229
219230
219231
219232
219233
219850
219851
219852
219853
219854
219855
219856
219857
219858
219859
219860
219861
219862
219863
219864
219865
219866
219867
219868
219869
219870
219871
219872
219873
220491
220492
220493
220494
220495
220496
220497
220498
220499
220500
220501
220502
220503
220504
220505
220506
220507
220508
220509
220510
220511
220512
221130
221131
221132
221133
221134
221135
221136
221137
221138
221139
221140
221141
221142
221143
221144
221145
221146
221147
221148
221149
221150
221151
221770
221771
221772
221773
221774
221775
221776
221777
221778
221779
221780
221781
221782
221783
221784
221785
221786
221787
221788
221789
221790
222408
222409
222410
222411
222412
222413
222414
222415
222416
222417
222418
222419
222420
222421
222422
222423
222424
222425
222426
222427
222428
222429
223048
223049
223050
223051
223052
223053
223054
223055
223056
223057
223058
223059
223060
223061
223062
223063
223064
223065
223066
223067
223068
223688
223689
223690
223691
223692
223693
223694
223695
223696
223697
223698
223699
223700
223701
223702
223703
223704
223705
223706
223707
224328
224329
224330
224331
224332
224333
224334
224335
224336
224337
224338
224339
224340
224341
224342
224343
224344
224345
224346
224968
224969
224970
224971
224972
224973
224974
224975
224976
224977
224978
224979
224980
224981
224982
224983
224984
225608
225609
225610
225611
225612
225613
225614
225615
225616
225617
225618
225619
225620
225621
225622
226248
226249
226250
226251
226252
226253
226254
226255
226256
226257
226258
226259
226888
226889
226890
226891
226892
226893
226894
226895
226896
226897
227533
227534
227535
