166722
166723
166724
166725
166726
166727
167362
167363
167364
167365
167366
167367
167992
167993
167994
167995
167996
167997
167998
167999
168000
168001
168002
168003
168004
168005
168006
168632
168633
168634
168635
168636
168637
168638
168639
168640
168641
168642
168643
168644
168645
168646
169271
169272
169273
169274
169275
169276
169277
169278
169279
169280
169281
169282
169283
169284
169285
169286
169911
169912
169913
169914
169915
169916
169917
169918
169919
169920
169921
169922
169923
169924
170551
170552
170553
170554
170555
170556
170557
170558
170559
170560
170561
170562
170563
170564
171191
171192
171193
171194
171195
171196
171197
171198
171199
171200
171201
171202
171203
171830
171831
171832
171833
171834
171835
171836
171837
171838
171839
171840
171841
171842
171843
171844
171845
172470
172471
172472
172473
172474
172475
172476
172477
172478
172479
172480
172481
172482
172483
172484
172485
172486
172496
172497
172498
172499
173109
173110
173111
173112
173113
173114
173115
173116
173117
173118
173119
173120
173121
173122
173123
173124
173125
173126
173127
173136
173137
173138
173139
173749
173750
173751
173752
173753
173754
173755
173756
173757
173758
173759
173760
173761
173762
173763
173764
173765
173766
173767
173768
173776
173777
173778
173779
173782
173783
174389
174390
174391
174392
174393
174394
174395
174396
174397
174398
174399
174400
174401
174402
174403
174404
174405
174406
174407
174408
174417
174418
174419
174420
174421
174422
174423
175029
175030
175031
175032
175033
175034
175035
175036
175037
175038
175039
175040
175041
175042
175043
175044
175045
175046
175047
175048
175049
175050
175051
175052
175053
175054
175055
175056
175057
175058
175059
175060
175061
175062
175063
175064
175065
175066
175067
175068
175069
175070
175071
175669
175670
175671
175672
175673
175674
175675
175676
175677
175678
175679
175680
175681
175682
175683
175684
175685
175686
175687
175688
175689
175690
175691
175692
175693
175694
175695
175696
175697
175698
175699
175700
175701
175702
175703
175704
175705
175706
175707
175708
175709
175710
175711
176309
176310
176311
176312
176313
176314
176315
176316
176317
176318
176319
176320
176321
176322
176323
176324
176325
176326
176327
176328
176329
176330
176331
176332
176333
176334
176335
176336
176337
176338
176339
176340
176341
176342
176343
176344
176345
176346
176347
176348
176349
176350
176351
176949
176950
176951
176952
176953
176954
176955
176956
176957
176958
176959
176960
176961
176962
176963
176964
176965
176966
176967
176968
176969
176970
176971
176972
176973
176974
176975
176976
176977
176978
176979
176980
176981
176982
176983
176984
176985
176986
176987
176988
176989
176990
176991
177589
177590
177591
177592
177593
177594
177595
177596
177597
177598
177599
177600
177601
177602
177603
177604
177605
177606
177607
177608
177609
177610
177611
177612
177613
177614
177615
177616
177617
177618
177619
177620
177621
177622
177623
177624
177625
177626
177627
177628
177629
177630
178227
178228
178229
178230
178231
178232
178233
178234
178235
178236
178237
178238
178239
178240
178241
178242
178243
178244
178245
178246
178247
178248
178249
178250
178251
178252
178253
178254
178255
178256
178257
178258
178259
178260
178261
178262
178263
178264
178265
178266
178267
178268
178269
178270
178867
178868
178869
178870
178871
178872
178873
178874
178875
178876
178877
178878
178879
178880
178881
178882
178883
178884
178885
178886
178887
178888
178889
178890
178891
178892
178893
178894
178895
178896
178897
178898
178899
178900
178901
178902
178903
178904
178905
178906
178907
178908
178909
178910
178911
179506
179507
179508
179509
179510
179511
179512
179513
179514
179515
179516
179517
179518
179519
179520
179521
179522
179523
179524
179525
179526
179527
179528
179529
179530
179531
179532
179533
179534
179535
179536
179537
179538
179539
179540
179541
179542
179543
179544
179545
179546
179547
179548
179549
179550
179551
179552
179553
179554
180146
180147
180148
180149
180150
180151
180152
180153
180154
180155
180156
180157
180158
180159
180160
180161
180162
180163
180164
180165
180166
180167
180168
180169
180170
180171
180172
180173
180174
180175
180176
180177
180178
180179
180180
180181
180182
180183
180184
180185
180186
180187
180188
180189
180190
180191
180192
180193
180194
180786
180787
180788
180789
180790
180791
180792
180793
180794
180795
180796
180797
180798
180799
180800
180801
180802
180803
180804
180805
180806
180807
180808
180809
180810
180811
180812
180813
180814
180815
180816
180817
180818
180819
180820
180821
180822
180823
180824
180825
180826
180827
180828
180829
180830
180831
180832
180833
180834
181427
181428
181429
181430
181431
181432
181433
181434
181435
181436
181437
181438
181439
181440
181441
181442
181443
181444
181445
181446
181447
181448
181449
181450
181451
181452
181453
181454
181455
181456
181457
181458
181459
181460
181461
181462
181463
181464
181465
181466
181467
181468
181469
181470
181471
181472
181473
181474
182067
182068
182069
182070
182071
182072
182073
182074
182075
182076
182077
182078
182079
182080
182081
182082
182083
182084
182085
182086
182087
182088
182089
182090
182091
182092
182093
182094
182095
182096
182097
182098
182099
182100
182101
182102
182103
182104
182105
182106
182107
182108
182109
182110
182111
182112
182113
182114
182708
182709
182710
182711
182712
182713
182714
182715
182716
182717
182718
182719
182720
182721
182722
182723
182724
182725
182726
182727
182728
182729
182730
182731
182732
182733
182734
182735
182736
182737
182738
182739
182740
182741
182742
182743
182744
182745
182746
182747
182748
182749
182750
182751
182752
182753
182754
183351
183352
183353
183354
183355
183356
183357
183358
183359
183360
183361
183362
183363
183364
183365
183366
183367
183368
183369
183370
183371
183372
183373
183374
183375
183376
183377
183378
183379
183380
183381
183382
183383
183384
183385
183386
183387
183388
183389
183390
183391
183392
183393
183394
183992
183993
183994
183995
183996
183997
183998
183999
184000
184001
184002
184003
184004
184005
184006
184007
184008
184009
184010
184011
184012
184013
184014
184015
184016
184017
184018
184019
184020
184021
184022
184023
184024
184025
184026
184027
184028
184029
184030
184031
184032
184033
184034
184637
184638
184639
184640
184641
184642
184643
184644
184645
184646
184647
184648
184649
184650
184651
184652
184653
184654
184655
184656
184657
184658
184659
184660
184661
184666
184667
184668
184669
184670
184671
185278
185279
185280
185281
185282
185283
185284
185285
185286
185287
185288
185289
185290
185291
185292
185293
185294
185295
185296
185297
185298
185299
185300
185301
185307
185308
185309
185918
185919
185920
185921
185922
185923
185924
185925
185926
185927
185928
185929
185930
185931
185932
185933
185934
185935
185936
185937
185938
185939
185940
186559
186560
186561
186562
186563
186564
186565
186566
186567
186568
186569
186570
186571
186572
186573
186574
186575
186576
186577
186578
186579
186580
186581
187199
187200
187201
187202
187203
187204
187205
187206
187207
187208
187209
187210
187211
187212
187213
187214
187215
187216
187217
187218
187219
187220
187221
187839
187840
187841
187842
187843
187844
187845
187846
187847
187848
187849
187850
187851
187852
187853
187854
187855
187856
187857
187858
187859
187860
187861
188479
188480
188481
188482
188483
188484
188485
188486
188487
188488
188489
188490
188491
188492
188493
188494
188495
188496
188497
188498
188499
188500
188501
189118
189119
189120
189121
189122
189123
189124
189125
189126
189127
189128
189129
189130
189131
189132
189133
189134
189135
189136
189137
189138
189139
189758
189759
189760
189761
189762
189763
189764
189765
189766
189767
189768
189769
189770
189771
189772
189773
189774
189775
189776
189777
189778
190398
190399
190400
190401
190402
190403
190404
190405
190406
190407
190408
190409
190410
190411
190412
190413
190414
190415
190416
190417
190418
190419
190420
191036
191037
191038
191039
191040
191041
191042
191043
191044
191045
191046
191047
191048
191049
191050
191051
191052
191053
191054
191055
191056
191057
191058
191059
191060
191061
191675
191676
191677
191678
191679
191680
191681
191682
191683
191684
191685
191686
191687
191688
191689
191690
191691
191692
191693
191694
191695
191696
191697
191698
191699
191700
191701
191702
192315
192316
192317
192318
192319
192320
192321
192322
192323
192324
192325
192326
192327
192328
192329
192330
192331
192332
192333
192334
192335
192336
192337
192338
192339
192340
192341
192342
192343
192344
192953
192954
192955
192956
192957
192958
192959
192960
192961
192962
192963
192964
192965
192966
192967
192968
192969
192970
192971
192972
192973
192974
192975
192976
192977
192978
192979
192980
192981
192982
192983
192984
193550
193551
193552
193553
193554
193555
193556
193557
193558
193592
193593
193594
193595
193596
193597
193598
193599
193600
193601
193602
193603
193604
193605
193606
193607
193608
193609
193610
193611
193612
193613
193614
193615
193616
193617
193618
193619
193620
193621
193622
193623
193624
193625
193626
194187
194188
194189
194190
194191
194192
194193
194194
194195
194196
194197
194232
194233
194234
194235
194236
194237
194238
194239
194240
194241
194242
194243
194244
194245
194246
194247
194248
194249
194250
194251
194252
194253
194254
194255
194256
194257
194258
194259
194260
194261
194262
194263
194264
194265
194266
194267
194827
194828
194829
194830
194831
194832
194833
194872
194873
194874
194875
194876
194877
194878
194879
194880
194881
194882
194883
194884
194885
194886
194887
194888
194889
194890
194891
194892
194893
194894
194895
194896
194897
194898
194899
194900
194901
194902
194903
194904
194905
194906
194907
195468
195469
195511
195512
195513
195514
195515
195516
195517
195518
195519
195520
195521
195522
195523
195524
195525
195526
195527
195528
195529
195530
195531
195532
195533
195534
195535
195536
195537
195538
195539
195540
195541
195542
195543
195544
195545
195546
195547
196099
196100
196101
196102
196149
196150
196151
196152
196153
196154
196155
196156
196157
196158
196159
196160
196161
196162
196163
196164
196165
196166
196167
196168
196169
196170
196171
196172
196173
196174
196175
196176
196177
196178
196179
196180
196181
196182
196183
196184
196185
196186
196187
196738
196739
196740
196741
196787
196788
196789
196790
196791
196792
196793
196794
196795
196796
196797
196798
196799
196800
196801
196802
196803
196804
196805
196806
196807
196808
196809
196810
196811
196812
196813
196814
196815
196816
196817
196818
196819
196820
196821
196822
196823
196824
196825
196826
196827
197427
197428
197429
197430
197431
197432
197433
197434
197435
197436
197437
197438
197439
197440
197441
197442
197443
197444
197445
197446
197447
197448
197449
197450
197451
197452
197453
197454
197455
197456
197457
197458
197459
197460
197461
197462
197463
197464
197465
197466
197467
197468
198005
198069
198070
198071
198072
198073
198074
198075
198076
198077
198078
198079
198080
198081
198082
198083
198084
198085
198086
198087
198088
198089
198090
198091
198092
198093
198094
198095
198096
198097
198098
198099
198100
198101
198102
198103
198104
198105
198106
198107
198108
198109
198645
198646
198647
198708
198709
198710
198711
198712
198713
198714
198715
198716
198717
198718
198719
198720
198721
198722
198723
198724
198725
198726
198727
198728
198729
198730
198731
198732
198733
198734
198735
198736
198737
198738
198739
198740
198741
198742
198743
198744
198745
198746
198747
198748
198749
199348
199349
199350
199351
199352
199353
199354
199355
199356
199357
199358
199359
199360
199361
199362
199363
199364
199365
199366
199367
199368
199369
199370
199371
199372
199373
199374
199375
199376
199377
199378
199379
199380
199381
199382
199383
199384
199385
199386
199387
199388
199389
199989
199990
199991
199992
199993
199994
199995
199996
199997
199998
199999
200000
200001
200002
200003
200004
200005
200006
200007
200008
200009
200010
200011
200012
200013
200014
200015
200016
200017
200018
200019
200020
200021
200022
200023
200024
200025
200026
200027
200028
200029
200629
200630
200631
200632
200633
200634
200635
200636
200637
200638
200639
200640
200641
200642
200643
200644
200645
200646
200647
200648
200649
200650
200651
200652
200653
200654
200655
200656
200657
200658
200659
200660
200661
200662
200663
200664
200665
200666
200667
200668
200669
201270
201271
201272
201273
201274
201275
201276
201277
201278
201279
201280
201281
201282
201283
201284
201285
201286
201287
201288
201289
201290
201291
201292
201293
201294
201295
201296
201297
201298
201299
201300
201301
201302
201303
201304
201305
201306
201307
201308
201309
201910
201911
201912
201913
201914
201915
201916
201917
201918
201919
201920
201921
201922
201923
201924
201925
201926
201927
201928
201929
201930
201931
201932
201933
201934
201935
201936
201937
201938
201939
201940
201941
201942
201943
201944
201945
201946
201947
201948
201949
202550
202551
202552
202553
202554
202555
202556
202557
202558
202559
202560
202561
202562
202563
202564
202565
202566
202567
202568
202569
202570
202571
202572
202573
202574
202575
202576
202577
202578
202579
202580
202581
202582
202583
202584
202585
202586
202587
202588
202589
203191
203192
203193
203194
203195
203196
203197
203198
203199
203200
203201
203202
203203
203204
203205
203206
203207
203208
203209
203210
203211
203212
203213
203214
203215
203216
203217
203218
203219
203220
203221
203222
203223
203224
203225
203226
203227
203228
203833
203834
203835
203836
203837
203838
203839
203840
203841
203842
203843
203844
203845
203846
203847
203848
203849
203850
203851
203852
203853
203854
203855
203856
203857
203858
203859
203860
203861
203862
203863
203864
203865
203866
203867
204473
204474
204475
204476
204477
204478
204479
204480
204481
204482
204483
204484
204485
204486
204487
204488
204489
204490
204491
204492
204493
204494
204495
204496
204497
204498
204499
204500
204501
204502
204503
204504
204505
204506
205114
205115
205116
205117
205118
205119
205120
205121
205122
205123
205124
205125
205126
205127
205128
205129
205130
205131
205132
205133
205134
205135
205136
205137
205138
205139
205140
205141
205142
205143
205144
205145
205755
205756
205757
205758
205759
205760
205761
205762
205763
205764
205765
205766
205767
205768
205769
205770
205771
205772
205773
205774
205775
205776
205777
205778
205779
205780
205781
205782
205783
205784
205785
206396
206397
206398
206399
206400
206401
206402
206403
206404
206405
206406
206407
206408
206409
206410
206411
206412
206413
206414
206415
206416
206417
206418
206419
206420
206421
206422
206423
206424
206425
207038
207039
207040
207041
207042
207043
207044
207045
207046
207047
207048
207049
207050
207051
207052
207055
207056
207057
207058
207059
207060
207061
207062
207063
207064
207678
207679
207680
207681
207682
207683
207684
207685
207686
207687
207688
207689
207690
207691
207697
207698
207699
207700
207701
207702
208320
208321
208322
208323
208324
208325
208326
208327
208328
208329
208330
208331
208338
208339
208340
208341
208962
208963
208964
208965
208966
208967
208968
208969
208970
208979
208980
209603
209604
209605
209606
209607
209608
209609
209610
210246
210247
210248
210249
210886
210887
210888
211526
211527
212166
212167
259466
