164805
164806
165443
165444
165445
165446
165447
165448
165449
165450
166083
166084
166085
166086
166087
166088
166089
166090
166091
166092
166723
166724
166725
166726
166727
166728
166729
166730
166731
166732
166733
166734
167363
167364
167365
167366
167367
167368
167369
167370
167371
167372
167373
167374
167375
167983
167984
167985
168004
168005
168006
168007
168008
168009
168010
168011
168012
168013
168014
168015
168016
168017
168620
168621
168622
168623
168624
168625
168644
168645
168646
168647
168648
168649
168650
168651
168652
168653
168654
168655
168656
168657
168658
169260
169261
169262
169263
169264
169265
169266
169267
169284
169285
169286
169287
169288
169289
169290
169291
169292
169293
169294
169295
169296
169297
169298
169299
169300
169899
169900
169901
169902
169903
169904
169905
169906
169907
169908
169925
169926
169927
169928
169929
169930
169931
169932
169933
169934
169935
169936
169937
169938
169939
169940
169941
170539
170540
170541
170542
170543
170544
170545
170546
170547
170548
170549
170564
170565
170566
170567
170568
170569
170570
170571
170572
170573
170574
170575
170576
170577
170578
170579
170580
170581
170582
170583
171178
171179
171180
171181
171182
171183
171184
171185
171186
171187
171188
171189
171204
171205
171206
171207
171208
171209
171210
171211
171212
171213
171214
171215
171216
171217
171218
171219
171220
171221
171222
171223
171818
171819
171820
171821
171822
171823
171824
171825
171826
171827
171828
171829
171843
171844
171845
171846
171847
171848
171849
171850
171851
171852
171853
171854
171855
171856
171857
171858
171859
171860
171861
171862
171863
172457
172458
172459
172460
172461
172462
172463
172464
172465
172466
172467
172468
172469
172479
172480
172481
172482
172483
172484
172485
172486
172487
172488
172489
172490
172491
172492
172493
172494
172495
172496
172497
172498
172499
172500
172501
172502
172503
173097
173098
173099
173100
173101
173102
173103
173104
173105
173106
173107
173108
173109
173117
173118
173119
173120
173121
173122
173123
173124
173125
173126
173127
173128
173129
173130
173131
173132
173133
173134
173135
173136
173137
173138
173139
173140
173141
173736
173737
173738
173739
173740
173741
173742
173743
173744
173745
173746
173747
173748
173749
173757
173758
173759
173760
173761
173762
173763
173764
173765
173766
173767
173768
173769
173770
173771
173772
173773
173774
173775
173776
173777
173778
173779
173780
173781
174376
174377
174378
174379
174380
174381
174382
174383
174384
174385
174386
174387
174388
174389
174397
174398
174399
174400
174401
174402
174403
174404
174405
174406
174407
174408
174409
174410
174411
174412
174413
174414
174415
174416
174417
174418
174419
174420
174421
174422
175016
175017
175018
175019
175020
175021
175022
175023
175024
175025
175026
175027
175028
175029
175037
175038
175039
175040
175041
175042
175043
175044
175045
175046
175047
175048
175049
175050
175051
175052
175053
175054
175055
175056
175057
175058
175059
175060
175061
175062
175657
175658
175659
175660
175661
175662
175663
175664
175665
175666
175667
175677
175678
175679
175680
175681
175682
175683
175684
175685
175686
175687
175688
175689
175690
175691
175692
175693
175694
175695
175696
175697
175698
175699
176296
176297
176298
176299
176300
176301
176302
176303
176304
176305
176306
176317
176318
176319
176320
176321
176322
176323
176324
176325
176326
176327
176328
176329
176330
176331
176332
176333
176334
176335
176336
176337
176338
176339
176936
176937
176938
176939
176940
176941
176942
176943
176944
176945
176946
176958
176959
176960
176961
176962
176963
176964
176965
176966
176967
176968
176969
176970
176971
176972
176973
176974
176975
176976
176977
176978
177576
177577
177578
177579
177580
177581
177582
177583
177584
177585
177586
177587
177588
177589
177590
177591
177592
177598
177599
177600
177601
177602
177603
177604
177605
177606
177607
177608
177609
177610
177611
177612
177613
177614
177615
177616
177617
177618
178216
178217
178218
178219
178220
178221
178222
178223
178224
178225
178226
178227
178228
178229
178230
178231
178232
178233
178234
178235
178236
178237
178238
178239
178240
178241
178242
178243
178244
178245
178246
178247
178248
178249
178250
178251
178252
178253
178254
178255
178256
178257
178258
178855
178856
178857
178858
178859
178860
178861
178862
178863
178864
178865
178866
178867
178868
178869
178870
178871
178872
178873
178874
178875
178876
178877
178878
178879
178880
178881
178882
178883
178884
178885
178886
178887
178888
178889
178890
178891
178892
178893
178894
178895
178896
178897
179495
179496
179497
179498
179499
179500
179501
179502
179503
179504
179505
179506
179507
179508
179509
179510
179511
179512
179513
179514
179515
179516
179517
179518
179519
179520
179521
179522
179523
179524
179525
179526
179527
179528
179529
179530
179531
179532
179533
179534
179535
179536
180134
180135
180136
180137
180138
180139
180140
180141
180142
180143
180144
180145
180146
180147
180148
180149
180150
180151
180152
180153
180154
180155
180156
180157
180158
180159
180160
180161
180162
180163
180164
180165
180166
180167
180168
180169
180170
180171
180172
180173
180174
180175
180176
180774
180775
180776
180777
180778
180779
180780
180781
180782
180783
180784
180785
180786
180787
180788
180789
180790
180791
180792
180793
180794
180795
180796
180797
180798
180799
180800
180801
180802
180803
180804
180805
180806
180807
180808
180809
180810
180811
180812
180813
180814
180815
180816
181414
181415
181416
181417
181418
181419
181420
181421
181422
181423
181424
181425
181426
181427
181428
181429
181430
181431
181432
181433
181434
181435
181436
181437
181438
181439
181440
181441
181442
181443
181444
181445
181446
181447
181448
181449
181450
181451
181452
181453
181454
181455
181456
182058
182059
182060
182061
182062
182063
182064
182065
182066
182067
182068
182069
182070
182071
182072
182073
182074
182075
182076
182077
182078
182079
182080
182081
182082
182083
182084
182085
182086
182087
182088
182089
182090
182091
182092
182093
182094
182095
182096
182697
182698
182699
182700
182701
182702
182703
182704
182705
182706
182707
182708
182709
182710
182711
182712
182713
182714
182715
182716
182717
182718
182719
182720
182721
182722
182723
182724
182725
182726
182727
182728
182729
182730
182731
182732
182733
182734
182735
182736
183337
183338
183339
183340
183341
183342
183343
183344
183345
183346
183347
183348
183349
183350
183351
183352
183353
183354
183355
183356
183357
183358
183359
183360
183361
183362
183363
183364
183365
183366
183367
183368
183369
183370
183371
183372
183373
183374
183375
183977
183978
183979
183980
183981
183982
183983
183984
183985
183986
183987
183992
183993
183994
183995
183996
183997
183998
183999
184000
184001
184002
184003
184004
184005
184006
184007
184008
184009
184010
184011
184012
184013
184617
184618
184619
184620
184621
184622
184623
184624
184625
184626
184627
184632
184633
184634
184635
184636
184637
184638
184639
184640
184641
184642
184643
184644
184645
184646
184647
184648
184649
184650
184651
184652
185257
185258
185259
185260
185261
185262
185263
185264
185265
185266
185273
185274
185275
185276
185277
185278
185279
185280
185281
185282
185283
185284
185285
185286
185287
185288
185289
185290
185291
185292
185897
185898
185899
185900
185901
185902
185903
185904
185905
185906
185913
185914
185915
185916
185917
185918
185919
185920
185921
185922
185923
185924
185925
185926
185927
185928
185929
185930
185931
185932
185933
185934
186537
186538
186539
186540
186541
186542
186543
186544
186545
186546
186553
186554
186555
186556
186557
186558
186559
186560
186561
186562
186563
186564
186565
186566
186567
186568
186569
186570
186571
186572
186573
186574
187177
187178
187179
187180
187181
187182
187183
187184
187185
187186
187193
187194
187195
187196
187200
187201
187202
187203
187204
187205
187206
187207
187208
187209
187210
187211
187212
187213
187214
187215
187815
187816
187817
187818
187819
187820
187821
187822
187823
187824
187825
187826
187834
187835
187840
187841
187842
187843
187844
187845
187846
187847
187848
187849
187850
187851
187852
187853
187854
187855
187856
188455
188456
188457
188458
188459
188460
188461
188462
188463
188464
188465
188466
188480
188481
188482
188483
188484
188485
188486
188487
188488
188489
188490
188491
188492
188493
188494
188495
188496
189095
189096
189097
189098
189099
189100
189101
189102
189103
189104
189105
189106
189120
189121
189122
189123
189124
189125
189126
189127
189128
189129
189130
189131
189132
189133
189134
189135
189136
189137
189736
189737
189738
189739
189740
189741
189742
189743
189744
189745
189746
189760
189761
189762
189763
189764
189765
189766
189767
189768
189769
189770
189771
189772
189773
189774
189775
189776
189777
190376
190377
190378
190379
190380
190381
190382
190383
190384
190385
190386
190399
190400
190401
190402
190403
190404
190405
190406
190407
190408
190409
190410
190411
190412
190413
190414
190415
190416
190417
191016
191017
191018
191019
191020
191021
191022
191023
191024
191025
191026
191027
191037
191038
191039
191040
191041
191042
191043
191044
191045
191046
191047
191048
191049
191050
191051
191052
191053
191054
191055
191056
191057
191656
191657
191658
191659
191660
191661
191662
191663
191664
191665
191666
191667
191676
191677
191678
191679
191680
191681
191682
191683
191684
191685
191686
191687
191688
191689
191690
191691
191692
191693
191694
191695
191696
191697
192297
192298
192299
192300
192301
192302
192303
192304
192305
192306
192307
192316
192317
192318
192319
192320
192321
192322
192323
192324
192325
192326
192327
192328
192329
192330
192331
192332
192333
192334
192335
192336
192337
192938
192939
192940
192941
192942
192943
192944
192945
192946
192947
192956
192957
192958
192959
192960
192961
192962
192963
192964
192965
192966
192967
192968
192969
192970
192971
192972
192973
192974
192975
192976
192977
193554
193555
193556
193580
193581
193582
193583
193584
193585
193586
193587
193596
193597
193598
193599
193600
193601
193602
193603
193604
193605
193606
193607
193608
193609
193610
193611
193612
193613
193614
193615
193616
193617
194217
194218
194219
194220
194221
194222
194223
194224
194225
194226
194227
194237
194238
194239
194240
194241
194242
194243
194244
194245
194246
194247
194248
194249
194250
194251
194252
194253
194254
194255
194256
194857
194858
194859
194860
194861
194862
194863
194864
194865
194866
194867
194877
194878
194879
194880
194881
194882
194883
194884
194885
194886
194887
194888
194889
194890
194891
194892
194893
194894
194895
194896
195498
195499
195500
195501
195502
195503
195504
195505
195506
195507
195517
195518
195519
195520
195521
195522
195523
195524
195525
195526
195527
195528
195529
195530
195531
195532
195533
195534
195535
196139
196140
196141
196142
196143
196144
196145
196146
196147
196160
196161
196162
196163
196164
196165
196166
196167
196168
196169
196170
196171
196172
196173
196779
196780
196781
196782
196783
196784
196785
196786
196787
196788
196802
196803
196804
196805
196806
196807
196808
196809
196810
196811
197419
197420
197421
197422
197423
197424
197425
197426
197427
197428
197443
197444
197445
197446
197447
197448
197449
197450
198059
198060
198061
198062
198063
198064
198065
198066
198067
198068
198702
198703
198704
198705
198706
198707
198708
198709
198710
198711
199344
199345
199346
199347
199348
199349
199350
199351
199984
199985
223036
223037
223038
