104656
104657
105291
105292
105296
105297
105927
105928
105929
105930
105931
105932
105933
105934
105936
105937
105938
105939
105940
105941
105942
105943
105948
105949
105950
105951
105952
105953
105954
105964
105965
106566
106567
106568
106569
106570
106571
106572
106573
106574
106575
106576
106577
106578
106579
106580
106581
106582
106583
106584
106585
106586
106587
106588
106589
106590
106591
106592
106593
106594
106601
106602
106603
106604
106605
106606
107206
107207
107208
107209
107210
107211
107212
107213
107214
107215
107216
107217
107218
107219
107220
107221
107222
107223
107224
107225
107226
107227
107228
107229
107230
107231
107232
107233
107234
107235
107236
107237
107238
107239
107240
107241
107242
107243
107244
107245
107246
107846
107847
107848
107849
107850
107851
107852
107853
107854
107855
107856
107857
107858
107859
107860
107861
107862
107863
107864
107865
107866
107867
107868
107869
107870
107871
107872
107873
107874
107875
107876
107877
107878
107879
107880
107881
107882
107883
107884
107885
107886
107887
108481
108482
108483
108486
108487
108488
108489
108490
108491
108492
108493
108494
108495
108496
108497
108498
108499
108500
108501
108502
108503
108504
108505
108506
108507
108508
108509
108510
108511
108512
108513
108514
108515
108516
108517
108518
108519
108520
108521
108522
108523
108524
108525
108526
108527
109121
109122
109123
109124
109125
109126
109127
109128
109129
109130
109131
109132
109133
109134
109135
109136
109137
109138
109139
109140
109141
109142
109143
109144
109145
109146
109147
109148
109149
109150
109151
109152
109153
109154
109155
109156
109157
109158
109159
109160
109161
109162
109163
109164
109165
109166
109167
109168
109760
109761
109762
109763
109764
109765
109766
109767
109768
109769
109770
109771
109772
109773
109774
109775
109776
109777
109778
109779
109780
109781
109782
109783
109784
109785
109786
109787
109788
109789
109790
109791
109792
109793
109794
109795
109796
109797
109798
109799
109800
109801
109802
109803
109804
109805
109806
109807
109808
110400
110401
110402
110403
110404
110405
110406
110407
110408
110409
110410
110411
110412
110413
110414
110415
110416
110417
110418
110419
110420
110421
110422
110423
110424
110425
110426
110427
110428
110429
110430
110431
110432
110433
110434
110435
110436
110437
110438
110439
110440
110441
110442
110443
110444
110445
110446
110447
111040
111041
111042
111043
111044
111045
111046
111047
111048
111049
111050
111051
111052
111053
111054
111055
111056
111057
111058
111059
111060
111061
111062
111063
111064
111065
111066
111067
111068
111069
111070
111071
111072
111073
111074
111075
111076
111077
111078
111079
111080
111081
111082
111083
111084
111085
111086
111087
111679
111680
111681
111682
111683
111684
111685
111686
111687
111688
111689
111690
111691
111692
111693
111694
111695
111696
111697
111698
111699
111700
111701
111702
111703
111704
111705
111706
111707
111708
111709
111710
111711
111712
111713
111714
111715
111716
111717
111718
111719
111720
111721
111722
111723
111724
111725
111726
111727
112319
112320
112321
112322
112323
112324
112325
112326
112327
112328
112329
112330
112331
112332
112333
112334
112335
112336
112337
112338
112339
112340
112341
112342
112343
112344
112345
112346
112347
112348
112349
112350
112351
112352
112353
112354
112355
112356
112357
112358
112359
112360
112361
112362
112363
112364
112365
112366
112959
112960
112961
112962
112963
112964
112965
112966
112967
112968
112969
112970
112971
112972
112973
112974
112975
112976
112977
112978
112979
112980
112981
112982
112983
112984
112985
112986
112987
112988
112989
112990
112991
112992
112993
112994
112995
112996
112997
112998
112999
113000
113001
113002
113003
113004
113005
113006
113600
113601
113602
113603
113604
113605
113606
113607
113608
113609
113610
113611
113612
113613
113614
113615
113616
113617
113618
113619
113620
113621
113622
113623
113624
113625
113626
113627
113628
113629
113630
113631
113632
113633
113634
113635
113636
113637
113638
113639
113640
113641
113642
113643
113644
113645
113646
114242
114243
114244
114245
114246
114247
114248
114249
114250
114251
114252
114253
114254
114255
114256
114257
114258
114259
114260
114261
114262
114263
114264
114265
114266
114267
114268
114269
114270
114271
114272
114273
114274
114275
114276
114277
114278
114279
114280
114281
114282
114283
114284
114285
114286
114882
114883
114884
114885
114886
114887
114888
114889
114890
114891
114892
114893
114894
114895
114896
114897
114898
114899
114900
114901
114902
114903
114904
114905
114906
114907
114908
114909
114910
114911
114912
114913
114914
114915
114916
114917
114918
114919
114920
114921
114922
114923
114924
114925
114926
114927
115525
115526
115527
115528
115529
115530
115531
115532
115533
115534
115535
115536
115537
115538
115539
115540
115541
115542
115543
115544
115545
115546
115547
115548
115549
115550
115551
115552
115553
115554
115555
115556
115557
115558
115559
115560
115561
115562
115563
115564
115565
115566
115567
116166
116167
116168
116169
116170
116171
116172
116173
116174
116175
116176
116177
116178
116179
116180
116181
116182
116183
116184
116185
116186
116187
116188
116189
116190
116191
116192
116193
116194
116195
116196
116197
116198
116199
116200
116201
116202
116203
116204
116205
116206
116207
116208
116806
116807
116808
116809
116810
116811
116812
116813
116814
116815
116816
116817
116818
116819
116820
116821
116822
116823
116824
116825
116826
116827
116828
116829
116830
116831
116832
116833
116834
116835
116836
116837
116838
116839
116840
116841
116842
116843
116844
116845
116846
116847
116848
117447
117448
117449
117450
117451
117452
117453
117454
117455
117456
117457
117458
117459
117460
117461
117462
117463
117464
117465
117466
117467
117468
117469
117470
117471
117472
117473
117474
117475
117476
117477
117478
117479
117480
117481
117482
117483
117484
117485
117486
117487
117488
118088
118089
118090
118091
118092
118093
118094
118095
118096
118097
118098
118099
118100
118101
118102
118103
118104
118105
118106
118107
118108
118109
118110
118111
118112
118113
118114
118115
118116
118117
118118
118119
118120
118121
118122
118123
118124
118125
118126
118127
118128
118730
118731
118732
118733
118734
118735
118736
118737
118738
118739
118740
118741
118742
118743
118744
118745
118746
118747
118748
118749
118750
118751
118752
118753
118754
118755
118756
118757
118758
118759
118760
118761
118762
118763
118764
118765
118766
118767
119371
119372
119373
119374
119375
119376
119377
119378
119379
119380
119381
119382
119383
119384
119385
119386
119387
119388
119389
119390
119391
119392
119393
119394
119395
119396
119397
119398
119399
119400
119401
119402
119403
119404
119405
119406
119407
120011
120012
120013
120014
120015
120016
120017
120018
120019
120020
120021
120022
120023
120024
120025
120026
120027
120028
120029
120030
120031
120032
120033
120034
120035
120036
120037
120038
120039
120040
120041
120042
120043
120044
120045
120046
120650
120651
120652
120653
120654
120655
120656
120657
120658
120659
120660
120662
120663
120664
120665
120666
120667
120668
120669
120670
120671
120672
120673
120674
120675
120676
120677
120678
120679
120680
120681
120682
120683
120684
120685
121288
121289
121290
121291
121292
121293
121294
121295
121296
121297
121298
121299
121300
121301
121302
121303
121304
121305
121306
121307
121308
121309
121310
121311
121312
121313
121314
121315
121316
121317
121318
121319
121320
121321
121322
121323
121324
121325
121928
121929
121930
121931
121932
121933
121934
121935
121936
121937
121938
121939
121940
121941
121942
121943
121944
121945
121946
121947
121948
121949
121950
121951
121952
121953
121954
121955
121956
121957
121958
121959
121960
121961
121962
121963
121964
122567
122568
122569
122570
122571
122572
122573
122574
122575
122576
122577
122578
122579
122580
122581
122582
122583
122584
122585
122586
122587
122588
122589
122590
122591
122592
122593
122594
122595
122596
122597
122598
122599
122600
122601
122602
122603
122604
123206
123207
123208
123209
123210
123211
123212
123213
123214
123215
123216
123217
123218
123219
123220
123221
123222
123223
123224
123225
123226
123227
123228
123229
123230
123231
123232
123233
123234
123235
123236
123237
123238
123239
123240
123241
123242
123243
123244
123845
123846
123847
123848
123849
123850
123851
123852
123853
123854
123855
123856
123857
123858
123859
123860
123861
123862
123863
123864
123865
123866
123867
123868
123869
123870
123871
123872
123873
123874
123875
123876
123877
123878
123879
123880
123881
123882
123883
123884
124480
124481
124482
124485
124486
124487
124488
124489
124490
124491
124492
124493
124494
124495
124496
124497
124498
124499
124500
124501
124502
124503
124504
124505
124506
124507
124508
124509
124510
124511
124512
124513
124514
124515
124516
124517
124518
124519
124520
124521
124522
124523
124524
124525
124526
124527
125119
125120
125121
125122
125123
125125
125126
125127
125128
125129
125130
125131
125132
125133
125134
125135
125136
125137
125138
125139
125140
125141
125142
125143
125144
125145
125146
125147
125148
125149
125150
125151
125152
125153
125154
125155
125156
125157
125158
125159
125160
125161
125162
125163
125164
125165
125166
125167
125168
125759
125760
125761
125762
125763
125764
125765
125766
125767
125768
125769
125770
125771
125772
125773
125774
125775
125776
125777
125778
125779
125780
125781
125782
125783
125784
125785
125786
125787
125788
125789
125790
125791
125792
125793
125794
125795
125796
125797
125798
125799
125800
125801
125802
125803
125804
125805
125806
125807
125808
126399
126400
126401
126402
126403
126404
126405
126406
126407
126408
126409
126410
126411
126412
126413
126414
126415
126416
126417
126418
126419
126420
126421
126422
126423
126424
126425
126426
126427
126428
126429
126430
126431
126432
126433
126434
126435
126436
126437
126438
126439
126440
126441
126442
126443
126444
126445
126446
126447
126448
127039
127040
127041
127042
127043
127044
127045
127046
127047
127048
127049
127050
127051
127052
127053
127054
127055
127056
127057
127058
127059
127060
127061
127062
127063
127064
127065
127066
127067
127068
127069
127070
127071
127072
127073
127074
127075
127076
127077
127078
127079
127080
127081
127082
127083
127084
127085
127086
127087
127088
127679
127680
127681
127682
127683
127684
127685
127686
127687
127688
127689
127690
127691
127692
127693
127694
127695
127696
127697
127698
127699
127700
127701
127702
127703
127704
127705
127706
127707
127708
127709
127710
127711
127712
127713
127714
127715
127716
127717
127718
127719
127720
127721
127722
127723
127724
127725
127726
127727
127728
128319
128320
128321
128322
128323
128324
128325
128326
128327
128328
128329
128330
128331
128332
128333
128334
128335
128336
128337
128338
128339
128340
128341
128342
128343
128344
128345
128346
128347
128348
128349
128350
128351
128352
128353
128354
128355
128356
128357
128358
128359
128360
128361
128362
128363
128364
128365
128366
128367
128960
128961
128962
128963
128964
128965
128966
128967
128968
128969
128970
128971
128972
128973
128974
128975
128976
128977
128978
128979
128980
128981
128982
128983
128984
128985
128986
128987
128988
128989
128990
128991
128992
128993
128994
128995
128996
128997
128998
128999
129000
129001
129002
129003
129004
129005
129006
129007
129601
129602
129603
129604
129605
129606
129607
129608
129609
129610
129611
129612
129613
129614
129615
129616
129617
129618
129619
129620
129621
129622
129623
129624
129625
129626
129627
129628
129629
129630
129631
129632
129633
129634
129635
129636
129637
129638
129639
129640
129641
129642
129643
129644
129645
129646
130244
130245
130246
130247
130248
130249
130250
130251
130252
130253
130254
130255
130256
130257
130258
130259
130260
130261
130262
130263
130264
130265
130266
130267
130268
130269
130270
130271
130272
130273
130274
130275
130276
130277
130278
130279
130280
130281
130282
130283
130284
130285
130286
130884
130885
130886
130887
130888
130889
130890
130891
130892
130893
130894
130895
130896
130897
130898
130899
130900
130901
130902
130903
130904
130905
130906
130907
130908
130909
130910
130911
130912
130913
130914
130915
130916
130917
130918
130919
130920
130921
130922
130923
130924
130925
130926
131524
131525
131526
131527
131528
131529
131530
131531
131532
131533
131534
131535
131536
131537
131538
131539
131540
131541
131542
131543
131544
131545
131546
131547
131548
131549
131550
131551
131552
131553
131554
131555
131556
131557
131558
131559
131560
131561
131562
131563
131564
131565
131566
132164
132165
132166
132167
132168
132169
132170
132171
132172
132173
132174
132175
132176
132177
132178
132179
132180
132181
132182
132183
132184
132185
132186
132187
132188
132189
132190
132191
132192
132193
132194
132195
132196
132197
132198
132199
132200
132201
132202
132203
132204
132205
132206
132804
132805
132806
132807
132808
132809
132810
132811
132812
132813
132814
132815
132816
132817
132818
132819
132820
132821
132822
132823
132824
132825
132826
132827
132828
132829
132830
132831
132832
132833
132834
132835
132836
132837
132838
132839
132840
132841
132842
132843
132844
132845
132846
133444
133445
133446
133447
133448
133449
133450
133451
133452
133453
133454
133455
133456
133457
133458
133459
133460
133461
133462
133463
133464
133465
133466
133467
133468
133469
133470
133471
133472
133473
133474
133475
133476
133477
133478
133479
133480
133481
133482
133483
133484
133485
133486
133487
134083
134084
134085
134086
134087
134088
134089
134090
134091
134092
134093
134094
134095
134096
134097
134098
134099
134100
134101
134102
134103
134104
134105
134106
134107
134108
134109
134110
134111
134112
134113
134114
134115
134116
134117
134118
134119
134120
134121
134122
134123
134124
134125
134126
134127
134722
134723
134724
134725
134726
134727
134728
134729
134730
134731
134732
134733
134734
134735
134736
134737
134738
134739
134740
134741
134742
134743
134744
134745
134746
134747
134748
134749
134750
134751
134752
134753
134754
134755
134756
134757
134758
134759
134760
134761
134762
134763
134764
134765
134766
135362
135363
135364
135365
135366
135367
135368
135369
135370
135371
135372
135373
135374
135375
135376
135377
135378
135379
135380
135381
135382
135383
135384
135385
135386
135387
135388
135389
135390
135391
135392
135393
135394
135395
135396
135397
135398
135399
135400
135401
135402
135403
135404
135405
135406
136002
136003
136004
136005
136006
136007
136008
136009
136010
136011
136012
136013
136014
136015
136016
136017
136018
136019
136020
136021
136022
136023
136024
136025
136026
136027
136028
136029
136030
136031
136032
136033
136034
136035
136036
136037
136038
136039
136040
136041
136042
136043
136044
136045
136046
136643
136644
136645
136646
136647
136648
136649
136650
136651
136652
136653
136654
136655
136656
136657
136658
136659
136660
136661
136662
136663
136664
136665
136666
136667
136668
136669
136670
136671
136672
136673
136674
136675
136676
136677
136678
136679
136680
136681
136682
136683
136684
136685
136686
137284
137285
137286
137287
137288
137289
137290
137291
137292
137293
137294
137295
137296
137297
137298
137299
137300
137301
137302
137303
137304
137305
137306
137307
137308
137309
137310
137311
137312
137313
137314
137315
137316
137317
137318
137319
137320
137321
137322
137323
137324
137325
137326
137327
137919
137920
137924
137925
137926
137927
137928
137929
137930
137931
137932
137933
137934
137935
137936
137937
137938
137939
137940
137941
137942
137943
137944
137945
137946
137947
137948
137949
137950
137951
137952
137953
137954
137955
137956
137957
137958
137959
137960
137961
137962
137963
137964
137965
137966
137967
138558
138559
138560
138561
138562
138563
138564
138565
138566
138567
138568
138569
138570
138571
138572
138573
138574
138575
138576
138577
138578
138579
138580
138581
138582
138583
138584
138585
138586
138587
138588
138589
138590
138591
138592
138593
138594
138595
138596
138597
138598
138599
138600
138601
138602
138603
138604
138605
138606
138607
139198
139199
139200
139201
139202
139203
139204
139205
139206
139207
139208
139209
139210
139211
139212
139213
139214
139215
139216
139217
139218
139219
139220
139221
139222
139223
139224
139225
139226
139227
139228
139229
139230
139231
139232
139233
139234
139235
139236
139237
139238
139239
139240
139241
139242
139243
139244
139245
139246
139247
139248
139839
139840
139841
139842
139843
139844
139845
139846
139847
139848
139849
139850
139851
139852
139853
139854
139855
139856
139857
139858
139859
139860
139861
139862
139863
139864
139865
139866
139867
139868
139869
139870
139871
139872
139873
139874
139875
139876
139877
139878
139879
139880
139881
139882
139883
139884
139885
139886
139887
139888
140480
140481
140482
140483
140484
140485
140486
140487
140488
140489
140490
140491
140492
140493
140494
140495
140496
140497
140498
140499
140500
140501
140502
140503
140504
140505
140506
140507
140508
140509
140510
140511
140512
140513
140514
140515
140516
140517
140518
140519
140520
140521
140522
140523
140524
140525
140526
140527
140528
141121
141122
141123
141124
141125
141126
141127
141128
141129
141130
141131
141132
141133
141134
141135
141136
141137
141138
141139
141140
141141
141142
141143
141144
141145
141146
141147
141148
141149
141150
141151
141152
141153
141154
141155
141156
141157
141158
141159
141160
141161
141162
141163
141164
141165
141166
141167
141763
141764
141765
141766
141767
141768
141769
141770
141771
141772
141773
141774
141775
141776
141777
141778
141779
141780
141781
141782
141783
141784
141785
141786
141787
141788
141789
141790
141791
141792
141793
141794
141795
141796
141797
141798
141799
141800
141801
141802
141803
141804
141805
141806
141807
141808
141809
142404
142405
142406
142407
142408
142409
142410
142411
142412
142413
142414
142415
142416
142417
142418
142419
142420
142421
142422
142423
142424
142425
142426
142427
142428
142429
142430
142431
142432
142433
142434
142435
142436
142437
142438
142439
142440
142441
142442
142443
142444
142445
142446
142447
142448
142449
142450
143044
143045
143046
143047
143048
143049
143050
143051
143052
143053
143054
143055
143056
143057
143058
143059
143060
143061
143062
143063
143064
143065
143066
143067
143068
143069
143070
143071
143072
143073
143074
143075
143076
143077
143078
143079
143080
143081
143082
143083
143084
143085
143086
143087
143088
143089
143090
143684
143685
143686
143687
143688
143689
143690
143691
143692
143693
143694
143695
143696
143697
143698
143699
143700
143701
143702
143703
143704
143705
143706
143707
143708
143709
143710
143711
143712
143713
143714
143715
143716
143717
143718
143719
143720
143721
143722
143723
143724
143725
143726
143727
143728
143729
143730
144326
144327
144328
144329
144330
144331
144332
144333
144334
144335
144336
144337
144338
144339
144340
144341
144342
144343
144344
144345
144346
144347
144348
144349
144350
144351
144352
144353
144354
144355
144356
144357
144358
144359
144360
144361
144362
144363
144364
144365
144366
144367
144368
144369
144370
144966
144967
144968
144969
144970
144971
144972
144973
144974
144975
144976
144977
144978
144979
144980
144981
144982
144983
144984
144985
144986
144987
144988
144989
144990
144991
144992
144993
144994
144995
144996
144997
144998
144999
145000
145001
145002
145003
145004
145005
145006
145007
145008
145009
145606
145607
145608
145609
145610
145611
145612
145613
145614
145615
145616
145617
145618
145619
145620
145621
145622
145623
145624
145625
145626
145627
145628
145629
145630
145631
145632
145633
145634
145635
145636
145637
145638
145639
145640
145641
145642
145643
145644
145645
145646
145647
145648
145649
146247
146248
146249
146250
146251
146252
146253
146254
146255
146256
146257
146258
146259
146260
146261
146262
146263
146264
146265
146266
146267
146268
146269
146270
146271
146272
146273
146274
146275
146276
146277
146278
146279
146280
146281
146282
146283
146284
146285
146286
146287
146883
146884
146885
146886
146887
146888
146889
146890
146891
146892
146893
146894
146895
146896
146897
146898
146899
146900
146901
146902
146903
146904
146905
146906
146907
146908
146909
146910
146911
146912
146913
146914
146915
146916
146917
146918
146919
146920
146921
146922
146923
146924
146925
146926
147523
147524
147525
147526
147527
147528
147529
147530
147531
147532
147533
147534
147535
147536
147537
147538
147539
147540
147541
147542
147543
147544
147545
147546
147547
147548
147549
147550
147551
147552
147553
147554
147555
147556
147557
147558
147559
147560
147561
147562
147563
147564
147565
147566
148163
148164
148165
148166
148167
148168
148169
148170
148171
148172
148173
148174
148175
148176
148177
148178
148179
148180
148181
148182
148183
148184
148185
148186
148187
148188
148189
148190
148191
148192
148193
148194
148195
148196
148197
148198
148199
148200
148201
148202
148203
148204
148205
148206
148207
148802
148803
148804
148805
148806
148807
148808
148809
148810
148811
148812
148813
148814
148815
148816
148817
148818
148819
148820
148821
148822
148823
148824
148825
148826
148827
148828
148829
148830
148831
148832
148833
148834
148835
148836
148837
148838
148839
148840
148841
148842
148843
148844
148845
148846
148847
148848
149442
149443
149444
149445
149446
149447
149448
149449
149450
149451
149452
149453
149454
149455
149456
149457
149458
149459
149460
149461
149462
149463
149464
149465
149466
149467
149468
149469
149470
149471
149472
149473
149474
149475
149476
149477
149478
149479
149480
149481
149482
149483
149484
149485
149486
149487
149488
149489
150082
150083
150084
150085
150086
150087
150088
150089
150090
150091
150092
150093
150094
150095
150096
150097
150098
150099
150100
150101
150102
150103
150104
150105
150106
150107
150108
150109
150110
150111
150112
150113
150114
150115
150116
150117
150118
150119
150120
150121
150122
150123
150124
150125
150126
150127
150128
150129
150130
150722
150723
150724
150725
150726
150727
150728
150729
150730
150731
150732
150733
150734
150735
150736
150737
150738
150739
150740
150741
150742
150743
150744
150745
150746
150747
150748
150749
150750
150751
150752
150753
150754
150755
150756
150757
150758
150759
150760
150761
150762
150763
150764
150765
150766
150767
150768
150769
150770
151362
151363
151364
151365
151366
151367
151368
151369
151370
151371
151372
151373
151374
151375
151376
151377
151378
151379
151380
151381
151382
151383
151384
151385
151386
151387
151388
151389
151390
151391
151392
151393
151394
151395
151396
151397
151398
151399
151400
151401
151402
151403
151404
151405
151406
151407
151408
151409
151410
152002
152003
152004
152005
152006
152007
152008
152009
152010
152011
152012
152013
152014
152015
152016
152017
152018
152019
152020
152021
152022
152023
152024
152025
152026
152027
152028
152029
152030
152031
152032
152033
152034
152035
152036
152037
152038
152039
152040
152041
152042
152043
152044
152045
152046
152047
152048
152049
152050
152642
152643
152644
152645
152646
152647
152648
152649
152650
152651
152652
152653
152654
152655
152656
152657
152658
152659
152660
152661
152662
152663
152664
152665
152666
152667
152668
152669
152670
152671
152672
152673
152674
152675
152676
152677
152678
152679
152680
152681
152682
152683
152684
152688
152689
152690
153285
153286
153287
153288
153289
153290
153291
153292
153293
153294
153295
153296
153297
153298
153299
153300
153301
153302
153303
153304
153305
153306
153307
153308
153309
153310
153311
153312
153313
153314
153315
153316
153317
153318
153319
153320
153321
153322
153323
153324
153325
153925
153926
153927
153928
153929
153930
153931
153932
153933
153934
153935
153936
153937
153938
153939
153940
153941
153942
153943
153944
153945
153946
153947
153948
153949
153950
153951
153952
153953
153954
153955
153956
153957
153958
153959
153960
153961
153962
153963
153964
153965
154565
154566
154567
154568
154569
154570
154571
154572
154573
154574
154575
154576
154577
154578
154579
154580
154581
154582
154583
154584
154585
154586
154587
154588
154589
154590
154591
154592
154593
154594
154595
154596
154597
154598
154599
154600
154601
154602
154603
154604
154605
155205
155206
155207
155208
155209
155210
155211
155212
155213
155214
155215
155216
155217
155218
155219
155220
155221
155222
155223
155224
155225
155226
155227
155228
155229
155230
155231
155232
155233
155234
155235
155236
155237
155238
155239
155240
155241
155242
155243
155244
155245
155246
155845
155846
155847
155848
155849
155850
155851
155852
155853
155854
155855
155856
155857
155858
155859
155860
155861
155862
155863
155864
155865
155866
155867
155868
155869
155870
155871
155872
155873
155874
155875
155876
155877
155878
155879
155880
155881
155882
155883
155884
155885
155886
156485
156486
156487
156488
156489
156490
156491
156492
156493
156494
156495
156496
156497
156498
156499
156500
156501
156502
156503
156504
156505
156506
156507
156508
156509
156510
156511
156512
156513
156514
156515
156516
156517
156518
156519
156520
156521
156522
156523
156524
156525
157126
157127
157128
157129
157130
157131
157132
157133
157134
157135
157136
157137
157138
157139
157140
157141
157142
157143
157144
157145
157146
157147
157148
157149
157150
157151
157152
157153
157154
157155
157156
157157
157158
157159
157160
157161
157162
157163
157766
157767
157768
157769
157770
157771
157772
157773
157774
157775
157776
157777
157778
157779
157780
157781
157782
157783
157784
157785
157786
157787
157788
157789
157790
157791
157792
157793
157794
157795
157796
157797
157798
157799
157800
157801
157802
157803
158406
158407
158408
158409
158410
158411
158412
158413
158414
158415
158416
158417
158418
158419
158420
158421
158422
158423
158424
158425
158426
158427
158428
158429
158430
158431
158432
158433
158434
158435
158436
158437
158438
158439
159047
159048
159049
159050
159051
159052
159053
159054
159055
159056
159057
159058
159059
159060
159061
159062
159063
159064
159065
159066
159067
159068
159069
159070
159071
159072
159073
159074
159075
159076
159077
159078
159686
159687
159688
159689
159690
159691
159692
159693
159694
159695
159696
159697
159698
159699
159700
159701
159702
159703
159704
159705
159706
159707
159708
159709
159710
159711
159712
159713
159714
159715
159716
159717
159718
160326
160327
160328
160329
160330
160331
160332
160333
160334
160335
160336
160337
160338
160339
160340
160341
160342
160343
160344
160345
160346
160347
160348
160349
160350
160351
160352
160353
160354
160355
160356
160357
160965
160966
160967
160968
160969
160970
160971
160972
160973
160974
160975
160976
160977
160978
160979
160980
160981
160982
160983
160984
160985
160986
160987
160988
160989
160990
160991
160992
160993
160994
160995
161605
161606
161607
161608
161609
161610
161611
161612
161613
161614
161615
161616
161617
161618
161619
161620
161621
161622
161623
161624
161625
161626
161627
161628
161629
161630
161631
161632
161633
161634
161635
162243
162244
162245
162246
162247
162248
162249
162250
162251
162252
162253
162254
162255
162256
162257
162258
162259
162260
162261
162262
162263
162264
162265
162266
162267
162268
162269
162270
162271
162272
162273
162274
162275
162276
162277
162883
162884
162885
162886
162887
162888
162889
162890
162891
162892
162893
162894
162895
162896
162897
162898
162899
162900
162901
162902
162903
162904
162905
162906
162907
162908
162909
162910
162911
162912
162913
162914
162915
162916
162917
163523
163524
163525
163526
163527
163528
163529
163530
163531
163532
163533
163534
163535
163536
163537
163538
163539
163540
163541
163542
163543
163544
163545
163546
163547
163548
163549
163550
163551
163552
163553
163554
163555
163556
164163
164164
164165
164166
164167
164168
164169
164170
164171
164172
164173
164174
164175
164176
164177
164178
164179
164180
164181
164182
164183
164184
164185
164186
164187
164188
164189
164190
164191
164192
164193
164194
164195
164804
164805
164806
164807
164808
164809
164810
164811
164812
164813
164814
164815
164816
164817
164818
164819
164820
164821
164822
164823
164824
164825
164826
164827
164828
164829
164830
164831
164832
164833
164834
164835
164836
165444
165445
165446
165447
165448
165449
165450
165451
165452
165453
165454
165455
165456
165457
165458
165459
165460
165461
165462
165463
165464
165465
165466
165467
165468
165469
165470
165471
165472
165473
165474
165475
165476
166084
166085
166086
166087
166088
166089
166090
166091
166092
166093
166094
166095
166096
166097
166098
166099
166100
166101
166102
166103
166104
166105
166106
166107
166108
166109
166110
166111
166112
166113
166114
166115
166116
166724
166725
166726
166727
166728
166729
166730
166731
166732
166733
166734
166735
166736
166737
166738
166739
166740
166741
166742
166743
166744
166745
166746
166747
166748
166749
166750
166751
166752
166753
166754
166755
166756
166757
167365
167366
167367
167368
167369
167370
167371
167372
167373
167374
167375
167376
167377
167378
167379
167380
167381
167382
167383
167384
167385
167386
167387
167388
167389
167390
167391
167392
167393
167394
167395
167396
167397
167398
167399
167400
167401
167402
168005
168006
168007
168008
168009
168010
168011
168012
168013
168014
168015
168016
168017
168018
168019
168020
168021
168022
168023
168024
168025
168026
168027
168028
168029
168030
168031
168032
168033
168034
168035
168036
168037
168038
168039
168040
168041
168042
168043
168645
168646
168647
168648
168649
168650
168651
168652
168653
168654
168655
168656
168657
168658
168659
168660
168661
168662
168663
168664
168665
168666
168667
168668
168669
168670
168671
168672
168673
168674
168675
168676
168677
168678
168679
168680
168681
168682
168683
169286
169287
169288
169289
169290
169291
169292
169293
169294
169295
169296
169297
169298
169299
169300
169301
169302
169303
169304
169305
169306
169307
169308
169309
169310
169311
169312
169313
169314
169315
169316
169317
169318
169319
169320
169321
169322
169323
169926
169927
169928
169929
169930
169931
169932
169933
169934
169935
169936
169937
169938
169939
169940
169941
169942
169943
169944
169945
169946
169947
169948
169949
169950
169951
169952
169953
169954
169955
169956
169957
169958
169959
169960
169961
169962
169963
170566
170567
170568
170569
170570
170571
170572
170573
170574
170575
170576
170577
170578
170579
170580
170581
170582
170583
170584
170585
170586
170587
170588
170589
170590
170591
170592
170593
170594
170595
170596
170597
170598
170599
170600
170601
170602
170603
170604
171206
171207
171208
171209
171210
171211
171212
171213
171214
171215
171216
171217
171218
171219
171220
171221
171222
171223
171224
171225
171226
171227
171228
171229
171230
171231
171232
171233
171234
171235
171236
171237
171238
171239
171240
171241
171242
171243
171244
171245
171844
171845
171846
171847
171848
171849
171850
171851
171852
171853
171854
171855
171856
171857
171858
171859
171860
171861
171862
171863
171864
171865
171866
171867
171868
171869
171870
171871
171872
171873
171874
171875
171876
171877
171878
171879
171880
171881
171882
171883
171884
171885
172483
172484
172485
172486
172487
172488
172489
172490
172491
172492
172493
172494
172495
172496
172497
172498
172499
172500
172501
172502
172503
172504
172505
172506
172507
172508
172509
172510
172511
172512
172513
172514
172515
172516
172517
172518
172519
172520
172521
172522
172523
172524
172525
173122
173123
173124
173125
173126
173127
173128
173129
173130
173131
173132
173133
173134
173135
173136
173137
173138
173139
173140
173141
173142
173143
173144
173145
173146
173147
173148
173149
173150
173151
173152
173153
173154
173155
173156
173157
173158
173159
173160
173161
173162
173163
173164
173165
173762
173763
173764
173765
173766
173767
173768
173769
173770
173771
173772
173773
173774
173775
173776
173777
173778
173779
173780
173781
173782
173783
173784
173785
173786
173787
173788
173789
173790
173791
173792
173793
173794
173795
173796
173797
173798
173799
173800
173801
173802
173803
173804
173805
174402
174403
174404
174405
174406
174407
174408
174409
174410
174411
174412
174413
174414
174415
174416
174417
174418
174419
174420
174421
174422
174423
174424
174425
174426
174427
174428
174429
174430
174431
174432
174433
174434
174435
174436
174437
174438
174439
174440
174441
174442
174443
174444
174445
175042
175043
175044
175045
175046
175047
175048
175049
175050
175051
175052
175053
175054
175055
175056
175057
175058
175059
175060
175061
175062
175063
175064
175065
175066
175067
175068
175069
175070
175071
175072
175073
175074
175075
175076
175077
175078
175079
175080
175081
175082
175083
175084
175085
175684
175685
175686
175687
175688
175689
175690
175691
175692
175693
175694
175695
175696
175697
175698
175699
175700
175701
175702
175703
175704
175705
175706
175707
175708
175709
175710
175711
175712
175713
175714
175715
175716
175717
175718
175719
175720
175721
175722
175723
175724
175725
176324
176325
176326
176327
176328
176329
176330
176331
176332
176333
176334
176335
176336
176337
176338
176339
176340
176341
176342
176343
176344
176345
176346
176347
176348
176349
176350
176351
176352
176353
176354
176355
176356
176357
176358
176359
176360
176361
176362
176363
176364
176965
176966
176967
176968
176969
176970
176971
176972
176973
176974
176975
176976
176977
176978
176979
176980
176981
176982
176983
176984
176985
176986
176987
176988
176989
176990
176991
176992
176993
176994
176995
176996
176997
176998
176999
177000
177001
177002
177003
177004
177604
177605
177606
177607
177608
177609
177610
177611
177612
177613
177614
177615
177616
177617
177618
177619
177620
177621
177622
177623
177624
177625
177626
177627
177628
177629
177630
177631
177632
177633
177634
177635
177636
177637
177638
177639
177640
177641
177642
177643
177644
178244
178245
178246
178247
178248
178249
178250
178251
178252
178253
178254
178255
178256
178257
178258
178259
178260
178261
178262
178263
178264
178265
178266
178267
178268
178269
178270
178271
178272
178273
178274
178275
178276
178277
178278
178279
178280
178281
178282
178283
178284
178884
178885
178886
178887
178888
178889
178890
178891
178892
178893
178894
178895
178896
178897
178898
178899
178900
178901
178902
178903
178904
178905
178906
178907
178908
178909
178910
178911
178912
178913
178914
178915
178916
178917
178918
178919
178920
178921
178922
178923
178924
179524
179525
179526
179527
179528
179529
179530
179531
179532
179533
179534
179535
179536
179537
179538
179539
179540
179541
179542
179543
179544
179545
179546
179547
179548
179549
179550
179551
179552
179553
179554
179555
179556
179557
179558
179559
179560
179561
179562
179563
179564
180164
180165
180166
180167
180168
180169
180170
180171
180172
180173
180174
180175
180176
180177
180178
180179
180180
180181
180182
180183
180184
180185
180186
180187
180188
180189
180190
180191
180192
180193
180194
180195
180196
180197
180198
180199
180200
180201
180202
180203
180204
180205
180801
180802
180804
180805
180806
180807
180808
180809
180810
180811
180812
180813
180814
180815
180816
180817
180818
180819
180820
180821
180822
180823
180824
180825
180826
180827
180828
180829
180830
180831
180832
180833
180834
180835
180836
180837
180838
180839
180840
180841
180842
180843
180844
180845
180846
181441
181442
181443
181444
181445
181446
181447
181448
181449
181450
181451
181452
181453
181454
181455
181456
181457
181458
181459
181460
181461
181462
181463
181464
181465
181466
181467
181468
181469
181470
181471
181472
181473
181474
181475
181476
181477
181478
181479
181480
181481
181482
181483
181484
181485
181486
182081
182082
182083
182084
182085
182086
182087
182088
182089
182090
182091
182092
182093
182094
182095
182096
182097
182098
182099
182100
182101
182102
182103
182104
182105
182106
182107
182108
182109
182110
182111
182112
182113
182114
182115
182116
182117
182118
182119
182120
182121
182122
182123
182124
182125
182126
182127
182721
182722
182723
182724
182725
182726
182727
182728
182729
182730
182731
182732
182733
182734
182735
182736
182737
182738
182739
182740
182741
182742
182743
182744
182745
182746
182747
182748
182749
182750
182751
182752
182753
182754
182755
182756
182757
182758
182759
182760
182761
182762
182763
182764
182765
182766
182767
182768
183361
183362
183363
183364
183365
183366
183367
183368
183369
183370
183371
183372
183373
183374
183375
183376
183377
183378
183379
183380
183381
183382
183383
183384
183385
183386
183387
183388
183389
183390
183391
183392
183393
183394
183395
183396
183397
183398
183399
183400
183401
183402
183403
183404
183405
183406
183407
183408
184001
184002
184003
184004
184005
184006
184007
184008
184009
184010
184011
184012
184013
184014
184015
184016
184017
184018
184019
184020
184021
184022
184023
184024
184025
184026
184027
184028
184029
184030
184031
184032
184033
184034
184035
184036
184037
184038
184039
184040
184041
184042
184043
184044
184045
184046
184047
184048
184641
184642
184643
184644
184645
184646
184647
184648
184649
184650
184651
184652
184653
184654
184655
184656
184657
184658
184659
184660
184661
184662
184663
184664
184665
184666
184667
184668
184669
184670
184671
184672
184673
184674
184675
184676
184677
184678
184679
184680
184681
184682
184683
184684
184685
184686
184687
185282
185283
185284
185285
185286
185287
185288
185289
185290
185291
185292
185293
185294
185295
185296
185297
185298
185299
185300
185301
185302
185303
185304
185305
185306
185307
185308
185309
185310
185311
185312
185313
185314
185315
185316
185317
185318
185319
185320
185321
185322
185323
185324
185325
185326
185327
185922
185923
185924
185925
185926
185927
185928
185929
185930
185931
185932
185933
185934
185935
185936
185937
185938
185939
185940
185941
185942
185943
185944
185945
185946
185947
185948
185949
185950
185951
185952
185953
185954
185955
185956
185957
185958
185959
185960
185961
185962
185963
185964
185965
185966
185967
186562
186563
186564
186565
186566
186567
186568
186569
186570
186571
186572
186573
186574
186575
186576
186577
186578
186579
186580
186581
186582
186583
186584
186585
186586
186587
186588
186589
186590
186591
186592
186593
186594
186595
186596
186597
186598
186599
186600
186601
186602
186603
186604
186605
186606
186607
186608
186609
187201
187202
187203
187204
187205
187206
187207
187208
187209
187210
187211
187212
187213
187214
187215
187216
187217
187218
187219
187220
187221
187222
187223
187224
187225
187226
187227
187228
187229
187230
187231
187232
187233
187234
187235
187236
187237
187238
187239
187240
187241
187242
187243
187244
187245
187246
187247
187841
187842
187843
187844
187845
187846
187847
187848
187849
187850
187851
187852
187853
187854
187855
187856
187857
187858
187859
187860
187861
187862
187863
187864
187865
187866
187867
187868
187869
187870
187871
187872
187873
187874
187875
187876
187877
187878
187879
187880
187881
187882
187883
187884
187885
187886
187887
188481
188482
188483
188484
188485
188486
188487
188488
188489
188490
188491
188492
188493
188494
188495
188496
188497
188498
188499
188500
188501
188502
188503
188504
188505
188506
188507
188508
188509
188510
188511
188512
188513
188514
188515
188516
188517
188518
188519
188520
188521
188522
188523
188524
188525
188526
188527
188528
189122
189123
189124
189125
189126
189127
189128
189129
189130
189131
189132
189133
189134
189135
189136
189137
189138
189139
189140
189141
189142
189143
189144
189145
189146
189147
189148
189149
189150
189151
189152
189153
189154
189155
189156
189157
189158
189159
189160
189161
189162
189163
189164
189165
189166
189167
189763
189764
189765
189766
189767
189768
189769
189770
189771
189772
189773
189774
189775
189776
189777
189778
189779
189780
189781
189782
189783
189784
189785
189786
189787
189788
189789
189790
189791
189792
189793
189794
189795
189796
189797
189798
189799
189800
189801
189802
189803
189804
189805
189806
190403
190404
190405
190406
190407
190408
190409
190410
190411
190412
190413
190414
190415
190416
190417
190418
190419
190420
190421
190422
190423
190424
190425
190426
190427
190428
190429
190430
190431
190432
190433
190434
190435
190436
190437
190438
190439
190440
190441
190442
190443
190444
190445
190446
191043
191044
191045
191046
191047
191048
191049
191050
191051
191052
191053
191054
191055
191056
191057
191058
191059
191060
191061
191062
191063
191064
191065
191066
191067
191068
191069
191070
191071
191072
191073
191074
191075
191076
191077
191078
191079
191080
191081
191082
191083
191084
191085
191086
191087
191683
191684
191685
191686
191687
191688
191689
191690
191691
191692
191693
191694
191695
191696
191697
191698
191699
191700
191701
191702
191703
191704
191705
191706
191707
191708
191709
191710
191711
191712
191713
191714
191715
191716
191717
191718
191719
191720
191721
191722
191723
191724
191725
191726
191727
192323
192324
192325
192326
192327
192328
192329
192330
192331
192332
192333
192334
192335
192336
192337
192338
192339
192340
192341
192342
192343
192344
192345
192346
192347
192348
192349
192350
192351
192352
192353
192354
192355
192356
192357
192358
192359
192360
192361
192362
192363
192364
192365
192366
192367
192368
192964
192965
192966
192967
192968
192969
192970
192971
192972
192973
192974
192975
192976
192977
192978
192979
192980
192981
192982
192983
192984
192985
192986
192987
192988
192989
192990
192991
192992
192993
192994
192995
192996
192997
192998
192999
193000
193001
193002
193003
193004
193005
193006
193007
193008
193605
193606
193607
193608
193609
193610
193611
193612
193613
193614
193615
193616
193617
193618
193619
193620
193621
193622
193623
193624
193625
193626
193627
193628
193629
193630
193631
193632
193633
193634
193635
193636
193637
193638
193639
193640
193641
193642
193643
193644
193645
193646
193647
193648
194245
194246
194247
194248
194249
194250
194251
194252
194253
194254
194255
194256
194257
194258
194259
194260
194261
194262
194263
194264
194265
194266
194267
194268
194269
194270
194271
194272
194273
194274
194275
194276
194277
194278
194279
194280
194281
194282
194283
194284
194285
194286
194287
194288
194289
194885
194886
194887
194888
194889
194890
194891
194892
194893
194894
194895
194896
194897
194898
194899
194900
194901
194902
194903
194904
194905
194906
194907
194908
194909
194910
194911
194912
194913
194914
194915
194916
194917
194918
194919
194920
194921
194922
194923
194924
194925
194926
194927
194928
194929
195525
195526
195527
195528
195529
195530
195531
195532
195533
195534
195535
195536
195537
195538
195539
195540
195541
195542
195543
195544
195545
195546
195547
195548
195549
195550
195551
195552
195553
195554
195555
195556
195557
195558
195559
195560
195561
195562
195563
195564
195565
195566
195567
195568
196165
196166
196167
196168
196169
196170
196171
196172
196173
196174
196175
196176
196177
196178
196179
196180
196181
196182
196183
196184
196185
196186
196187
196188
196189
196190
196191
196192
196193
196194
196195
196196
196197
196198
196199
196200
196201
196202
196203
196204
196205
196206
196805
196806
196807
196808
196809
196810
196811
196812
196813
196814
196815
196816
196817
196818
196819
196820
196821
196822
196823
196824
196825
196826
196827
196828
196829
196830
196831
196832
196833
196834
196835
196836
196837
196838
196839
196840
196841
196842
196843
196844
196845
197445
197446
197447
197448
197449
197450
197451
197452
197453
197454
197455
197456
197457
197458
197459
197460
197461
197462
197463
197464
197465
197466
197467
197468
197469
197470
197471
197472
197473
197474
197475
197476
197477
197478
197479
197480
197481
197482
197483
197484
197485
198012
198013
198086
198087
198088
198089
198090
198091
198092
198093
198094
198095
198096
198097
198098
198099
198100
198101
198102
198103
198104
198105
198106
198107
198108
198109
198110
198111
198112
198113
198114
198115
198116
198117
198118
198119
198120
198121
198122
198123
198652
198653
198654
198728
198729
198730
198731
198732
198733
198734
198735
198736
198737
198738
198739
198740
198741
198742
198743
198744
198745
198746
198747
198748
198749
198750
198751
198752
198753
198754
198755
198756
198757
198758
198759
198760
198761
199371
199372
199373
199374
199375
199376
199377
199378
199379
199380
199381
199382
199383
199384
199385
199386
199387
199388
199389
199390
199391
199392
199393
199394
199395
199396
199397
199398
199399
200012
200013
200014
200015
200016
200017
200018
200019
200020
200021
200022
200023
200024
200025
200026
200027
200028
200029
200030
200031
200032
200033
200034
200035
200036
200656
200657
200658
200659
200660
200661
200662
200663
200664
200665
200666
200667
200668
200669
200670
200671
