174992
174993
174994
174995
175627
175628
175629
175630
175631
175632
175633
175634
175635
176265
176266
176267
176268
176269
176270
176271
176272
176273
176274
176275
176276
176904
176905
176906
176907
176908
176909
176910
176911
176912
176913
176914
176915
176916
176917
177544
177545
177546
177547
177548
177549
177550
177551
177552
177553
177554
177555
177556
177557
177558
177559
178183
178184
178185
178186
178187
178188
178189
178190
178191
178192
178193
178194
178195
178196
178197
178198
178199
178823
178824
178825
178826
178827
178828
178829
178830
178831
178832
178833
178834
178835
178836
178837
178838
178839
178840
178841
179463
179464
179465
179466
179467
179468
179469
179470
179471
179472
179473
179474
179475
179476
179477
179478
179479
179480
179481
179482
180103
180104
180105
180106
180107
180108
180109
180110
180111
180112
180113
180114
180115
180116
180117
180118
180119
180120
180121
180122
180743
180744
180745
180746
180747
180748
180749
180750
180751
180752
180753
180754
180755
180756
180757
180758
180759
180760
180761
180762
180763
181385
181386
181387
181388
181389
181390
181391
181392
181393
181394
181395
181396
181397
181398
181399
181400
181401
181402
181403
181404
182025
182026
182027
182028
182029
182030
182031
182032
182033
182034
182035
182036
182037
182038
182039
182040
182041
182042
182043
182044
182664
182665
182666
182667
182668
182669
182670
182671
182672
182673
182674
182675
182676
182677
182678
182679
182680
182681
182682
182683
182684
183304
183305
183306
183307
183308
183309
183310
183311
183312
183313
183314
183315
183316
183317
183318
183319
183320
183321
183322
183323
183324
183325
183944
183945
183946
183947
183948
183949
183950
183951
183952
183953
183954
183955
183956
183957
183958
183959
183960
183961
183962
183963
183964
183965
184584
184585
184586
184587
184588
184589
184590
184591
184592
184593
184594
184595
184596
184597
184598
184599
184600
184601
184602
184603
184604
184605
185225
185226
185227
185228
185229
185230
185231
185232
185233
185234
185235
185236
185237
185238
185239
185240
185241
185242
185243
185244
185245
185246
185866
185867
185868
185869
185870
185871
185872
185873
185874
185875
185876
185877
185878
185879
185880
185881
185882
185883
185884
185885
185886
186423
186506
186507
186508
186509
186510
186511
186512
186513
186514
186515
186516
186517
186518
186519
186520
186521
186522
186523
186524
186525
186526
187138
187146
187147
187149
187150
187151
187152
187153
187154
187155
187156
187157
187158
187159
187160
187161
187162
187163
187164
187165
187166
187789
187790
187791
187792
187793
187794
187795
187796
187797
187798
187799
187800
187801
187802
187803
187804
187805
187806
187807
187808
188429
188430
188431
188432
188433
188434
188435
188436
188437
188438
188439
188440
188441
188442
188443
188444
188445
188446
188447
188448
189069
189070
189071
189072
189073
189074
189075
189076
189077
189078
189079
189080
189081
189082
189083
189084
189085
189086
189087
189088
189709
189710
189711
189712
189713
189714
189715
189716
189717
189718
189719
189720
189721
189722
189723
189724
189725
189726
189727
189728
189729
190350
190351
190352
190353
190354
190355
190356
190357
190358
190359
190360
190361
190362
190363
190364
190365
190366
190367
190368
190369
190991
190992
190993
190994
190995
190996
190997
190998
190999
191000
191001
191002
191003
191004
191005
191006
191007
191008
191009
191632
191633
191634
191635
191636
191637
191638
191639
191640
191641
191642
191643
191644
191645
191646
191647
191648
192272
192273
192274
192275
192276
192277
192278
192279
192280
192281
192282
192283
192284
192285
192286
192287
192288
192912
192913
192914
192915
192916
192917
192918
192919
192920
192921
192922
192923
192924
192925
192926
192927
192928
193551
193552
193553
193554
193555
193556
193557
193558
193559
193560
193561
193562
193563
193564
193565
193566
193567
193568
193569
193570
193571
193572
194191
194192
194193
194194
194195
194196
194197
194198
194199
194200
194201
194202
194203
194204
194205
194206
194207
194208
194209
194210
194211
194212
194822
194833
194834
194835
194836
194837
194838
194839
194840
194841
194842
194843
194844
194845
194846
194847
194848
194849
194850
194851
194852
195476
195477
195478
195479
195480
195481
195482
195483
195484
195485
195486
195487
195488
195489
195490
195491
195492
195493
195494
196116
196117
196118
196119
196120
196121
196122
196123
196124
196125
196126
196127
196128
196129
196130
196131
196132
196133
196134
196743
196744
196756
196757
196758
196759
196760
196761
196762
196763
196764
196765
196766
196767
196768
196769
196770
196771
196772
196773
196774
197385
197386
197396
197397
197398
197399
197400
197401
197402
197403
197404
197405
197406
197407
197408
197409
197410
197411
197412
197413
197414
198024
198025
198036
198037
198038
198039
198040
198041
198042
198043
198044
198045
198046
198047
198048
198049
198050
198051
198052
198053
198054
198055
198677
198678
198679
198680
198681
198682
198683
198684
198685
198686
198687
198688
198689
198690
198691
198692
198693
198694
198695
199316
199317
199318
199319
199320
199321
199322
199323
199324
199325
199326
199327
199328
199329
199330
199331
199332
199333
199334
199335
199956
199957
199958
199959
199960
199961
199962
199963
199964
199965
199966
199967
199968
199969
199970
199971
199972
199973
199974
199975
199976
200598
200599
200600
200601
200602
200603
200604
200605
200606
200607
200608
200609
200610
200611
200612
200613
200614
200615
200616
201239
201240
201241
201242
201243
201244
201245
201246
201247
201248
201249
201250
201251
201252
201253
201254
201255
201256
201879
201880
201881
201882
201883
201884
201885
201886
201887
201888
201889
201890
201891
201892
201893
201894
201895
201896
202519
202520
202521
202522
202523
202524
202525
202526
202527
202528
202529
202530
202531
202532
202533
202534
202535
202536
202537
203159
203160
203161
203162
203163
203164
203165
203166
203167
203168
203169
203170
203171
203172
203173
203174
203175
203176
203177
203799
203800
203801
203802
203803
203804
203805
203806
203807
203808
203809
203810
203811
203812
203813
203814
203815
203816
203817
203818
204440
204441
204442
204443
204444
204445
204446
204447
204448
204449
204450
204451
204452
204453
204454
204455
204456
204457
204458
204459
205080
205081
205082
205083
205084
205085
205086
205087
205088
205089
205090
205091
205092
205093
205094
205095
205096
205097
205098
205099
205100
205720
205721
205722
205723
205724
205725
205726
205727
205728
205729
205730
205731
205732
205733
205734
205735
205736
205737
205738
205739
205740
206360
206361
206362
206363
206364
206365
206366
206367
206368
206369
206370
206371
206372
206373
206374
206375
206376
206377
206378
206379
206380
206987
207001
207002
207003
207004
207005
207006
207007
207008
207009
207010
207011
207012
207013
207014
207015
207016
207017
207018
207019
207020
207645
207646
207647
207648
207649
207650
207651
207652
207653
207654
207655
207656
207657
207658
207659
207660
208268
208269
208270
208271
208284
208285
208286
208287
208288
208289
208290
208291
208292
208293
208294
208295
208296
208297
208298
208299
208300
208908
208909
208910
208911
208924
208925
208926
208927
208928
208929
208930
208931
208932
208933
208934
208935
208936
208937
208938
208939
209550
209551
209552
209553
209563
209564
209565
209566
209567
209568
209569
209570
209571
209572
209573
209574
209575
209576
209577
209578
210190
210191
210192
210193
210203
210204
210205
210206
210207
210208
210209
210210
210211
210212
210213
210214
210215
210216
210217
210218
210220
210221
210830
210831
210832
210842
210843
210844
210845
210846
210847
210848
210849
210850
210851
210852
210853
210854
210855
210856
210857
210858
210859
210860
210861
210862
211471
211472
211482
211483
211484
211485
211486
211487
211488
211489
211490
211491
211492
211493
211494
211495
211496
211497
211498
211499
211500
211501
211502
211503
211504
212109
212110
212111
212112
212113
212122
212123
212124
212125
212126
212127
212128
212129
212130
212131
212132
212133
212134
212135
212136
212137
212138
212139
212140
212141
212142
212143
212144
212750
212751
212752
212753
212754
212762
212763
212764
212765
212766
212767
212768
212769
212770
212771
212772
212773
212774
212775
212776
212777
212778
212779
212780
212781
212782
212783
212784
212785
213391
213392
213393
213394
213403
213404
213405
213406
213407
213408
213409
213410
213411
213412
213413
213414
213415
213416
213417
213418
213419
213420
213421
213422
213423
213424
213425
213426
213427
214031
214032
214033
214044
214045
214046
214047
214048
214049
214050
214051
214052
214053
214054
214055
214056
214057
214058
214059
214060
214061
214062
214063
214064
214065
214066
214067
214068
214671
214672
214685
214686
214687
214688
214689
214690
214691
214692
214693
214694
214695
214696
214697
214698
214699
214700
214701
214702
214703
214704
214705
214706
214707
214708
215326
215327
215328
215329
215330
215331
215332
215333
215334
215335
215336
215337
215338
215339
215340
215341
215342
215343
215344
215345
215346
215347
215348
215966
215967
215968
215969
215970
215971
215972
215973
215974
215975
215976
215977
215978
215979
215980
215981
215982
215983
215984
215985
215986
215987
215988
215989
216606
216607
216608
216609
216610
216611
216612
216613
216614
216615
216616
216617
216618
216619
216620
216621
216622
216623
216624
216625
216626
216627
216628
216629
217247
217248
217249
217250
217251
217252
217253
217254
217255
217256
217257
217258
217259
217260
217261
217262
217263
217264
217265
217266
217267
217268
217269
217887
217888
217889
217890
217891
217892
217893
217894
217895
217896
217897
217898
217899
217900
217901
217902
217903
217904
217905
217906
217907
217908
217909
217910
218513
218527
218528
218529
218530
218531
218532
218533
218534
218535
218536
218537
218538
218539
218540
218541
218542
218543
218544
218545
218546
218547
218548
218549
218550
219166
219167
219168
219169
219170
219171
219172
219173
219174
219175
219176
219177
219178
219179
219180
219181
219182
219183
219184
219185
219186
219187
219188
219189
219190
219794
219806
219807
219808
219809
219810
219811
219812
219813
219814
219815
219816
219817
219818
219819
219820
219821
219822
219823
219824
219825
219826
219827
219828
219829
219830
220434
220435
220448
220449
220450
220451
220452
220453
220454
220455
220456
220457
220458
220459
220460
220461
220462
220463
220464
220465
220466
220467
220468
220469
220470
220471
221074
221075
221088
221089
221090
221091
221092
221093
221094
221095
221096
221097
221098
221099
221100
221101
221102
221103
221104
221105
221106
221107
221108
221109
221110
221111
221715
221728
221729
221730
221731
221732
221733
221734
221735
221736
221737
221738
221739
221740
221741
221742
221743
221744
221745
221746
221747
221748
221749
221750
221751
222368
222369
222370
222371
222372
222373
222374
222375
222376
222377
222378
222379
222380
222381
222382
222383
222384
222385
222386
222387
222388
222389
222390
222391
222392
223008
223009
223010
223011
223012
223013
223014
223015
223016
223017
223018
223019
223020
223021
223022
223023
223024
223025
223026
223027
223028
223029
223030
223031
223032
223648
223649
223650
223651
223652
223653
223654
223655
223656
223657
223658
223659
223660
223661
223662
223663
223664
223665
223666
223667
223668
223669
223670
223671
223672
224288
224289
224290
224291
224292
224293
224294
224295
224296
224297
224298
224299
224300
224301
224302
224303
224304
224305
224306
224307
224308
224309
224310
224311
224312
224928
224929
224930
224931
224932
224933
224934
224935
224936
224937
224938
224939
224940
224941
224942
224943
224944
224945
224946
224947
224948
224949
224950
224951
224952
225568
225569
225570
225571
225572
225573
225574
225575
225576
225577
225578
225579
225580
225581
225582
225583
225584
225585
225586
225587
225588
225589
225590
225591
225592
226208
226209
226210
226211
226212
226213
226214
226215
226216
226217
226218
226219
226220
226221
226222
226223
226224
226225
226226
226227
226228
226229
226230
226231
226232
226847
226848
226849
226850
226851
226852
226853
226854
226855
226856
226857
226858
226859
226860
226861
226862
226863
226864
226865
226866
226867
226868
226869
226870
226871
226872
227487
227488
227489
227490
227491
227492
227493
227494
227495
227496
227497
227498
227499
227500
227501
227502
227503
227504
227505
227506
227507
227508
227509
227510
227511
227512
228127
228128
228129
228130
228131
228132
228133
228134
228135
228136
228137
228138
228139
228140
228141
228142
228143
228144
228145
228146
228147
228148
228149
228150
228151
228152
228767
228768
228769
228770
228771
228772
228773
228774
228775
228776
228777
228778
228779
228780
228781
228782
228783
228784
228785
228786
228787
228788
228789
228790
228791
228792
229408
229409
229410
229411
229412
229413
229414
229415
229416
229417
229418
229419
229420
229421
229422
229423
229424
229425
229426
229427
229428
229429
229430
229431
230049
230050
230051
230052
230053
230054
230055
230056
230057
230058
230059
230060
230061
230062
230063
230064
230065
230066
230067
230068
230069
230070
230071
230690
230691
230692
230693
230694
230695
230696
230697
230698
230699
230700
230701
230702
230703
230704
230705
230706
230707
230708
230709
230710
230711
231330
231331
231332
231333
231334
231335
231336
231337
231338
231339
231340
231341
231342
231343
231344
231345
231346
231347
231348
231349
231350
231351
231970
231971
231972
231973
231974
231975
231976
231977
231978
231979
231980
231981
231982
231983
231984
231985
231986
231987
231988
231989
231990
231991
232610
232611
232612
232613
232614
232615
232616
232617
232618
232619
232620
232621
232622
232623
232624
232625
232626
232627
232628
232629
232630
232631
233250
233251
233252
233253
233254
233255
233256
233257
233258
233259
233260
233261
233262
233263
233264
233265
233266
233267
233268
233269
233270
233889
233890
233891
233892
233893
233894
233895
233896
233897
233898
233899
233900
233901
233902
233903
233904
233905
233906
233907
233908
233909
233910
234529
234530
234531
234532
234533
234534
234535
234536
234537
234538
234539
234540
234541
234542
234543
234544
234545
234546
234547
234548
234549
234550
235167
235168
235169
235170
235171
235172
235173
235174
235175
235176
235177
235178
235179
235180
235181
235182
235183
235184
235185
235186
235187
235188
235189
235190
235807
235808
235809
235810
235811
235812
235813
235814
235815
235816
235817
235818
235819
235820
235821
235822
235823
235824
235825
235826
235827
235828
235829
235830
236447
236448
236449
236450
236451
236452
236453
236454
236455
236456
236457
236458
236459
236460
236461
236462
236463
236464
236465
236466
236467
236468
236469
237087
237088
237089
237090
237091
237092
237093
237094
237095
237096
237097
237098
237099
237100
237101
237102
237103
237104
237105
237106
237107
237108
237109
237110
237727
237728
237729
237730
237731
237732
237733
237734
237735
237736
237737
237738
237739
237740
237741
237742
237743
237744
237745
237746
237747
237748
237749
237750
237751
238367
238368
238369
238370
238371
238372
238373
238374
238375
238376
238377
238378
238379
238380
238381
238382
238383
238384
238385
238386
238387
238388
238389
238390
238391
239007
239008
239009
239010
239011
239012
239013
239014
239015
239016
239017
239018
239019
239020
239021
239022
239023
239024
239025
239026
239027
239028
239029
239030
239031
239647
239648
239649
239650
239651
239652
239653
239654
239655
239656
239657
239658
239659
239660
239661
239662
239663
239664
239665
239666
239667
239668
239669
239670
239671
240287
240288
240289
240290
240291
240292
240293
240294
240295
240296
240297
240298
240299
240300
240301
240302
240303
240304
240305
240306
240307
240308
240309
240310
240311
240928
240929
240930
240931
240932
240933
240934
240935
240936
240937
240938
240939
240940
240941
240942
240943
240944
240945
240946
240947
240948
240949
240950
241568
241569
241570
241571
241572
241573
241574
241575
241576
241577
241578
241579
241580
241581
241582
241583
241584
241585
241586
241587
241588
241589
241590
242207
242208
242209
242210
242211
242212
242213
242214
242215
242216
242217
242218
242219
242220
242221
242222
242223
242224
242225
242226
242227
242228
242229
242230
242847
242848
242849
242850
242851
242852
242853
242854
242855
242856
242857
242858
242859
242860
242861
242862
242863
242864
242865
242866
242867
242868
242869
243488
243489
243490
243491
243492
243493
243494
243495
243496
243497
243498
243499
243500
243501
243502
243503
243504
243505
243506
243507
243508
243509
243510
244128
244129
244130
244131
244132
244133
244134
244135
244136
244137
244138
244139
244140
244141
244142
244143
244144
244145
244146
244147
244148
244149
244150
244767
244768
244769
244770
244771
244772
244773
244774
244775
244776
244777
244778
244779
244780
244781
244782
244783
244784
244785
244786
244787
244788
245407
245408
245409
245410
245411
245412
245413
245414
245415
245416
245417
245418
245419
245420
245421
245422
245423
245424
245425
245426
245427
246048
246049
246050
246051
246052
246053
246054
246055
246056
246057
246058
246059
246060
246061
246062
246063
246064
246065
246066
246690
246691
246692
246693
246694
246695
246696
246697
246698
246699
246700
