178821
178822
178823
178825
178826
178827
178828
178829
178830
178831
178832
178833
178834
178835
178836
179461
179462
179463
179464
179465
179466
179467
179468
179469
179470
179471
179472
179473
179474
179475
179476
180101
180102
180103
180104
180105
180106
180107
180108
180109
180110
180111
180112
180113
180114
180115
180116
180117
180741
180742
180743
180744
180745
180746
180747
180748
180749
180750
180751
180752
180753
180754
180755
180756
180757
181380
181381
181382
181383
181384
181385
181386
181387
181388
181389
181390
181391
181392
181393
181394
181395
181396
181397
182020
182021
182022
182023
182024
182025
182026
182027
182028
182029
182030
182031
182032
182033
182034
182035
182036
182037
182660
182661
182662
182663
182664
182665
182666
182667
182668
182669
182670
182671
182672
182673
182674
182675
182676
182677
183300
183301
183302
183303
183304
183305
183306
183307
183308
183309
183310
183311
183312
183313
183314
183315
183316
183317
183939
183940
183941
183942
183943
183944
183945
183946
183947
183948
183949
183950
183951
183952
183953
183954
183955
183956
183957
184579
184580
184581
184582
184583
184584
184585
184586
184587
184588
184589
184590
184591
184592
184593
184594
184595
185220
185221
185222
185223
185224
185225
185226
185227
185228
185229
185230
185231
185232
185233
185234
185235
185857
185858
185859
185860
185861
185862
185863
185864
185865
185866
185867
185868
185869
185870
185871
185872
185873
186496
186497
186498
186499
186500
186501
186502
186503
186504
186505
186506
186507
186508
186509
186510
186511
186512
186513
187136
187137
187138
187139
187140
187141
187142
187143
187144
187145
187146
187147
187148
187149
187150
187151
187152
187153
187154
187775
187776
187777
187778
187779
187780
187781
187782
187783
187784
187785
187786
187787
187788
187789
187790
187791
187792
187793
187794
188415
188416
188417
188418
188419
188420
188421
188422
188423
188424
188425
188426
188427
188428
188429
188430
188431
188432
188433
189053
189054
189055
189056
189057
189058
189059
189060
189061
189062
189063
189064
189065
189066
189067
189068
189069
189070
189071
189072
189692
189693
189694
189695
189696
189697
189698
189699
189700
189701
189702
189703
189704
189705
189706
189707
189708
189709
189710
189711
189712
189713
190331
190332
190333
190334
190335
190336
190337
190338
190339
190340
190341
190342
190343
190344
190345
190346
190347
190348
190349
190350
190351
190352
190353
190970
190971
190972
190973
190974
190975
190976
190977
190978
190979
190980
190981
190982
190983
190984
190985
190986
190987
190988
190989
190990
191609
191610
191611
191612
191613
191614
191615
191616
191617
191618
191619
191620
191621
191622
191623
191624
191625
191626
191627
191628
191629
191630
192248
192249
192250
192251
192252
192253
192254
192255
192256
192257
192258
192259
192260
192261
192262
192263
192264
192265
192266
192267
192268
192269
192888
192889
192890
192891
192892
192893
192894
192895
192896
192897
192898
192899
192900
192901
192902
192903
192904
192905
192906
192907
192908
192909
193528
193529
193530
193531
193532
193533
193534
193535
193536
193537
193538
193539
193540
193541
193542
193543
193544
193545
193546
193547
193548
194167
194168
194169
194170
194171
194172
194173
194174
194175
194176
194177
194178
194179
194180
194181
194182
194183
194184
194185
194186
194807
194808
194809
194810
194811
194812
194813
194814
194815
194816
194817
194818
194819
194820
194821
194822
194823
194824
194825
194826
195447
195448
195449
195450
195451
195452
195453
195454
195455
195456
195457
195458
195459
195460
195461
195462
195463
195464
195465
196086
196087
196088
196089
196090
196091
196092
196093
196094
196095
196096
196097
196098
196099
196100
196101
196102
196103
196104
196105
196726
196727
196728
196729
196730
196731
196732
196733
196734
196735
196736
196737
196738
196739
196740
196741
196742
196743
196744
196745
197366
197367
197368
197369
197370
197371
197372
197373
197374
197375
197376
197377
197378
197379
197380
197381
197382
197383
197384
197385
198006
198007
198008
198009
198010
198011
198012
198013
198014
198015
198016
198017
198018
198019
198020
198021
198022
198023
198024
198646
198647
198648
198649
198650
198651
198652
198653
198654
198655
198656
198657
198658
198659
198660
198661
198662
198663
198664
199286
199287
199288
199289
199290
199291
199292
199293
199294
199295
199296
199297
199298
199299
199300
199301
199302
199303
199304
199925
199926
199927
199928
199929
199930
199931
199932
199933
199934
199935
199936
199937
199938
199939
199940
199941
199942
199943
199944
199945
199946
200565
200566
200567
200568
200569
200570
200571
200572
200573
200574
200575
200576
200577
200578
200579
200580
200581
200582
200583
200584
200585
200586
201204
201205
201206
201207
201208
201209
201210
201211
201212
201213
201214
201215
201216
201217
201218
201219
201220
201221
201843
201844
201845
201846
201847
201848
201849
201850
201851
201852
201853
201854
201855
201856
201857
201858
201859
201860
201861
202481
202482
202483
202484
202485
202486
202487
202488
202489
202490
202491
202492
202493
202494
202495
202496
202497
202498
202499
202500
202501
203121
203122
203123
203124
203125
203126
203127
203128
203129
203130
203131
203132
203133
203134
203135
203136
203137
203138
203139
203761
203762
203763
203764
203765
203766
203767
203768
203769
203770
203771
203772
203773
203774
203775
203776
203777
203778
204400
204401
204402
204403
204404
204405
204406
204407
204408
204409
204410
204411
204412
204413
204414
204415
204416
204417
204418
204419
204420
205040
205041
205042
205043
205044
205045
205046
205047
205048
205049
205050
205051
205052
205053
205054
205055
205056
205057
205058
205059
205060
205680
205681
205682
205683
205684
205685
205686
205687
205688
205689
205690
205691
205692
205693
205694
205695
205696
205697
205698
205699
206318
206319
206320
206321
206322
206323
206324
206325
206326
206327
206328
206329
206330
206331
206332
206333
206334
206335
206336
206337
206338
206339
206340
206341
206958
206959
206960
206961
206962
206963
206964
206965
206966
206967
206968
206969
206970
206971
206972
206973
206974
206975
206976
206977
206978
206979
206980
206981
207598
207599
207600
207601
207602
207603
207604
207605
207606
207607
207608
207609
207610
207611
207612
207613
207614
207615
207616
207617
207618
207619
207620
207621
207639
207640
207641
208238
208239
208240
208241
208242
208243
208244
208245
208246
208247
208248
208249
208250
208251
208252
208253
208254
208255
208256
208257
208258
208259
208260
208273
208274
208275
208276
208277
208278
208279
208877
208878
208879
208880
208881
208882
208883
208884
208885
208886
208887
208888
208889
208890
208891
208892
208893
208894
208895
208896
208897
208898
208899
208900
208913
208914
208915
208916
209517
209518
209519
209520
209521
209522
209523
209524
209525
209526
209527
209528
209529
209530
209531
209532
209533
209534
209535
209536
209537
209538
209539
209540
210156
210157
210158
210159
210160
210161
210162
210163
210164
210165
210166
210167
210168
210169
210170
210171
210172
210173
210174
210175
210176
210177
210178
210179
210180
210795
210796
210797
210798
210799
210800
210801
210802
210803
210804
210805
210806
210807
210808
210809
210810
210811
210812
210813
210814
210815
210816
210817
210818
210819
211435
211436
211437
211438
211439
211440
211441
211442
211443
211444
211445
211446
211447
211448
211449
211450
211451
211452
211453
211454
211455
212075
212076
212077
212078
212079
212080
212081
212082
212083
212084
212085
212086
212087
212088
212089
212090
212091
212092
212093
212094
212095
212715
212716
212717
212718
212719
212720
212721
212722
212723
212724
212725
212726
212727
212728
212729
212730
212731
212732
212733
212734
213356
213357
213358
213359
213360
213361
213362
213363
213364
213365
213366
213367
213368
213369
213370
213371
213372
213373
213374
213996
213997
213998
213999
214000
214001
214002
214003
214004
214005
214006
214007
214008
214009
214010
214011
214012
214013
214014
214635
214636
214637
214638
214639
214640
214641
214642
214643
214644
214645
214646
214647
214648
214649
214650
214651
214652
214653
214654
215272
215273
215274
215275
215276
215277
215278
215279
215280
215281
215282
215283
215284
215285
215286
215287
215288
215289
215290
215291
215292
215293
215911
215912
215913
215914
215915
215916
215917
215918
215919
215920
215921
215922
215923
215924
215925
215926
215927
215928
215929
215930
215931
215932
216548
216549
216550
216551
216552
216553
216554
216555
216556
216557
216558
216559
216560
216561
216562
216563
216564
216565
216566
216567
216568
216569
216570
216571
217188
217189
217190
217191
217192
217193
217194
217195
217196
217197
217198
217199
217200
217201
217202
217203
217204
217205
217206
217207
217208
217209
217210
217211
217827
217828
217829
217830
217831
217832
217833
217834
217835
217836
217837
217838
217839
217840
217841
217842
217843
217844
217845
217846
217847
217848
217849
217850
217851
218466
218467
218468
218469
218470
218471
218472
218473
218474
218475
218476
218477
218478
218479
218480
218481
218482
218483
218484
218485
218486
218487
218488
218489
218490
218491
219106
219107
219108
219109
219110
219111
219112
219113
219114
219115
219116
219117
219118
219119
219120
219121
219122
219123
219124
219125
219126
219127
219128
219129
219130
219746
219747
219748
219749
219750
219751
219752
219753
219754
219755
219756
219757
219758
219759
219760
219761
219762
219763
219764
219765
219766
219767
219768
219769
219770
220386
220387
220388
220389
220390
220391
220392
220393
220394
220395
220396
220397
220398
220399
220400
220401
220402
220403
220404
220405
220406
220407
220408
220409
220410
221026
221027
221028
221029
221030
221031
221032
221033
221034
221035
221036
221037
221038
221039
221040
221041
221042
221043
221044
221045
221046
221047
221048
221049
221664
221665
221666
221667
221668
221669
221670
221671
221672
221673
221674
221675
221676
221677
221678
221679
221680
221681
221682
221683
221684
221685
221686
221687
222304
222305
222306
222307
222308
222309
222310
222311
222312
222313
222314
222315
222316
222317
222318
222319
222320
222321
222322
222323
222324
222325
222326
222327
222943
222944
222945
222946
222947
222948
222949
222950
222951
222952
222953
222954
222955
222956
222957
222958
222959
222960
222961
222962
222963
222964
222965
222966
222967
222968
222978
222979
223583
223584
223585
223586
223587
223588
223589
223590
223591
223592
223593
223594
223595
223596
223597
223598
223599
223600
223601
223602
223603
223604
223605
223606
223607
223608
223618
223619
224223
224224
224225
224226
224227
224228
224229
224230
224231
224232
224233
224234
224235
224236
224237
224238
224239
224240
224241
224242
224243
224244
224245
224246
224247
224258
224259
224260
224863
224864
224865
224866
224867
224868
224869
224870
224871
224872
224873
224874
224875
224876
224877
224878
224879
224880
224881
224882
224883
224884
224885
224886
224898
224899
225502
225503
225504
225505
225506
225507
225508
225509
225510
225511
225512
225513
225514
225515
225516
225517
225518
225519
225520
225521
225522
225523
225524
225525
225526
225533
225534
225536
225537
225538
225539
226142
226143
226144
226145
226146
226147
226148
226149
226150
226151
226152
226153
226154
226155
226156
226157
226158
226159
226160
226161
226162
226163
226164
226165
226173
226174
226175
226176
226177
226178
226179
226782
226783
226784
226785
226786
226787
226788
226789
226790
226791
226792
226793
226794
226795
226796
226797
226798
226799
226800
226801
226802
226803
226804
226805
226812
226813
226814
226815
226817
226818
226819
227422
227423
227424
227425
227426
227427
227428
227429
227430
227431
227432
227433
227434
227435
227436
227437
227438
227439
227440
227441
227442
227443
227444
227445
227446
227448
227449
227452
227453
227454
227455
227456
227457
227458
227459
228062
228063
228064
228065
228066
228067
228068
228069
228070
228071
228072
228073
228074
228075
228076
228077
228078
228079
228080
228081
228082
228083
228084
228085
228086
228087
228088
228089
228090
228091
228092
228093
228094
228095
228096
228097
228098
228099
228701
228702
228703
228704
228705
228706
228707
228708
228709
228710
228711
228712
228713
228714
228715
228716
228717
228718
228719
228720
228721
228722
228723
228724
228725
228726
228727
228728
228729
228730
228731
228732
228733
228734
228735
228736
228737
229339
229340
229341
229342
229343
229344
229345
229346
229347
229348
229349
229350
229351
229352
229353
229354
229355
229356
229357
229358
229359
229360
229361
229362
229363
229364
229365
229366
229367
229368
229369
229370
229371
229372
229373
229374
229375
229376
229979
229980
229981
229982
229983
229984
229985
229986
229987
229988
229989
229990
229991
229992
229993
229994
229995
229996
229997
229998
229999
230000
230001
230002
230003
230004
230005
230006
230007
230008
230009
230010
230011
230012
230013
230014
230015
230016
230618
230619
230620
230621
230622
230623
230624
230625
230626
230627
230628
230629
230630
230631
230632
230633
230634
230635
230636
230637
230638
230639
230640
230641
230642
230643
230644
230645
230646
230647
230648
230649
230650
230651
230652
230653
230654
230655
230656
231257
231258
231259
231260
231261
231262
231263
231264
231265
231266
231267
231268
231269
231270
231271
231272
231273
231274
231275
231276
231277
231278
231279
231280
231281
231282
231283
231284
231285
231286
231287
231288
231289
231290
231291
231292
231293
231294
231295
231296
231897
231898
231899
231900
231901
231902
231903
231904
231905
231906
231907
231908
231909
231910
231911
231912
231913
231914
231915
231916
231917
231918
231919
231920
231921
231922
231923
231924
231925
231926
231927
231928
231929
231930
231934
231935
231936
232539
232540
232541
232542
232543
232544
232545
232546
232547
232548
232549
232550
232551
232552
232553
232554
232555
232556
232557
232558
232559
232560
232561
232562
232563
232564
232565
232566
232567
232568
232569
232570
233178
233179
233180
233181
233182
233183
233184
233185
233186
233187
233188
233189
233190
233191
233192
233193
233194
233195
233196
233197
233198
233199
233200
233201
233202
233203
233204
233205
233206
233207
233208
233209
233210
233819
233820
233821
233822
233823
233824
233825
233826
233827
233828
233829
233830
233831
233832
233833
233834
233835
233836
233837
233838
233839
233840
233841
233842
233843
233844
233845
233846
233847
233848
233849
233850
234460
234461
234462
234463
234464
234465
234466
234467
234468
234469
234470
234471
234472
234473
234474
234475
234476
234477
234478
234479
234480
234481
234482
234483
234484
234485
234486
234487
234488
234489
235100
235101
235102
235103
235104
235105
235106
235107
235108
235109
235110
235111
235112
235113
235114
235115
235116
235117
235118
235119
235120
235121
235122
235123
235124
235125
235126
235741
235742
235743
235744
235745
235746
235747
235748
235749
235750
235751
235752
235753
235754
235755
235756
235757
235758
235759
235760
235761
235762
235763
235764
235765
235766
236381
236382
236383
236384
236385
236386
236387
236388
236389
236390
236391
236392
236393
236394
236395
236396
236397
236398
236399
236400
236401
236402
236403
236404
236405
236406
236407
237020
237021
237022
237023
237024
237025
237026
237027
237028
237029
237030
237031
237032
237033
237034
237035
237036
237037
237038
237039
237040
237041
237042
237043
237044
237045
237046
237047
237660
237661
237662
237663
237664
237665
237666
237667
237668
237669
237670
237671
237672
237673
237674
237675
237676
237677
237678
237679
237680
237681
237682
237683
237684
237685
237686
237687
238300
238301
238302
238303
238304
238305
238306
238307
238308
238309
238310
238311
238312
238313
238314
238315
238316
238317
238318
238319
238320
238321
238322
238323
238324
238325
238326
238327
238941
238942
238943
238944
238945
238946
238947
238948
238949
238950
238951
238952
238953
238954
238955
238956
238957
238958
238959
238960
238961
238962
238963
238964
238965
238966
238967
238968
239582
239583
239584
239585
239586
239587
239588
239589
239590
239591
239592
239593
239594
239595
239596
239597
239598
239599
239600
239601
239602
239603
239604
239605
239606
239607
239608
240222
240223
240224
240225
240226
240227
240228
240229
240230
240231
240232
240233
240234
240235
240236
240237
240238
240239
240240
240241
240242
240243
240244
240245
240246
240247
240248
240249
240250
240251
240862
240863
240864
240865
240866
240867
240868
240869
240870
240871
240872
240873
240874
240875
240876
240877
240878
240879
240880
240881
240882
240883
240884
240885
240886
240887
240888
240889
240890
240891
241502
241503
241504
241505
241506
241507
241508
241509
241510
241511
241512
241513
241514
241515
241516
241517
241518
241519
241520
241521
241522
241523
241524
241525
241526
241527
241528
241529
241530
242142
242143
242144
242145
242146
242147
242148
242149
242150
242151
242152
242153
242154
242155
242156
242157
242158
242159
242160
242161
242162
242163
242164
242165
242166
242167
242784
242785
242786
242787
242788
242789
242790
242791
242792
242793
242794
242795
242796
242797
242798
242799
242800
242801
242802
242803
242804
242805
242806
243424
243425
243426
243427
243428
243429
243430
243431
243432
243433
243434
243435
243436
243437
243438
243439
243440
243441
243442
243443
243444
243445
243446
244064
244065
244066
244067
244068
244069
244070
244071
244072
244073
244074
244075
244076
244077
244078
244079
244080
244081
244082
244083
244084
244085
244086
244704
244705
244706
244707
244708
244709
244710
244711
244712
244713
244714
244715
244716
244717
244718
244719
244720
244721
244722
244723
244724
244725
244726
245345
245346
245347
245348
245349
245350
245351
245352
245353
245354
245355
245356
245357
245358
245359
245360
245361
245362
245363
245364
245365
245985
245986
245987
245988
245989
245990
245991
245992
245993
245994
245995
245996
245997
245998
245999
246000
246001
246002
246003
246004
246005
246625
246626
246627
246628
246629
246630
246631
246632
246633
246634
246635
246636
246637
246638
246639
246640
246641
246642
246643
246644
246645
247264
247265
247266
247267
247268
247269
247270
247271
247272
247273
247274
247275
247276
247277
247278
247279
247280
247281
247282
247283
247284
247904
247905
247906
247907
247908
247909
247910
247911
247912
247913
247914
247915
247916
247917
247918
247919
247920
247921
247922
247923
247924
248544
248545
248546
248547
248548
248549
248550
248551
248552
248553
248554
248555
248556
248557
248558
248559
248560
248561
248562
248563
248564
249184
249185
249186
249187
249188
249189
249190
249191
249192
249193
249194
249195
249196
249197
249198
249199
249200
249201
249202
249203
249204
249825
249826
249827
249828
249829
249830
249831
249832
249833
249834
249835
249836
249837
249838
249839
249840
249841
249842
249843
249844
249845
250466
250467
250468
250469
250470
250471
250472
250473
250474
250475
250476
250477
250478
250479
250480
250481
250482
250483
250484
250485
251108
251109
251110
251111
251112
251113
251114
251115
251116
251117
251118
251119
251120
251121
251122
251123
251124
251754
251755
251756
251757
251758
251759
251760
251761
251762
251763
