180109
180110
180111
180112
180113
180114
180115
180116
180117
180118
180745
180746
180747
180748
180749
180750
180751
180752
180753
180754
180755
180756
180757
180758
180772
180773
180774
180775
180776
180777
180779
180780
181379
181381
181382
181383
181384
181385
181386
181387
181388
181389
181390
181391
181392
181393
181394
181395
181396
181412
181413
181414
181415
181416
181417
181418
181419
181420
181421
181422
182017
182018
182019
182020
182021
182022
182023
182048
182049
182050
182051
182052
182053
182054
182055
182056
182057
182058
182059
182060
182061
182062
182657
182658
182659
182660
182688
182689
182690
182691
182692
182693
182694
182695
182696
182697
182698
182699
182700
182701
183328
183329
183330
183331
183332
183333
183334
183335
183336
183337
183338
183339
183340
183341
183929
183966
183967
183968
183969
183970
183971
183972
183973
183974
183975
183976
183977
183978
183979
183980
183981
183982
184566
184567
184568
184569
184606
184607
184608
184609
184610
184611
184612
184613
184614
184615
184616
184617
184618
184619
184620
184621
184622
184623
185245
185246
185247
185248
185249
185250
185251
185252
185253
185254
185255
185256
185257
185258
185259
185260
185261
185262
185263
185264
185265
185884
185885
185886
185887
185888
185889
185890
185891
185892
185893
185894
185895
185896
185897
185898
185899
185900
185901
185902
185903
185904
185905
185906
186480
186481
186482
186488
186490
186491
186492
186493
186494
186495
186496
186497
186498
186520
186521
186522
186523
186524
186525
186526
186527
186528
186529
186530
186531
186532
186533
186534
186535
186536
186537
186538
186539
186540
186541
186542
186543
186544
186545
186546
186547
187120
187121
187122
187130
187131
187132
187133
187134
187135
187155
187156
187157
187158
187159
187160
187161
187162
187163
187164
187165
187166
187167
187168
187169
187170
187171
187172
187173
187174
187175
187176
187177
187178
187179
187180
187181
187182
187183
187184
187185
187186
187187
187772
187795
187796
187797
187798
187799
187800
187801
187802
187803
187804
187805
187806
187807
187808
187809
187810
187811
187812
187813
187814
187815
187816
187817
187818
187819
187820
187821
187822
187823
187824
187825
187826
187827
188430
188431
188432
188433
188434
188435
188436
188437
188438
188439
188440
188441
188442
188443
188444
188445
188446
188447
188448
188449
188450
188451
188452
188453
188454
188455
188456
188457
188458
188459
188460
188461
188462
188463
188464
188465
188466
188467
189069
189070
189071
189072
189073
189074
189075
189076
189077
189078
189079
189080
189081
189082
189083
189084
189085
189086
189087
189088
189089
189090
189091
189092
189093
189094
189095
189096
189097
189098
189099
189100
189101
189102
189103
189104
189105
189106
189107
189709
189710
189711
189712
189713
189714
189715
189716
189717
189718
189719
189720
189721
189722
189723
189724
189725
189726
189727
189728
189729
189730
189731
189732
189733
189734
189735
189736
189737
189738
189739
189740
189741
189742
189743
189744
189745
189746
189747
189748
190347
190348
190349
190350
190351
190352
190353
190354
190355
190356
190357
190358
190359
190360
190361
190362
190363
190364
190365
190366
190367
190368
190369
190370
190371
190372
190373
190374
190375
190376
190377
190378
190379
190380
190381
190382
190383
190384
190385
190386
190387
190388
190986
190987
190988
190989
190990
190991
190992
190993
190994
190995
190996
190997
190998
190999
191000
191001
191002
191003
191004
191005
191006
191007
191008
191009
191010
191011
191012
191013
191014
191015
191016
191017
191018
191019
191020
191021
191022
191023
191024
191025
191026
191027
191028
191625
191626
191627
191628
191629
191630
191631
191632
191633
191634
191635
191636
191637
191638
191639
191640
191641
191642
191643
191644
191645
191646
191647
191648
191649
191650
191651
191652
191653
191654
191655
191656
191657
191658
191659
191660
191661
191662
191663
191664
191665
191666
191667
191668
192260
192261
192262
192263
192264
192265
192266
192267
192268
192269
192270
192271
192272
192273
192274
192275
192276
192277
192278
192279
192280
192281
192282
192283
192284
192285
192286
192287
192288
192289
192290
192291
192292
192293
192294
192295
192296
192297
192298
192299
192300
192301
192302
192303
192304
192305
192306
192307
192308
192898
192899
192900
192901
192902
192903
192904
192905
192906
192907
192908
192909
192910
192911
192912
192913
192914
192915
192916
192917
192918
192919
192920
192921
192922
192923
192924
192925
192926
192927
192928
192929
192930
192931
192932
192933
192934
192935
192936
192937
192938
192939
192940
192941
192942
192943
192944
192945
192946
192947
192948
193535
193536
193537
193538
193539
193540
193541
193542
193543
193544
193545
193546
193547
193548
193549
193550
193551
193552
193553
193554
193555
193556
193557
193558
193559
193560
193561
193562
193563
193564
193565
193566
193567
193568
193569
193570
193571
193572
193573
193574
193575
193576
193577
193578
193579
193580
193581
193582
193583
193584
193585
193586
193587
194172
194173
194174
194175
194176
194177
194178
194179
194180
194181
194182
194183
194184
194185
194186
194187
194188
194189
194190
194191
194192
194193
194194
194195
194196
194197
194198
194199
194200
194201
194202
194203
194204
194205
194206
194207
194208
194209
194210
194211
194212
194213
194214
194215
194216
194217
194218
194219
194220
194221
194222
194223
194224
194225
194226
194811
194812
194813
194814
194815
194816
194817
194818
194819
194820
194821
194822
194823
194824
194825
194826
194827
194828
194829
194830
194831
194832
194833
194834
194835
194836
194837
194838
194839
194840
194841
194842
194843
194844
194845
194846
194847
194848
194849
194850
194851
194852
194853
194854
194855
194856
194857
194858
194859
194860
194861
194862
194863
194864
194865
194866
195449
195450
195451
195452
195453
195454
195455
195456
195457
195458
195459
195460
195461
195462
195463
195464
195465
195466
195467
195468
195469
195470
195471
195472
195473
195474
195475
195476
195477
195478
195479
195480
195481
195482
195483
195484
195485
195486
195487
195488
195489
195490
195491
195492
195493
195494
195495
195496
195497
195498
195499
195500
195501
195502
195503
195504
195505
195506
196088
196089
196090
196091
196092
196093
196094
196095
196096
196097
196098
196099
196100
196101
196102
196103
196104
196105
196106
196107
196108
196109
196110
196111
196112
196113
196114
196115
196116
196117
196118
196119
196120
196121
196122
196123
196124
196125
196126
196127
196128
196129
196130
196131
196132
196133
196134
196135
196136
196137
196138
196139
196140
196141
196142
196143
196144
196145
196146
196726
196727
196728
196729
196730
196731
196732
196733
196734
196735
196736
196737
196738
196739
196740
196741
196742
196743
196744
196745
196746
196747
196748
196749
196750
196751
196752
196753
196754
196755
196756
196757
196758
196759
196760
196761
196762
196763
196764
196765
196766
196767
196768
196769
196770
196771
196772
196773
196774
196775
196776
196777
196778
196779
196780
196781
196782
196783
196784
196785
197365
197366
197367
197368
197369
197370
197371
197372
197373
197374
197375
197376
197377
197378
197379
197380
197381
197382
197383
197384
197385
197386
197387
197388
197389
197390
197391
197392
197393
197394
197395
197396
197397
197398
197399
197400
197401
197402
197403
197404
197405
197406
197407
197408
197409
197410
197411
197412
197413
197414
197415
197416
197417
197418
197419
197420
197421
197422
197423
197424
197425
198005
198006
198007
198008
198009
198010
198011
198012
198013
198014
198015
198016
198017
198018
198019
198020
198021
198022
198023
198024
198025
198026
198027
198028
198029
198030
198031
198032
198033
198034
198035
198036
198037
198038
198039
198040
198041
198042
198043
198044
198045
198046
198047
198048
198049
198050
198051
198052
198053
198054
198055
198056
198057
198058
198059
198060
198061
198062
198063
198064
198065
198645
198646
198647
198648
198649
198650
198651
198652
198653
198654
198655
198656
198657
198658
198659
198660
198661
198662
198663
198664
198665
198666
198667
198668
198669
198670
198671
198672
198673
198674
198675
198676
198677
198678
198679
198680
198681
198682
198683
198684
198685
198686
198687
198688
198689
198690
198691
198692
198693
198694
198695
198696
198697
198698
198699
198700
198701
198702
198703
198704
198705
198706
199276
199277
199285
199286
199287
199288
199289
199290
199291
199292
199293
199294
199295
199296
199297
199298
199299
199300
199301
199302
199303
199304
199305
199306
199307
199308
199309
199310
199311
199312
199313
199314
199315
199316
199317
199318
199319
199320
199321
199322
199323
199324
199325
199326
199327
199328
199329
199330
199331
199332
199333
199334
199335
199336
199337
199338
199339
199340
199341
199342
199343
199344
199345
199346
199911
199912
199913
199914
199915
199916
199917
199918
199919
199920
199924
199925
199926
199927
199928
199929
199930
199931
199932
199933
199934
199935
199936
199937
199938
199939
199940
199941
199942
199943
199944
199945
199946
199947
199948
199949
199950
199951
199952
199953
199954
199955
199956
199957
199958
199959
199960
199961
199962
199963
199964
199965
199966
199967
199968
199969
199970
199971
199972
199973
199974
199975
199976
199977
199978
199979
199980
199981
199982
199983
199984
199985
199986
200548
200549
200550
200551
200552
200553
200554
200555
200556
200557
200558
200559
200560
200561
200562
200563
200564
200565
200566
200567
200568
200569
200570
200571
200572
200573
200574
200575
200576
200577
200578
200579
200580
200581
200582
200583
200584
200585
200586
200587
200588
200589
200590
200591
200592
200593
200594
200595
200596
200597
200598
200599
200600
200601
200602
200603
200604
200605
200606
200607
200608
200609
200610
200611
200612
200613
200614
200615
200616
200617
200618
200619
200620
200621
200622
200623
200624
200625
200626
201185
201186
201187
201188
201189
201190
201191
201192
201193
201194
201195
201196
201197
201198
201199
201200
201201
201202
201203
201204
201205
201206
201207
201208
201209
201210
201211
201212
201213
201214
201215
201216
201217
201218
201219
201220
201221
201222
201223
201224
201225
201226
201227
201228
201229
201230
201231
201232
201233
201234
201235
201236
201237
201238
201239
201240
201241
201242
201243
201244
201245
201246
201247
201248
201249
201250
201251
201252
201253
201254
201255
201256
201257
201258
201259
201260
201261
201262
201263
201264
201265
201824
201825
201826
201827
201828
201829
201830
201831
201832
201833
201834
201835
201836
201837
201838
201839
201840
201841
201842
201843
201844
201845
201846
201847
201848
201849
201850
201851
201852
201853
201854
201855
201856
201857
201858
201859
201860
201861
201862
201863
201864
201865
201866
201867
201868
201869
201870
201871
201872
201873
201874
201875
201876
201877
201878
201879
201880
201881
201882
201883
201884
201885
201886
201887
201888
201889
201890
201891
201892
201893
201894
201895
201896
201897
201898
201899
201900
201901
201902
201903
201904
201905
202462
202463
202464
202465
202466
202467
202468
202469
202470
202471
202472
202473
202474
202475
202476
202477
202478
202479
202480
202481
202482
202483
202484
202485
202486
202487
202488
202489
202490
202491
202492
202493
202494
202495
202496
202497
202498
202499
202500
202501
202502
202503
202504
202505
202506
202507
202508
202509
202510
202511
202512
202513
202514
202515
202516
202517
202518
202519
202520
202521
202522
202523
202524
202525
202526
202527
202528
202529
202530
202531
202532
202533
202534
202535
202536
202537
202538
202539
202540
202541
202542
202543
202544
203101
203102
203103
203104
203105
203106
203107
203108
203109
203110
203111
203112
203113
203114
203115
203116
203117
203118
203119
203120
203121
203122
203123
203124
203125
203126
203127
203128
203129
203130
203131
203132
203133
203134
203135
203136
203137
203138
203139
203140
203141
203142
203143
203144
203145
203146
203147
203148
203149
203150
203151
203152
203153
203154
203155
203156
203157
203158
203159
203160
203161
203162
203163
203164
203165
203166
203167
203168
203169
203170
203171
203172
203173
203174
203175
203176
203177
203178
203179
203180
203181
203182
203183
203184
203740
203741
203742
203743
203744
203745
203746
203747
203748
203749
203750
203751
203752
203753
203754
203755
203756
203757
203758
203759
203760
203761
203762
203763
203764
203765
203766
203767
203768
203769
203770
203771
203772
203773
203774
203775
203776
203777
203778
203779
203780
203781
203782
203783
203784
203785
203786
203787
203788
203789
203790
203791
203792
203793
203794
203795
203796
203797
203798
203799
203800
203801
203802
203803
203804
203805
203806
203807
203808
203809
203810
203811
203812
203813
203814
203815
203816
203817
203818
203819
203820
203821
203822
203823
204369
204370
204371
204379
204380
204381
204382
204383
204384
204385
204386
204387
204388
204389
204390
204391
204392
204393
204394
204395
204396
204397
204398
204399
204400
204401
204402
204403
204404
204405
204406
204407
204408
204409
204410
204411
204412
204413
204414
204415
204416
204417
204418
204419
204420
204421
204422
204423
204424
204425
204426
204427
204428
204429
204430
204431
204432
204433
204434
204435
204436
204437
204438
204439
204440
204441
204442
204443
204444
204445
204446
204447
204448
204449
204450
204451
204452
204453
204454
204455
204456
204457
204458
204459
204460
204461
204462
204463
205007
205008
205009
205010
205011
205017
205018
205019
205020
205021
205022
205023
205024
205025
205026
205027
205028
205029
205030
205031
205032
205033
205034
205035
205036
205037
205038
205039
205040
205041
205042
205043
205044
205045
205046
205047
205048
205049
205050
205051
205052
205053
205054
205055
205056
205057
205058
205059
205060
205061
205062
205063
205064
205065
205066
205067
205068
205069
205070
205071
205072
205073
205074
205075
205076
205077
205078
205079
205080
205081
205082
205083
205084
205085
205086
205087
205088
205089
205090
205091
205092
205093
205094
205095
205096
205097
205098
205099
205100
205101
205102
205103
205646
205647
205648
205649
205650
205651
205652
205653
205654
205655
205656
205657
205658
205659
205660
205661
205662
205663
205664
205665
205666
205667
205668
205669
205670
205671
205672
205673
205674
205675
205676
205677
205678
205679
205680
205681
205682
205683
205684
205685
205686
205687
205688
205689
205690
205691
205692
205693
205694
205695
205696
205697
205698
205699
205700
205701
205702
205703
205704
205705
205706
205707
205708
205709
205710
205711
205712
205713
205714
205715
205716
205717
205718
205719
205720
205721
205722
205723
205724
205725
205726
205727
205728
205729
205730
205731
205732
205733
205734
205735
205736
205737
205738
205739
205740
205741
205742
205743
206283
206284
206285
206286
206287
206288
206289
206290
206291
206292
206293
206294
206295
206296
206297
206298
206299
206300
206301
206302
206303
206304
206305
206306
206307
206308
206309
206310
206311
206312
206313
206314
206315
206316
206317
206318
206319
206320
206321
206322
206323
206324
206325
206326
206327
206328
206329
206330
206331
206332
206333
206334
206335
206336
206337
206338
206339
206340
206341
206342
206343
206344
206345
206346
206347
206348
206349
206350
206351
206352
206353
206354
206355
206356
206357
206358
206359
206360
206361
206362
206363
206364
206365
206366
206367
206368
206369
206370
206371
206372
206373
206374
206375
206376
206377
206378
206379
206380
206381
206382
206383
206385
206921
206922
206923
206924
206925
206926
206927
206928
206929
206930
206931
206932
206933
206934
206935
206936
206937
206938
206939
206940
206941
206942
206943
206944
206945
206946
206947
206948
206949
206950
206951
206952
206953
206954
206955
206956
206957
206958
206959
206960
206961
206962
206963
206964
206965
206966
206967
206968
206969
206970
206971
206972
206973
206974
206975
206976
206977
206978
206979
206980
206981
206982
206983
206984
206985
206986
206987
206988
206989
206990
206991
206992
206993
206994
206995
206996
206997
206998
206999
207000
207001
207002
207003
207004
207005
207006
207007
207008
207009
207010
207011
207012
207013
207014
207015
207016
207017
207018
207019
207020
207021
207022
207023
207024
207025
207560
207561
207562
207563
207564
207565
207566
207567
207568
207569
207570
207571
207572
207573
207574
207575
207576
207577
207578
207579
207580
207581
207582
207583
207584
207585
207586
207587
207588
207589
207590
207591
207592
207593
207594
207595
207596
207597
207598
207599
207600
207601
207602
207603
207604
207605
207606
207607
207608
207609
207610
207611
207612
207613
207614
207615
207616
207617
207618
207619
207620
207621
207622
207623
207624
207625
207626
207627
207628
207629
207630
207631
207632
207633
207634
207635
207636
207637
207638
207639
207640
207641
207642
207643
207644
207645
207646
207647
207648
207649
207650
207651
207652
207653
207654
207655
207656
207657
207658
207659
207660
207661
207662
207663
207664
207665
208199
208200
208201
208202
208203
208204
208205
208206
208207
208208
208209
208210
208211
208212
208213
208214
208215
208216
208217
208218
208219
208220
208221
208222
208223
208224
208225
208226
208227
208228
208229
208230
208231
208232
208233
208234
208235
208236
208237
208238
208239
208240
208241
208242
208243
208244
208245
208246
208247
208248
208249
208250
208251
208252
208253
208254
208255
208256
208257
208258
208259
208260
208261
208262
208263
208264
208265
208266
208267
208268
208269
208270
208271
208272
208273
208274
208275
208276
208277
208278
208279
208280
208281
208282
208283
208284
208285
208286
208287
208288
208289
208290
208291
208292
208293
208294
208296
208297
208298
208299
208300
208301
208302
208303
208304
208305
208839
208840
208841
208842
208843
208844
208845
208846
208847
208848
208849
208850
208851
208852
208853
208854
208855
208856
208857
208858
208859
208860
208861
208862
208863
208864
208865
208866
208867
208868
208869
208870
208871
208872
208873
208874
208875
208876
208877
208878
208879
208880
208881
208882
208883
208884
208885
208886
208887
208888
208889
208890
208891
208892
208893
208894
208895
208896
208897
208898
208899
208900
208901
208902
208903
208904
208905
208906
208907
208908
208909
208910
208911
208912
208913
208914
208915
208916
208917
208918
208919
208920
208921
208922
208923
208924
208925
208926
208927
208935
208936
208937
208938
208939
208940
208941
208942
208943
208944
209478
209479
209480
209481
209482
209483
209484
209485
209486
209487
209488
209489
209490
209491
209492
209493
209494
209495
209496
209497
209498
209499
209500
209501
209502
209503
209504
209505
209506
209507
209508
209509
209510
209511
209512
209513
209514
209515
209516
209517
209518
209519
209520
209521
209522
209523
209524
209525
209526
209527
209528
209529
209530
209531
209532
209533
209534
209535
209536
209537
209538
209539
209540
209541
209542
209543
209544
209545
209546
209547
209548
209549
209550
209551
209552
209553
209554
209555
209556
209557
209558
209559
209560
209561
209562
209575
209576
209577
209578
209579
209580
209581
209582
209583
209584
210118
210119
210120
210121
210122
210123
210124
210125
210126
210127
210128
210129
210130
210131
210132
210133
210134
210135
210136
210137
210138
210139
210140
210141
210142
210143
210144
210145
210146
210147
210148
210149
210150
210151
210152
210153
210154
210155
210156
210157
210158
210159
210160
210161
210162
210163
210164
210165
210166
210167
210168
210169
210170
210171
210172
210173
210174
210175
210176
210177
210178
210179
210180
210181
210182
210183
210184
210185
210186
210187
210188
210189
210190
210191
210192
210193
210194
210195
210196
210197
210198
210199
210200
210201
210202
210203
210214
210215
210216
210217
210218
210219
210220
210221
210222
210223
210224
210756
210757
210758
210759
210760
210761
210762
210763
210764
210765
210766
210767
210768
210769
210770
210771
210772
210773
210774
210775
210776
210777
210778
210779
210780
210781
210782
210783
210784
210785
210786
210787
210788
210789
210790
210791
210792
210793
210794
210795
210796
210797
210798
210799
210800
210801
210802
210803
210804
210805
210806
210807
210808
210809
210810
210811
210812
210813
210814
210815
210816
210817
210818
210819
210820
210821
210822
210823
210824
210825
210826
210827
210828
210829
210830
210831
210832
210833
210834
210835
210836
210837
210838
210839
210840
210841
210842
210854
210855
210856
210857
210858
210859
210860
210861
210862
210863
211396
211397
211398
211399
211400
211401
211402
211403
211404
211405
211406
211407
211408
211409
211410
211411
211412
211413
211414
211415
211416
211417
211418
211419
211420
211421
211422
211423
211424
211425
211426
211427
211428
211429
211430
211431
211432
211433
211434
211435
211436
211437
211438
211439
211440
211441
211442
211443
211444
211445
211446
211447
211448
211449
211450
211451
211452
211453
211454
211455
211456
211457
211458
211459
211460
211461
211462
211463
211464
211465
211466
211467
211468
211469
211470
211471
211472
211473
211474
211475
211476
211477
211478
211479
211480
211481
211482
211483
211495
211496
211497
211498
211499
211500
211501
211502
212035
212036
212037
212038
212039
212040
212041
212042
212043
212044
212045
212046
212047
212048
212049
212050
212051
212052
212053
212054
212055
212056
212057
212058
212059
212060
212061
212062
212063
212064
212065
212066
212067
212068
212069
212070
212071
212072
212073
212074
212075
212076
212077
212078
212079
212080
212081
212082
212083
212084
212085
212086
212087
212088
212089
212090
212091
212092
212093
212094
212095
212096
212097
212098
212099
212100
212101
212102
212103
212104
212105
212106
212107
212108
212109
212110
212111
212112
212113
212114
212115
212116
212117
212118
212119
212120
212121
212135
212136
212137
212138
212139
212140
212674
212675
212676
212677
212678
212679
212680
212681
212682
212683
212684
212685
212686
212687
212688
212689
212690
212691
212692
212693
212694
212695
212696
212697
212698
212699
212700
212701
212702
212703
212704
212705
212706
212707
212708
212709
212710
212711
212712
212713
212714
212715
212716
212717
212718
212719
212720
212721
212722
212723
212724
212725
212726
212727
212728
212729
212730
212731
212732
212733
212734
212735
212736
212737
212738
212739
212740
212741
212742
212743
212744
212745
212746
212747
212748
212749
212750
212751
212752
212753
212754
212755
212756
212757
212758
212759
212760
213315
213316
213317
213318
213319
213320
213321
213322
213323
213324
213325
213326
213327
213328
213329
213330
213331
213332
213333
213334
213335
213336
213337
213338
213339
213340
213341
213342
213343
213344
213345
213346
213347
213348
213349
213350
213351
213352
213353
213354
213355
213356
213357
213358
213359
213360
213361
213362
213363
213364
213365
213366
213367
213368
213369
213370
213371
213372
213373
213374
213375
213376
213377
213378
213379
213380
213381
213382
213383
213384
213385
213386
213387
213388
213389
213390
213391
213392
213393
213394
213395
213396
213397
213398
213399
213400
213956
213957
213958
213959
213960
213961
213962
213963
213964
213965
213966
213967
213968
213969
213970
213971
213972
213973
213974
213975
213976
213977
213978
213979
213980
213981
213982
213983
213984
213985
213986
213987
213988
213989
213990
213991
213992
213993
213994
213995
213996
213997
213998
213999
214000
214001
214002
214003
214004
214005
214006
214007
214008
214009
214010
214011
214012
214013
214014
214015
214016
214017
214018
214019
214020
214021
214022
214023
214024
214025
214026
214027
214028
214029
214030
214031
214032
214033
214034
214035
214036
214037
214038
214039
214040
214596
214597
214598
214599
214600
214601
214602
214603
214604
214605
214606
214607
214608
214609
214610
214611
214612
214613
214614
214615
214616
214617
214618
214619
214620
214621
214622
214623
214624
214625
214626
214627
214628
214629
214630
214631
214632
214633
214634
214635
214636
214637
214638
214639
214640
214641
214642
214643
214644
214645
214646
214647
214648
214649
214650
214651
214652
214653
214654
214655
214656
214657
214658
214659
214660
214661
214662
214663
214664
214665
214666
214667
214668
214669
214670
214671
214672
214673
214674
214675
214676
214677
214678
214679
214680
215234
215236
215237
215238
215239
215240
215241
215242
215243
215244
215245
215246
215247
215248
215249
215250
215251
215252
215253
215254
215255
215256
215257
215258
215259
215260
215261
215262
215263
215264
215265
215266
215267
215268
215269
215270
215271
215272
215273
215274
215275
215276
215277
215278
215279
215280
215281
215282
215283
215284
215285
215286
215287
215288
215289
215290
215291
215292
215293
215294
215295
215296
215297
215298
215299
215300
215301
215302
215303
215304
215305
215306
215307
215308
215309
215310
215311
215312
215313
215314
215315
215316
215317
215318
215319
215876
215877
215878
215879
215880
215881
215882
215883
215884
215885
215886
215887
215888
215889
215890
215891
215892
215893
215894
215895
215896
215897
215898
215899
215900
215901
215902
215903
215904
215905
215906
215907
215908
215909
215910
215911
215912
215913
215914
215915
215916
215917
215918
215919
215920
215921
215922
215923
215924
215925
215926
215927
215928
215929
215930
215931
215932
215933
215934
215935
215936
215937
215938
215939
215940
215941
215942
215943
215944
215945
215946
215947
215948
215949
215950
215951
215952
215953
215954
215955
215956
215957
215958
216516
216517
216518
216519
216520
216521
216522
216523
216524
216525
216526
216527
216528
216529
216530
216531
216532
216533
216534
216535
216536
216537
216538
216539
216540
216541
216542
216543
216544
216545
216546
216547
216548
216549
216550
216551
216552
216553
216554
216555
216556
216557
216558
216559
216560
216561
216562
216563
216564
216565
216566
216567
216568
216569
216570
216571
216572
216573
216574
216575
216576
216577
216578
216579
216580
216581
216582
216583
216584
216585
216586
216587
216588
216589
216590
216591
216592
217157
217158
217159
217160
217161
217162
217163
217164
217165
217166
217167
217168
217169
217170
217171
217172
217173
217174
217175
217176
217177
217178
217179
217180
217181
217182
217183
217184
217185
217186
217187
217188
217189
217190
217191
217192
217193
217194
217195
217196
217197
217198
217199
217200
217201
217202
217203
217204
217205
217206
217207
217208
217209
217210
217211
217212
217213
217214
217215
217216
217217
217218
217219
217220
217221
217222
217223
217224
217225
217226
217227
217228
217797
217798
217799
217800
217801
217802
217803
217804
217805
217806
217807
217808
217809
217810
217811
217812
217813
217814
217815
217816
217817
217818
217819
217820
217821
217822
217823
217824
217825
217826
217827
217828
217829
217830
217831
217832
217833
217834
217835
217836
217837
217838
217839
217840
217841
217842
217843
217844
217845
217846
217847
217848
217849
217850
217851
217852
217853
217854
217855
217856
217857
217858
217859
217860
217861
217862
217863
217864
217865
217866
217867
217868
218437
218438
218439
218440
218441
218442
218443
218444
218445
218446
218447
218448
218449
218450
218451
218452
218453
218454
218455
218456
218457
218458
218459
218460
218461
218462
218463
218464
218465
218466
218467
218468
218469
218470
218471
218472
218473
218474
218475
218476
218477
218478
218479
218480
218481
218482
218483
218484
218485
218486
218487
218488
218489
218490
218491
218492
218493
218494
218495
218496
218497
218498
218499
218500
218501
218502
218503
218504
218506
218507
219077
219078
219079
219080
219081
219082
219083
219084
219085
219086
219087
219088
219089
219090
219091
219092
219093
219094
219095
219096
219097
219098
219099
219100
219101
219102
219103
219104
219105
219106
219107
219108
219109
219110
219111
219112
219113
219114
219115
219116
219117
219118
219119
219120
219121
219122
219123
219124
219125
219126
219127
219128
219129
219130
219131
219132
219133
219134
219135
219136
219137
219138
219139
219140
219141
219142
219143
219144
219717
219718
219719
219720
219721
219722
219723
219724
219725
219726
219727
219728
219729
219730
219731
219732
219733
219734
219735
219736
219737
219738
219739
219740
219741
219742
219743
219744
219745
219746
219747
219748
219749
219750
219751
219752
219753
219754
219755
219756
219757
219758
219759
219760
219761
219762
219763
219764
219765
219766
219767
219768
219769
219770
219771
219772
219773
219774
219775
219776
219777
219778
220358
220359
220360
220361
220362
220363
220364
220365
220366
220367
220368
220369
220370
220371
220372
220373
220374
220375
220376
220377
220378
220379
220380
220381
220382
220383
220384
220385
220386
220387
220388
220389
220390
220391
220392
220393
220394
220395
220396
220397
220398
220399
220400
220401
220402
220403
220404
220405
220406
220407
220408
220409
220410
220411
220412
220413
220414
220415
220416
220417
220418
220998
220999
221000
221001
221002
221003
221004
221005
221006
221007
221008
221009
221010
221011
221012
221013
221014
221015
221016
221017
221018
221019
221020
221021
221022
221023
221024
221025
221026
221027
221028
221029
221030
221031
221032
221033
221034
221035
221036
221037
221038
221039
221040
221041
221042
221043
221044
221045
221046
221047
221048
221049
221050
221051
221052
221053
221054
221055
221056
221057
221058
221638
221639
221640
221641
221642
221643
221644
221645
221646
221647
221648
221649
221650
221651
221652
221653
221654
221655
221656
221657
221658
221659
221660
221661
221662
221663
221664
221665
221666
221667
221668
221669
221670
221671
221672
221673
221674
221675
221676
221677
221678
221679
221680
221681
221682
221683
221684
221685
221686
221687
221688
221689
221690
221691
221692
221693
221694
221695
221696
221697
222278
222279
222280
222281
222282
222283
222284
222285
222286
222287
222288
222289
222290
222291
222292
222293
222294
222295
222296
222297
222298
222299
222300
222301
222302
222303
222304
222305
222306
222307
222308
222309
222310
222311
222312
222313
222314
222315
222316
222317
222318
222319
222320
222321
222322
222323
222324
222325
222326
222327
222328
222329
222330
222331
222332
222333
222334
222335
222336
222337
222918
222919
222920
222921
222922
222923
222924
222925
222926
222927
222928
222929
222930
222931
222932
222933
222934
222935
222936
222937
222938
222939
222940
222941
222942
222943
222944
222945
222946
222947
222948
222949
222950
222951
222952
222953
222954
222955
222956
222957
222958
222959
222960
222961
222962
222963
222964
222965
222966
222967
222968
222969
222970
222971
222972
222973
222974
222975
222976
222977
222978
223557
223558
223559
223560
223561
223562
223563
223564
223565
223566
223567
223568
223569
223570
223571
223572
223573
223574
223575
223576
223577
223578
223579
223580
223581
223582
223583
223584
223585
223586
223587
223588
223589
223590
223591
223592
223593
223594
223595
223596
223597
223598
223599
223600
223601
223602
223603
223604
223605
223606
223607
223608
223609
223610
223611
223612
223613
223614
223615
223616
223617
223618
223619
224197
224198
224199
224200
224201
224202
224203
224204
224205
224206
224207
224208
224209
224210
224211
224212
224213
224214
224215
224216
224217
224218
224219
224220
224221
224222
224223
224224
224225
224226
224227
224228
224229
224230
224231
224232
224233
224234
224235
224236
224237
224238
224239
224240
224241
224242
224243
224244
224245
224246
224247
224248
224249
224250
224251
224252
224253
224254
224255
224256
224257
224258
224837
224838
224839
224840
224841
224842
224843
224844
224845
224846
224847
224848
224849
224850
224851
224852
224853
224854
224855
224856
224857
224858
224859
224860
224861
224862
224863
224864
224865
224866
224867
224868
224869
224870
224871
224872
224873
224874
224875
224876
224877
224878
224879
224880
224881
224882
224883
224884
224885
224886
224887
224888
224889
224890
224891
224892
224893
224894
224895
224896
224897
224898
225477
225478
225479
225480
225481
225482
225483
225484
225485
225486
225487
225488
225489
225490
225491
225492
225493
225494
225495
225496
225497
225498
225499
225500
225501
225502
225503
225504
225505
225506
225507
225508
225509
225510
225511
225512
225513
225514
225515
225516
225517
225518
225519
225520
225521
225522
225523
225524
225525
225526
225527
225528
225529
225530
225531
225532
225533
225534
225535
225536
225537
225538
226120
226121
226122
226123
226124
226125
226126
226127
226128
226129
226130
226131
226132
226133
226134
226135
226136
226137
226138
226139
226140
226141
226142
226143
226144
226145
226146
226147
226148
226149
226150
226151
226152
226153
226154
226155
226156
226157
226158
226159
226160
226161
226162
226163
226164
226165
226166
226167
226168
226169
226170
226171
226172
226173
226174
226175
226176
226177
226178
226761
226762
226763
226764
226765
226766
226767
226768
226769
226770
226771
226772
226773
226774
226775
226776
226777
226778
226779
226780
226781
226782
226783
226784
226785
226786
226787
226788
226789
226790
226791
226792
226793
226794
226795
226796
226797
226798
226799
226800
226801
226802
226803
226804
226805
226806
226807
226808
226809
226810
226811
226812
226813
226814
226815
226816
227401
227402
227403
227404
227405
227406
227407
227408
227409
227410
227411
227412
227413
227414
227415
227416
227417
227418
227419
227420
227421
227422
227423
227424
227425
227426
227427
227428
227429
227430
227431
227432
227433
227434
227435
227436
227437
227438
227439
227440
227441
227442
227443
227444
227445
227446
227447
227448
227449
227450
227451
227452
227453
228041
228042
228043
228044
228045
228046
228047
228048
228049
228050
228051
228052
228053
228054
228055
228056
228057
228058
228059
228060
228061
228062
228063
228064
228065
228066
228067
228068
228069
228070
228071
228072
228073
228074
228075
228076
228077
228078
228079
228080
228081
228082
228083
228084
228085
228086
228087
228088
228089
228090
228681
228682
228683
228684
228685
228686
228687
228688
228689
228690
228691
228692
228693
228694
228695
228696
228697
228698
228699
228700
228701
228702
228703
228704
228705
228706
228707
228708
228709
228710
228711
228712
228713
228714
228715
228716
228717
228718
228719
228720
228721
228722
228723
228724
228725
228726
228727
228728
229320
229321
229322
229323
229324
229325
229326
229327
229328
229329
229330
229331
229332
229333
229334
229335
229336
229337
229338
229339
229340
229341
229342
229343
229344
229345
229346
229347
229348
229349
229350
229351
229352
229353
229354
229355
229356
229357
229358
229359
229360
229361
229362
229363
229364
229365
229366
229367
229961
229962
229963
229964
229965
229966
229967
229968
229969
229970
229971
229972
229973
229974
229975
229976
229977
229978
229979
229980
229981
229982
229983
229984
229985
229986
229987
229988
229989
229990
229991
229992
229993
229994
229995
229996
229997
229998
229999
230000
230001
230002
230003
230004
230005
230600
230601
230602
230603
230604
230605
230606
230607
230608
230609
230610
230611
230612
230613
230614
230615
230616
230617
230618
230619
230620
230621
230622
230623
230624
230625
230626
230627
230628
230629
230630
230631
230632
230633
230634
230635
230636
230637
230638
230639
230640
230641
230642
230643
231241
231242
231243
231244
231245
231246
231247
231248
231249
231250
231251
231252
231253
231254
231255
231256
231257
231258
231259
231260
231261
231262
231263
231264
231265
231266
231267
231268
231269
231270
231271
231272
231273
231274
231275
231276
231277
231278
231279
231280
231281
231881
231882
231883
231884
231885
231886
231887
231888
231889
231890
231891
231892
231893
231894
231895
231896
231897
231898
231899
231900
231901
231902
231903
231904
231905
231906
231907
231908
231909
231910
231911
231912
231913
231914
231915
231916
231917
231918
231919
232522
232523
232524
232525
232526
232527
232528
232529
232530
232531
232532
232533
232534
232535
232536
232537
232538
232539
232540
232541
232542
232543
232544
232545
232546
232547
232548
232549
232550
232551
232552
232553
232554
232555
232556
232557
233162
233163
233164
233165
233166
233167
233168
233169
233170
233171
233172
233173
233174
233175
233176
233177
233178
233179
233180
233181
233182
233183
233184
233185
233186
233187
233188
233189
233190
233191
233192
233193
233194
233804
233805
233806
233807
233808
233809
233810
233811
233812
233813
233814
233815
233816
233817
233818
233819
233820
233821
233822
233823
233824
233825
233826
233827
233828
233829
233830
233831
233832
234445
234446
234447
234448
234449
234450
234451
234452
234453
234454
234455
234456
234457
234458
234459
234460
234461
234462
234463
234464
234465
234466
234467
234468
234469
234470
235085
235086
235087
235088
235089
235090
235091
235092
235093
235094
235095
235096
235097
235098
235099
235100
235101
235102
235103
235104
235105
235106
235107
235108
235725
235726
235727
235728
235729
235730
235731
235732
235733
235734
235735
235736
235737
235738
235739
235740
235741
235742
235743
235744
235745
235746
236366
236367
236368
236369
236370
236371
236372
236373
236374
236375
236376
236377
236378
236379
236380
236381
236382
236383
236384
236385
237007
237008
237009
237010
237011
237012
237013
237014
237015
237016
237017
237018
237019
237020
237021
237022
237023
237648
237649
237650
237651
237652
237653
237654
237655
237656
237657
237658
237659
237660
238289
238290
238291
238292
238293
238294
238295
238296
238297
238298
238932
238933
238934
238935
