180105
180106
180107
180108
180109
180110
180111
180112
180113
180114
180713
180714
180715
180716
180743
180744
180745
180746
180747
180748
180749
180750
180751
180752
180753
180754
180755
180758
180759
180760
180761
180762
180763
180764
181353
181354
181355
181356
181357
181358
181359
181360
181382
181383
181384
181385
181386
181387
181388
181389
181390
181391
181392
181393
181394
181401
181402
181403
181404
181405
181406
181407
181989
181990
181991
181992
181993
181994
181995
181996
181997
181998
181999
182000
182001
182002
182023
182629
182630
182631
182632
182633
182634
182635
182636
182637
182638
182639
182640
182641
182642
182643
182644
182645
182646
183267
183268
183269
183270
183271
183272
183273
183274
183275
183276
183277
183278
183279
183280
183281
183282
183283
183284
183285
183286
183287
183288
183289
183906
183907
183908
183909
183910
183911
183912
183913
183914
183915
183916
183917
183918
183919
183920
183921
183922
183923
183924
183925
183926
183927
183928
183929
183930
183931
184545
184546
184547
184548
184549
184550
184551
184552
184553
184554
184555
184556
184557
184558
184559
184560
184561
184562
184563
184564
184565
184566
184567
184568
184569
184570
184571
184573
184574
184575
185184
185185
185186
185187
185188
185189
185190
185191
185192
185193
185194
185195
185196
185197
185198
185199
185200
185201
185202
185203
185204
185205
185206
185207
185208
185209
185210
185211
185212
185213
185214
185215
185216
185824
185825
185826
185827
185828
185829
185830
185831
185832
185833
185834
185835
185836
185837
185838
185839
185840
185841
185842
185843
185844
185845
185846
185847
185848
185849
185850
185851
185852
185853
185854
185855
185856
185857
186463
186464
186465
186466
186467
186468
186469
186470
186471
186472
186473
186474
186475
186476
186477
186478
186479
186480
186481
186482
186483
186484
186485
186486
186487
186488
186489
186490
186491
186492
186493
186494
186495
186496
186497
186498
186499
187103
187104
187105
187106
187107
187108
187109
187110
187111
187112
187113
187114
187115
187116
187117
187118
187119
187120
187121
187122
187123
187124
187125
187126
187127
187128
187129
187130
187131
187132
187133
187134
187135
187136
187137
187138
187139
187140
187141
187743
187744
187745
187746
187747
187748
187749
187750
187751
187752
187753
187754
187755
187756
187757
187758
187759
187760
187761
187762
187763
187764
187765
187766
187767
187768
187769
187770
187771
187772
187773
187774
187775
187776
187777
187778
187779
187780
187781
187782
188383
188384
188385
188386
188387
188388
188389
188390
188391
188392
188393
188394
188395
188396
188397
188398
188399
188400
188401
188402
188403
188404
188405
188406
188407
188408
188409
188410
188411
188412
188413
188414
188415
188416
188417
188418
188419
188420
188421
188422
188423
188424
188425
188426
188427
189023
189024
189025
189026
189027
189028
189029
189030
189031
189032
189033
189034
189035
189036
189037
189038
189039
189040
189041
189042
189043
189044
189045
189046
189047
189048
189049
189050
189051
189052
189053
189054
189055
189056
189057
189058
189059
189060
189061
189062
189063
189064
189065
189066
189067
189068
189663
189664
189665
189666
189667
189668
189669
189670
189671
189672
189673
189674
189675
189676
189677
189678
189679
189680
189681
189682
189683
189684
189685
189686
189687
189688
189689
189690
189691
189692
189693
189694
189695
189696
189697
189698
189699
189700
189701
189702
189703
189704
189705
189706
189707
189708
189709
189710
189711
189712
189713
190304
190305
190306
190307
190308
190309
190310
190311
190312
190313
190314
190315
190316
190317
190318
190319
190320
190321
190322
190323
190324
190325
190326
190327
190328
190329
190330
190331
190332
190333
190334
190335
190336
190337
190338
190339
190340
190341
190342
190343
190344
190345
190346
190347
190348
190349
190350
190351
190352
190353
190354
190944
190945
190946
190947
190948
190949
190950
190951
190952
190953
190954
190955
190956
190957
190958
190959
190960
190961
190962
190963
190964
190965
190966
190967
190968
190969
190970
190971
190972
190973
190974
190975
190976
190977
190978
190979
190980
190981
190982
190983
190984
190985
190986
190987
190988
190989
190990
190991
190992
190993
190994
190995
190996
191584
191585
191586
191587
191588
191589
191590
191591
191592
191593
191594
191595
191596
191597
191598
191599
191600
191601
191602
191603
191604
191605
191606
191607
191608
191609
191610
191611
191612
191613
191614
191615
191616
191617
191618
191619
191620
191621
191622
191623
191624
191625
191626
191627
191628
191629
191630
191631
191632
191633
191634
191635
191636
191637
191638
191639
191640
191641
192225
192226
192227
192228
192229
192230
192231
192232
192233
192234
192235
192236
192237
192238
192239
192240
192241
192242
192243
192244
192245
192246
192247
192248
192249
192250
192251
192252
192253
192254
192255
192256
192257
192258
192259
192260
192261
192262
192263
192264
192265
192266
192267
192268
192269
192270
192271
192272
192273
192274
192275
192276
192277
192278
192279
192280
192281
192866
192867
192868
192869
192870
192871
192872
192873
192874
192875
192876
192877
192878
192879
192880
192881
192882
192883
192884
192885
192886
192887
192888
192889
192890
192891
192892
192893
192894
192895
192896
192897
192898
192899
192900
192901
192902
192903
192904
192905
192906
192907
192908
192909
192910
192911
192912
192913
192914
192915
192916
192917
192918
192919
192920
192921
193506
193507
193508
193509
193510
193511
193512
193513
193514
193515
193516
193517
193518
193519
193520
193521
193522
193523
193524
193525
193526
193527
193528
193529
193530
193531
193532
193533
193534
193535
193536
193537
193538
193539
193540
193541
193542
193543
193544
193545
193546
193547
193548
193549
193550
193551
193552
193553
193554
193555
193556
193557
193558
193559
193560
193561
193562
193563
193564
193565
193566
193567
194145
194146
194147
194148
194149
194150
194151
194152
194153
194154
194155
194156
194157
194158
194159
194160
194161
194162
194163
194164
194165
194166
194167
194168
194169
194170
194171
194172
194173
194174
194175
194176
194177
194178
194179
194180
194181
194182
194183
194184
194185
194186
194187
194188
194189
194190
194191
194192
194193
194194
194195
194196
194197
194198
194199
194200
194201
194202
194203
194204
194205
194206
194207
194208
194209
194785
194786
194787
194788
194789
194790
194791
194792
194793
194794
194795
194796
194797
194798
194799
194800
194801
194802
194803
194804
194805
194806
194807
194808
194809
194810
194811
194812
194813
194814
194815
194816
194817
194818
194819
194820
194821
194822
194823
194824
194825
194826
194827
194828
194829
194830
194831
194832
194833
194834
194835
194836
194837
194838
194839
194840
194841
194842
194843
194844
194845
194846
194847
194848
194849
195425
195426
195427
195428
195429
195430
195431
195432
195433
195434
195435
195436
195437
195438
195439
195440
195441
195442
195443
195444
195445
195446
195447
195448
195449
195450
195451
195452
195453
195454
195455
195456
195457
195458
195459
195460
195461
195462
195463
195464
195465
195466
195467
195468
195469
195470
195471
195472
195473
195474
195475
195476
195477
195478
195479
195480
195481
195482
195483
195484
195485
195486
195487
195488
195489
195490
195491
195492
196065
196066
196067
196068
196069
196070
196071
196072
196073
196074
196075
196076
196077
196078
196079
196080
196081
196082
196083
196084
196085
196086
196087
196088
196089
196090
196091
196092
196093
196094
196095
196096
196097
196098
196099
196100
196101
196102
196103
196104
196105
196106
196107
196108
196109
196110
196111
196112
196113
196114
196115
196116
196117
196118
196119
196120
196121
196122
196123
196124
196125
196126
196127
196128
196129
196130
196131
196132
196133
196706
196707
196708
196709
196710
196711
196712
196713
196714
196715
196716
196717
196718
196719
196720
196721
196722
196723
196724
196725
196726
196727
196728
196729
196730
196731
196732
196733
196734
196735
196736
196737
196738
196739
196740
196741
196742
196743
196744
196745
196746
196747
196748
196749
196750
196751
196752
196753
196754
196755
196756
196757
196758
196759
196760
196761
196762
196763
196764
196765
196766
196767
196768
196769
196770
196771
196772
196773
196774
196775
196776
197346
197347
197348
197349
197350
197351
197352
197353
197354
197355
197356
197357
197358
197359
197360
197361
197362
197363
197364
197365
197366
197367
197368
197369
197370
197371
197372
197373
197374
197375
197376
197377
197378
197379
197380
197381
197382
197383
197384
197385
197386
197387
197388
197389
197390
197391
197392
197393
197394
197395
197396
197397
197398
197399
197400
197401
197402
197403
197404
197405
197406
197407
197408
197409
197410
197411
197412
197413
197414
197415
197416
197986
197987
197988
197989
197990
197991
197992
197993
197994
197995
197996
197997
197998
197999
198000
198001
198002
198003
198004
198005
198006
198007
198008
198009
198010
198011
198012
198013
198014
198015
198016
198017
198018
198019
198020
198021
198022
198023
198024
198025
198026
198027
198028
198029
198030
198031
198032
198033
198034
198035
198036
198037
198038
198039
198040
198041
198042
198043
198044
198045
198046
198047
198048
198049
198050
198051
198052
198053
198054
198055
198056
198057
198061
198062
198063
198064
198626
198627
198628
198629
198630
198631
198632
198633
198634
198635
198636
198637
198638
198639
198640
198641
198642
198643
198644
198645
198646
198647
198648
198649
198650
198651
198652
198653
198654
198655
198656
198657
198658
198659
198660
198661
198662
198663
198664
198665
198666
198667
198668
198669
198670
198671
198672
198673
198674
198675
198676
198677
198678
198679
198680
198681
198682
198683
198684
198685
198686
198687
198688
198689
198690
198691
198692
198693
198694
198695
198696
198697
198698
198699
198700
198701
198702
198703
198704
199266
199267
199268
199269
199270
199271
199272
199273
199274
199275
199276
199277
199278
199279
199280
199281
199282
199283
199284
199285
199286
199287
199288
199289
199290
199291
199292
199293
199294
199295
199296
199297
199298
199299
199300
199301
199302
199303
199304
199305
199306
199307
199308
199309
199310
199311
199312
199313
199314
199315
199316
199317
199318
199319
199320
199321
199322
199323
199324
199325
199326
199327
199328
199329
199330
199331
199332
199333
199334
199335
199336
199337
199338
199339
199340
199341
199342
199343
199344
199345
199346
199347
199348
199349
199906
199907
199908
199909
199910
199911
199912
199913
199914
199915
199916
199917
199918
199919
199920
199921
199922
199923
199924
199925
199926
199927
199928
199929
199930
199931
199932
199933
199934
199935
199936
199937
199938
199939
199940
199941
199942
199943
199944
199945
199946
199947
199948
199949
199950
199951
199952
199953
199954
199955
199956
199957
199958
199959
199960
199961
199962
199963
199964
199965
199966
199967
199968
199969
199970
199971
199972
199973
199974
199975
199976
199977
199978
199979
199980
199981
199982
199983
199984
199985
199986
199987
199988
199989
199990
200546
200547
200548
200549
200550
200551
200552
200553
200554
200555
200556
200557
200558
200559
200560
200561
200562
200563
200564
200565
200566
200567
200568
200569
200570
200571
200572
200573
200574
200575
200576
200577
200578
200579
200580
200581
200582
200583
200584
200585
200586
200587
200588
200589
200590
200591
200592
200593
200594
200595
200596
200597
200598
200599
200600
200601
200602
200603
200604
200605
200606
200607
200608
200609
200610
200611
200612
200613
200614
200615
200616
200617
200618
200619
200620
200621
200622
200623
200624
200625
200626
200627
200628
200629
200630
200631
200632
200633
200634
201186
201187
201188
201189
201190
201191
201192
201193
201194
201195
201196
201197
201198
201199
201200
201201
201202
201203
201204
201205
201206
201207
201208
201209
201210
201211
201212
201213
201214
201215
201216
201217
201218
201219
201220
201221
201222
201223
201224
201225
201226
201227
201228
201229
201230
201231
201232
201233
201234
201235
201236
201237
201238
201239
201240
201241
201242
201243
201244
201245
201246
201247
201248
201249
201250
201251
201252
201253
201254
201255
201256
201257
201258
201259
201260
201261
201262
201263
201264
201265
201266
201267
201268
201269
201270
201271
201272
201273
201274
201275
201276
201826
201827
201828
201829
201830
201831
201832
201833
201834
201835
201836
201837
201838
201839
201840
201841
201842
201843
201844
201845
201846
201847
201848
201849
201850
201851
201852
201853
201854
201855
201856
201857
201858
201859
201860
201861
201862
201863
201864
201865
201866
201867
201868
201869
201870
201871
201872
201873
201874
201875
201876
201877
201878
201879
201880
201881
201882
201883
201884
201885
201886
201887
201888
201889
201890
201891
201892
201893
201894
201895
201896
201897
201898
201899
201900
201901
201902
201903
201904
201905
201906
201907
201908
201909
201910
201911
201912
201913
201914
201915
201916
201917
201918
201919
201920
202466
202467
202468
202469
202470
202471
202472
202473
202474
202475
202476
202477
202478
202479
202480
202481
202482
202483
202484
202485
202486
202487
202488
202489
202490
202491
202492
202493
202494
202495
202496
202497
202498
202499
202500
202501
202502
202503
202504
202505
202506
202507
202508
202509
202510
202511
202512
202513
202514
202515
202516
202517
202518
202519
202520
202521
202522
202523
202524
202525
202526
202527
202528
202529
202530
202531
202532
202533
202534
202535
202536
202537
202538
202539
202540
202541
202542
202543
202544
202545
202546
202547
202548
202549
202550
202551
202552
202553
202554
202555
202556
202557
202558
202559
202560
203106
203107
203108
203109
203110
203111
203112
203113
203114
203115
203116
203117
203118
203119
203120
203121
203122
203123
203124
203125
203126
203127
203128
203129
203130
203131
203132
203133
203134
203135
203136
203137
203138
203139
203140
203141
203142
203143
203144
203145
203146
203147
203148
203149
203150
203151
203152
203153
203154
203155
203156
203157
203158
203159
203160
203161
203162
203163
203164
203165
203166
203167
203168
203169
203170
203171
203172
203173
203174
203175
203176
203177
203178
203179
203180
203181
203182
203183
203184
203185
203186
203187
203188
203189
203190
203191
203192
203193
203194
203195
203196
203197
203198
203199
203200
203201
203748
203749
203750
203751
203752
203753
203754
203755
203756
203757
203758
203759
203760
203761
203762
203763
203764
203765
203766
203767
203768
203769
203770
203771
203772
203773
203774
203775
203776
203777
203778
203779
203780
203781
203782
203783
203784
203785
203786
203787
203788
203789
203790
203791
203792
203793
203794
203795
203796
203797
203798
203799
203800
203801
203802
203803
203804
203805
203806
203807
203808
203809
203810
203811
203812
203813
203814
203815
203816
203817
203818
203819
203820
203821
203822
203823
203824
203825
203826
203827
203828
203829
203830
203831
203832
203833
203834
203835
203836
203837
203838
203839
203840
203841
204388
204389
204390
204391
204392
204393
204394
204395
204396
204397
204398
204399
204400
204401
204402
204403
204404
204405
204406
204407
204408
204409
204410
204411
204412
204413
204414
204415
204416
204417
204418
204419
204420
204421
204422
204423
204424
204425
204426
204427
204428
204429
204430
204431
204432
204433
204434
204435
204436
204437
204438
204439
204440
204441
204442
204443
204444
204445
204446
204447
204448
204449
204450
204451
204452
204453
204454
204455
204456
204457
204458
204459
204460
204461
204462
204463
204464
204465
204466
204467
204468
204469
204470
204471
204472
204473
204474
204475
204476
204477
204478
204479
204480
204481
204484
204485
205029
205030
205031
205032
205033
205034
205035
205036
205037
205038
205039
205040
205041
205042
205043
205044
205045
205046
205047
205048
205049
205050
205051
205052
205053
205054
205055
205056
205057
205058
205059
205060
205061
205062
205063
205064
205065
205066
205067
205068
205069
205070
205071
205072
205073
205074
205075
205076
205077
205078
205079
205080
205081
205082
205083
205084
205085
205086
205087
205088
205089
205090
205091
205092
205093
205094
205095
205096
205097
205098
205099
205100
205101
205102
205103
205104
205105
205106
205107
205108
205109
205110
205111
205112
205113
205114
205115
205116
205117
205118
205119
205120
205121
205123
205124
205125
205670
205671
205672
205673
205674
205675
205676
205677
205678
205679
205680
205681
205682
205683
205684
205685
205686
205687
205688
205689
205690
205691
205692
205693
205694
205695
205696
205697
205698
205699
205700
205701
205702
205703
205704
205705
205706
205707
205708
205709
205710
205711
205712
205713
205714
205715
205716
205717
205718
205719
205720
205721
205722
205723
205724
205725
205726
205727
205728
205729
205730
205731
205732
205733
205734
205735
205736
205737
205738
205739
205740
205741
205742
205743
205744
205745
205746
205747
205748
205749
205750
205751
205752
205753
205754
205755
205756
205757
205758
205759
205760
205761
205762
205763
205764
205765
205766
205767
205768
205769
206310
206311
206312
206313
206314
206315
206316
206317
206318
206319
206320
206321
206322
206323
206324
206325
206326
206327
206328
206329
206330
206331
206332
206333
206334
206335
206336
206337
206338
206339
206340
206341
206342
206343
206344
206345
206346
206347
206348
206349
206350
206351
206352
206353
206354
206355
206356
206357
206358
206359
206360
206361
206362
206363
206364
206365
206366
206367
206368
206369
206370
206371
206372
206373
206374
206375
206376
206377
206378
206379
206380
206381
206382
206383
206384
206385
206386
206387
206388
206389
206390
206391
206392
206393
206394
206395
206396
206397
206398
206399
206400
206401
206402
206403
206404
206405
206406
206407
206408
206409
206951
206952
206953
206954
206955
206956
206957
206958
206959
206960
206961
206962
206963
206964
206965
206966
206967
206968
206969
206970
206971
206972
206973
206974
206975
206976
206977
206978
206979
206980
206981
206982
206983
206984
206985
206986
206987
206988
206989
206990
206991
206992
206993
206994
206995
206996
206997
206998
206999
207000
207001
207002
207003
207004
207005
207006
207007
207008
207009
207010
207011
207012
207013
207014
207015
207016
207017
207018
207019
207020
207021
207022
207023
207024
207025
207026
207027
207028
207029
207030
207031
207032
207033
207034
207035
207036
207037
207038
207039
207040
207041
207042
207043
207044
207045
207046
207047
207048
207049
207590
207591
207592
207593
207594
207595
207596
207597
207598
207599
207600
207601
207602
207603
207604
207605
207606
207607
207608
207609
207610
207611
207612
207613
207614
207615
207616
207617
207618
207619
207620
207621
207622
207623
207624
207625
207626
207627
207628
207629
207630
207631
207632
207633
207634
207635
207636
207637
207638
207639
207640
207641
207642
207643
207644
207645
207646
207647
207648
207649
207650
207651
207652
207653
207654
207655
207656
207657
207658
207659
207660
207661
207662
207663
207664
207665
207666
207667
207668
207669
207670
207671
207672
207673
207674
207675
207676
207677
207678
207679
207680
207681
207682
207683
207684
207685
207686
207687
207688
207689
207690
208230
208231
208232
208233
208234
208235
208236
208237
208238
208239
208240
208241
208242
208243
208244
208245
208246
208247
208248
208249
208250
208251
208252
208253
208254
208255
208256
208257
208258
208259
208260
208261
208262
208263
208264
208265
208266
208267
208268
208269
208270
208271
208272
208273
208274
208275
208276
208277
208278
208279
208280
208281
208282
208283
208284
208285
208286
208287
208288
208289
208290
208291
208292
208293
208294
208295
208296
208297
208298
208299
208300
208301
208302
208303
208304
208305
208306
208307
208308
208309
208310
208311
208312
208313
208314
208315
208316
208317
208318
208319
208320
208321
208322
208323
208324
208325
208326
208327
208328
208329
208330
208331
208332
208871
208872
208873
208874
208875
208876
208877
208878
208879
208880
208881
208882
208883
208884
208885
208886
208887
208888
208889
208890
208891
208892
208893
208894
208895
208896
208897
208898
208899
208900
208901
208902
208903
208904
208905
208906
208907
208908
208909
208910
208911
208912
208913
208914
208915
208916
208917
208918
208919
208920
208921
208922
208923
208924
208925
208926
208927
208928
208929
208930
208931
208932
208933
208934
208935
208936
208937
208938
208939
208940
208941
208942
208943
208944
208945
208946
208947
208948
208949
208950
208951
208952
208953
208954
208955
208956
208957
208958
208959
208960
208961
208962
208963
208964
208965
208966
208967
208968
208969
208970
208971
208972
209512
209513
209514
209515
209516
209517
209518
209519
209520
209521
209522
209523
209524
209525
209526
209527
209528
209529
209530
209531
209532
209533
209534
209535
209536
209537
209538
209539
209540
209541
209542
209543
209544
209545
209546
209547
209548
209549
209550
209551
209552
209553
209554
209555
209556
209557
209558
209559
209560
209561
209562
209563
209564
209565
209566
209567
209568
209569
209570
209571
209572
209573
209574
209575
209576
209577
209578
209579
209580
209581
209582
209583
209584
209585
209586
209587
209588
209589
209590
209591
209592
209593
209594
209595
209596
209597
209598
209599
209600
209601
209602
209603
209604
209605
209606
209607
209608
209609
209610
209611
209612
210154
210155
210156
210157
210158
210159
210160
210161
210162
210163
210164
210165
210166
210167
210168
210169
210170
210171
210172
210173
210174
210175
210176
210177
210178
210179
210180
210181
210182
210183
210184
210185
210186
210187
210188
210189
210190
210191
210192
210193
210194
210195
210196
210197
210198
210199
210200
210201
210202
210203
210204
210205
210206
210207
210208
210209
210210
210211
210212
210213
210214
210215
210216
210217
210218
210219
210220
210221
210222
210223
210224
210225
210226
210227
210228
210229
210230
210231
210232
210233
210234
210235
210236
210237
210238
210239
210240
210241
210242
210243
210244
210245
210246
210247
210248
210249
210250
210251
210252
210796
210797
210798
210799
210800
210801
210802
210803
210804
210805
210806
210807
210808
210809
210810
210811
210812
210813
210814
210815
210816
210817
210818
210819
210820
210821
210822
210823
210824
210825
210826
210827
210828
210829
210830
210831
210832
210833
210834
210835
210836
210837
210838
210839
210840
210841
210842
210843
210844
210845
210846
210847
210848
210849
210850
210851
210852
210853
210854
210855
210856
210857
210858
210859
210860
210861
210862
210863
210864
210865
210866
210867
210868
210869
210870
210871
210872
210873
210874
210875
210876
210877
210878
210879
210880
210881
210882
210883
210884
210885
210886
210887
210888
210889
210890
210891
210892
211438
211439
211440
211441
211442
211443
211444
211445
211446
211447
211448
211449
211450
211451
211452
211453
211454
211455
211456
211457
211458
211459
211460
211461
211462
211463
211464
211465
211466
211467
211468
211469
211470
211471
211472
211473
211474
211475
211476
211477
211478
211479
211480
211481
211482
211483
211484
211485
211486
211487
211488
211489
211490
211491
211492
211493
211494
211495
211496
211497
211498
211499
211500
211501
211502
211503
211504
211505
211506
211507
211508
211509
211510
211511
211512
211513
211514
211515
211516
211517
211518
211519
211520
211521
211522
211523
211524
211525
211526
211527
211528
211529
211530
211531
212080
212081
212082
212083
212084
212085
212086
212087
212088
212089
212090
212091
212092
212093
212094
212095
212096
212097
212098
212099
212100
212101
212102
212103
212104
212105
212106
212107
212108
212109
212110
212111
212112
212113
212114
212115
212116
212117
212118
212119
212120
212121
212122
212123
212124
212125
212126
212127
212128
212129
212130
212131
212132
212133
212134
212135
212136
212137
212138
212139
212140
212141
212142
212143
212144
212145
212146
212147
212148
212149
212150
212151
212152
212153
212154
212155
212156
212157
212158
212159
212160
212161
212162
212163
212164
212165
212166
212167
212168
212169
212170
212171
212722
212723
212724
212725
212726
212727
212728
212729
212730
212731
212732
212733
212734
212735
212736
212737
212738
212739
212740
212741
212742
212743
212744
212745
212746
212747
212748
212749
212750
212751
212752
212753
212754
212755
212756
212757
212758
212759
212760
212761
212762
212763
212764
212765
212766
212767
212768
212769
212770
212771
212772
212773
212774
212775
212776
212777
212778
212779
212780
212781
212782
212783
212784
212785
212786
212787
212788
212789
212790
212791
212792
212793
212794
212795
212796
212797
212798
212799
212800
212801
212802
212803
212804
212805
212806
212807
212808
212809
212810
212811
212812
213363
213364
213365
213366
213367
213368
213369
213370
213371
213372
213373
213374
213375
213376
213377
213378
213379
213380
213381
213382
213383
213384
213385
213386
213387
213388
213389
213390
213391
213392
213393
213394
213395
213396
213397
213398
213399
213400
213401
213402
213403
213404
213405
213406
213407
213408
213409
213410
213411
213412
213413
213414
213415
213416
213417
213418
213419
213420
213421
213422
213423
213424
213425
213426
213427
213428
213429
213430
213431
213432
213433
213434
213435
213436
213437
213438
213439
213440
213441
213442
213443
213444
213445
213446
213447
213448
213449
213450
213451
213452
214005
214006
214007
214008
214009
214010
214011
214012
214013
214014
214015
214016
214017
214018
214019
214020
214021
214022
214023
214024
214025
214026
214027
214028
214029
214030
214031
214032
214033
214034
214035
214036
214037
214038
214039
214040
214041
214042
214043
214044
214045
214046
214047
214048
214049
214050
214051
214052
214053
214054
214055
214056
214057
214058
214059
214060
214061
214062
214063
214064
214065
214066
214067
214068
214069
214070
214071
214072
214073
214074
214075
214076
214077
214078
214079
214080
214081
214082
214083
214084
214085
214086
214087
214088
214089
214647
214648
214649
214650
214651
214652
214653
214654
214655
214656
214657
214658
214659
214660
214661
214662
214663
214664
214665
214666
214667
214668
214669
214670
214671
214672
214673
214674
214675
214676
214677
214678
214679
214680
214681
214682
214683
214684
214685
214686
214687
214688
214689
214690
214691
214692
214693
214694
214695
214696
214697
214698
214699
214700
214701
214702
214703
214704
214705
214706
214707
214708
214709
214710
214711
214712
214713
214714
214715
214716
214717
214718
214719
214720
214721
214722
214723
214724
214725
214726
214727
214728
214729
215289
215290
215291
215292
215293
215294
215295
215296
215297
215298
215299
215300
215301
215302
215303
215304
215305
215306
215307
215308
215309
215310
215311
215312
215313
215314
215315
215316
215317
215318
215319
215320
215321
215322
215323
215324
215325
215326
215327
215328
215329
215330
215331
215332
215333
215334
215335
215336
215337
215338
215339
215340
215341
215342
215343
215344
215345
215346
215347
215348
215349
215350
215351
215352
215353
215354
215355
215356
215357
215358
215359
215360
215361
215362
215363
215364
215365
215366
215367
215368
215369
215370
215931
215932
215933
215934
215935
215936
215937
215938
215939
215940
215941
215942
215943
215944
215945
215946
215947
215948
215949
215950
215951
215952
215953
215954
215955
215956
215957
215958
215959
215960
215961
215962
215963
215964
215965
215966
215967
215968
215969
215970
215971
215972
215973
215974
215975
215976
215977
215978
215979
215980
215981
215982
215983
215984
215985
215986
215987
215988
215989
215990
215991
215992
215993
215994
215995
215996
215997
215998
215999
216000
216001
216002
216003
216004
216005
216006
216007
216008
216009
216010
216011
216574
216575
216576
216577
216578
216579
216580
216581
216582
216583
216584
216585
216586
216587
216588
216589
216590
216591
216592
216593
216594
216595
216596
216597
216598
216599
216600
216601
216602
216603
216604
216605
216606
216607
216608
216609
216610
216611
216612
216613
216614
216615
216616
216617
216618
216619
216620
216621
216622
216623
216624
216625
216626
216627
216628
216629
216630
216631
216632
216633
216634
216635
216636
216637
216638
216639
216640
216641
216642
216643
216644
216645
216646
216647
216648
216649
216650
216651
216652
217217
217218
217219
217220
217221
217222
217223
217224
217225
217226
217227
217228
217229
217230
217231
217232
217233
217234
217235
217236
217237
217238
217239
217240
217241
217242
217243
217244
217245
217246
217247
217248
217249
217250
217251
217252
217253
217254
217255
217256
217257
217258
217259
217260
217261
217262
217263
217264
217265
217266
217267
217268
217269
217270
217271
217272
217273
217274
217275
217276
217277
217278
217279
217280
217281
217282
217283
217284
217285
217286
217287
217288
217289
217290
217291
217292
217859
217860
217861
217862
217863
217864
217865
217866
217867
217868
217869
217870
217871
217872
217873
217874
217875
217876
217877
217878
217879
217880
217881
217882
217883
217884
217885
217886
217887
217888
217889
217890
217891
217892
217893
217894
217895
217896
217897
217898
217899
217900
217901
217902
217903
217904
217905
217906
217907
217908
217909
217910
217911
217912
217913
217914
217915
217916
217917
217918
217919
217920
217921
217922
217923
217924
217925
217926
217927
217928
217929
217930
217931
217932
218502
218503
218504
218505
218506
218507
218508
218512
218513
218514
218515
218516
218517
218518
218519
218520
218521
218522
218523
218524
218525
218526
218527
218528
218529
218530
218531
218532
218533
218534
218535
218536
218537
218538
218539
218540
218541
218542
218543
218544
218545
218546
218547
218548
218549
218550
218551
218552
218553
218554
218555
218556
218557
218558
218559
218560
218561
218562
218563
218564
218565
218566
218567
218568
218569
218570
218571
218572
219143
219144
219145
219158
219159
219160
219161
219162
219163
219164
219165
219166
219167
219168
219169
219170
219171
219172
219173
219174
219175
219176
219177
219178
219179
219180
219181
219182
219183
219184
219185
219186
219187
219188
219189
219190
219191
219192
219193
219194
219195
219196
219197
219198
219199
219200
219201
219202
219203
219204
219205
219206
219207
219208
219209
219210
219211
219212
219798
219799
219800
219801
219802
219803
219804
219805
219806
219807
219808
219809
219810
219811
219812
219813
219814
219815
219816
219817
219818
219819
219820
219821
219822
219823
219824
219825
219826
219827
219828
219829
219830
219831
219832
219833
219834
219835
219836
219837
219838
219839
219840
219841
219842
219843
219844
219845
219846
219847
219848
219849
219850
219851
220435
220436
220452
220453
220454
220455
220456
220457
220458
220459
220460
220461
220462
220463
220464
220465
220466
220467
220468
220469
220470
220471
220472
220473
220474
220475
220476
220477
220478
220479
220480
220481
220482
220483
220484
220485
220486
220487
220488
220489
220490
220491
221075
221076
221093
221094
221095
221096
221097
221098
221099
221100
221101
221102
221103
221104
221105
221106
221107
221108
221109
221110
221111
221112
221113
221114
221115
221116
221117
221118
221119
221120
221121
221122
221123
221124
221125
221126
221127
221128
221129
221130
221131
221733
221734
221735
221736
221737
221738
221739
221740
221741
221743
221744
221745
221746
221747
221748
221749
221750
221751
221752
221753
221754
221755
221756
221757
221758
221759
221760
221761
221762
221763
221764
221765
221766
221767
221768
221769
221770
221771
221772
222373
222374
222375
222376
222377
222378
222379
222380
222381
222383
222384
222385
222386
222387
222388
222389
222390
222391
222392
222393
222394
222395
222396
222397
222398
222399
222400
222401
222402
222403
222404
222405
222406
222407
222408
222409
222410
222411
223013
223014
223015
223016
223017
223018
223019
223020
223021
223022
223023
223024
223025
223026
223027
223028
223029
223030
223031
223032
223033
223034
223035
223036
223037
223038
223039
223040
223041
223042
223043
223044
223045
223046
223047
223048
223049
223050
223051
223652
223653
223654
223655
223656
223657
223658
223659
223660
223661
223663
223664
223665
223666
223667
223668
223669
223670
223671
223672
223673
223674
223675
223676
223677
223678
223679
223680
223681
223682
223683
223684
223685
223686
223687
223688
223689
223690
223691
223692
224293
224294
224295
224296
224297
224298
224299
224300
224303
224304
224305
224306
224307
224308
224309
224310
224311
224312
224313
224314
224315
224316
224317
224318
224319
224320
224321
224322
224323
224324
224325
224326
224327
224328
224329
224330
224331
224934
224935
224936
224937
224943
224944
224945
224946
224947
224948
224949
224950
224951
224952
224953
224954
224955
224956
224957
224958
224959
224960
224961
224962
224963
224964
224965
224966
224967
224968
224969
224970
224971
224972
225584
225585
225586
225587
225588
225589
225590
225591
225592
225593
225594
225595
225596
225597
225598
225599
225600
225601
225602
225603
225604
225605
225606
225607
225608
225609
225610
226224
226225
226226
226227
226228
226229
226230
226231
226232
226233
226234
226235
226236
226237
226238
226239
226240
226241
226242
226243
226244
226245
226246
226247
226248
226249
226250
226864
226865
226866
226867
226868
226869
226870
226871
226872
226873
226874
226875
226876
226877
226878
226879
226880
226881
226882
226883
226884
226885
226886
226887
226888
226889
226890
227505
227506
227507
227508
227509
227510
227511
227512
227513
227514
227515
227516
227517
227518
227519
227520
227521
227522
227523
227524
227525
227526
227527
227528
227529
228145
228146
228147
228148
228149
228150
228151
228152
228153
228154
228155
228156
228157
228158
228159
228160
228161
228162
228163
228164
228165
228166
228167
228168
228169
228785
228786
228787
228788
228789
228790
228791
228792
228793
228794
228795
228796
228797
228798
228799
228800
228801
228802
228803
228804
228805
228806
228807
228808
228809
229425
229426
229427
229428
229429
229430
229431
229432
229433
229434
229435
229436
229437
229438
229439
229440
229441
229442
229443
229444
229445
229446
229447
229448
229449
230064
230065
230066
230067
230068
230069
230070
230071
230072
230073
230074
230075
230076
230077
230078
230079
230080
230081
230082
230083
230084
230085
230086
230087
230088
230089
230704
230705
230706
230707
230708
230709
230710
230711
230712
230713
230714
230715
230716
230717
230718
230719
230720
230721
230722
230723
230724
231345
231346
231347
231348
231349
231350
231351
231352
231353
231354
231355
231356
231357
231358
231359
231360
231361
231362
231363
231364
231986
231987
231988
231989
231990
231991
231992
231993
231994
231995
231996
231997
231998
231999
232000
232001
232002
232003
232627
232628
232629
232630
232631
232632
232633
232634
232635
232636
232637
232638
232639
232640
232641
232642
232643
233269
233270
233271
233272
233273
233274
233275
233276
233277
233278
233279
233280
233281
233282
233283
233911
233912
233913
233914
233915
233916
233917
233918
233919
233920
233921
233922
234555
234556
234557
234558
234559
234560
