182636
182637
182638
182671
186493
187133
187137
187138
187139
187140
187141
187142
187774
187775
187776
187777
187778
187779
187780
187781
187782
187783
188417
188418
188419
188420
188421
188422
188423
188424
188425
189059
189060
189061
189062
189063
189064
189065
189066
189067
189068
189701
189702
189703
189704
189705
189706
189707
189708
189709
189710
189711
189712
189713
189714
189715
190346
190347
190348
190349
190350
190351
190352
190353
190354
190991
190992
190993
190994
191634
191635
193494
193495
193496
193501
193502
193503
193504
193505
193506
193559
193560
193561
194133
194134
194135
194136
194141
194142
194143
194144
194145
194146
194147
194148
194149
194150
194773
194774
194775
194776
194777
194778
194779
194780
194781
194782
194783
194784
194785
194786
194787
194788
194789
194790
194791
195412
195413
195414
195415
195416
195417
195418
195419
195420
195421
195422
195423
195424
195425
195426
195427
195428
195429
195430
195431
195432
196052
196053
196054
196055
196056
196057
196058
196059
196060
196061
196062
196063
196064
196065
196066
196067
196068
196069
196070
196071
196072
196073
196075
196076
196077
196692
196693
196694
196695
196696
196697
196698
196699
196700
196701
196702
196703
196704
196705
196706
196707
196708
196709
196710
196711
196712
196713
196714
196715
196716
196717
196718
196719
196720
196721
197330
197331
197332
197333
197334
197335
197336
197337
197338
197339
197340
197341
197342
197343
197344
197345
197346
197347
197348
197349
197350
197351
197352
197353
197354
197355
197356
197357
197358
197359
197360
197361
197362
197970
197971
197972
197973
197974
197975
197976
197977
197978
197979
197980
197981
197982
197983
197984
197985
197986
197987
197988
197989
197990
197991
197992
197993
197994
197995
197996
197997
197998
197999
198000
198001
198002
198003
198004
198609
198610
198611
198612
198613
198614
198615
198616
198617
198618
198619
198620
198621
198622
198623
198624
198625
198626
198627
198628
198629
198630
198631
198632
198633
198634
198635
198636
198637
198638
198639
198640
198641
198642
198643
198644
198645
199247
199248
199249
199250
199251
199252
199253
199254
199255
199256
199257
199258
199259
199260
199261
199262
199263
199264
199265
199266
199267
199268
199269
199270
199271
199272
199273
199274
199275
199276
199277
199278
199279
199280
199281
199282
199283
199284
199285
199286
199287
199288
199289
199290
199291
199292
199887
199888
199889
199890
199891
199892
199893
199894
199895
199896
199897
199898
199899
199900
199901
199902
199903
199904
199905
199906
199907
199908
199909
199910
199911
199912
199913
199914
199915
199916
199917
199918
199919
199920
199921
199922
199923
199924
199925
199926
199927
199928
199929
199930
199931
199932
199933
199934
200527
200528
200529
200530
200531
200532
200533
200534
200535
200536
200537
200538
200539
200540
200541
200542
200543
200544
200545
200546
200547
200548
200549
200550
200551
200552
200553
200554
200555
200556
200557
200558
200559
200560
200561
200562
200563
200564
200565
200566
200567
200568
200569
200570
200571
200572
200573
200574
200575
200576
201168
201169
201170
201171
201172
201173
201174
201175
201176
201177
201178
201179
201180
201181
201182
201183
201184
201185
201186
201187
201188
201189
201190
201191
201192
201193
201194
201195
201196
201197
201198
201199
201200
201201
201202
201203
201204
201205
201206
201207
201208
201209
201210
201211
201212
201213
201214
201215
201216
201217
201219
201220
201221
201222
201223
201224
201225
201808
201809
201810
201811
201812
201813
201814
201815
201816
201817
201818
201819
201820
201821
201822
201823
201824
201825
201826
201827
201828
201829
201830
201831
201832
201833
201834
201835
201836
201837
201838
201839
201840
201841
201842
201843
201844
201845
201846
201847
201848
201849
201850
201851
201852
201853
201854
201855
201856
201857
201858
201859
201860
201861
201862
201863
201864
201865
202446
202447
202448
202449
202450
202451
202452
202453
202454
202455
202456
202457
202458
202459
202460
202461
202462
202463
202464
202465
202466
202467
202468
202469
202470
202471
202472
202473
202474
202475
202476
202477
202478
202479
202480
202481
202482
202483
202484
202485
202486
202487
202488
202489
202490
202491
202492
202493
202494
202495
202496
202497
202498
202499
202500
202501
202502
202503
202504
202505
202506
203086
203087
203088
203089
203090
203091
203092
203093
203094
203095
203096
203097
203098
203099
203100
203101
203102
203103
203104
203105
203106
203107
203108
203109
203110
203111
203112
203113
203114
203115
203116
203117
203118
203119
203120
203121
203122
203123
203124
203125
203126
203127
203128
203129
203130
203131
203132
203133
203134
203135
203136
203137
203138
203139
203140
203141
203142
203143
203144
203145
203146
203726
203727
203728
203729
203730
203731
203732
203733
203734
203735
203736
203737
203738
203739
203740
203741
203742
203743
203744
203745
203746
203747
203748
203749
203750
203751
203752
203753
203754
203755
203756
203757
203758
203759
203760
203761
203762
203763
203764
203765
203766
203767
203768
203769
203770
203771
203772
203773
203774
203775
203776
203777
203778
203779
203780
203781
203782
203783
203784
203785
203786
203787
203788
203789
203790
204365
204366
204367
204368
204369
204370
204371
204372
204373
204374
204375
204376
204377
204378
204379
204380
204381
204382
204383
204384
204385
204386
204387
204388
204389
204390
204391
204392
204393
204394
204395
204396
204397
204398
204399
204400
204401
204402
204403
204404
204405
204406
204407
204408
204409
204410
204411
204412
204413
204414
204415
204416
204417
204418
204419
204420
204421
204422
204423
204424
204425
204426
204427
204428
204429
204430
204431
204432
205002
205003
205004
205005
205006
205007
205008
205009
205010
205011
205012
205013
205014
205015
205016
205017
205018
205019
205020
205021
205022
205023
205024
205025
205026
205027
205028
205029
205030
205031
205032
205033
205034
205035
205036
205037
205038
205039
205040
205041
205042
205043
205044
205045
205046
205047
205048
205049
205050
205051
205052
205053
205054
205055
205056
205057
205058
205059
205060
205061
205062
205063
205064
205065
205066
205067
205068
205069
205070
205071
205072
205073
205074
205642
205643
205644
205645
205646
205647
205648
205649
205650
205651
205652
205653
205654
205655
205656
205657
205658
205659
205660
205661
205662
205663
205664
205665
205666
205667
205668
205669
205670
205671
205672
205673
205674
205675
205676
205677
205678
205679
205680
205681
205682
205683
205684
205685
205686
205687
205688
205689
205690
205691
205692
205693
205694
205695
205696
205697
205698
205699
205700
205701
205702
205703
205704
205705
205706
205707
205708
205709
205710
205711
205712
205713
205714
205715
205716
205717
206282
206283
206284
206285
206286
206287
206288
206289
206290
206291
206292
206293
206294
206295
206296
206297
206298
206299
206300
206301
206302
206303
206304
206305
206306
206307
206308
206309
206310
206311
206312
206313
206314
206315
206316
206317
206318
206319
206320
206321
206322
206323
206324
206325
206326
206327
206328
206329
206330
206331
206332
206333
206334
206335
206336
206337
206338
206339
206340
206341
206342
206343
206344
206345
206346
206347
206348
206349
206350
206351
206352
206353
206354
206355
206356
206357
206358
206359
206360
206923
206924
206925
206926
206927
206928
206929
206930
206931
206932
206933
206934
206935
206936
206937
206938
206939
206940
206941
206942
206943
206944
206945
206946
206947
206948
206949
206950
206951
206952
206953
206954
206955
206956
206957
206958
206959
206960
206961
206962
206963
206964
206965
206966
206967
206968
206969
206970
206971
206972
206973
206974
206975
206976
206977
206978
206979
206980
206981
206982
206983
206984
206985
206986
206987
206988
206989
206990
206991
206992
206993
206994
206995
206996
206997
206998
206999
207000
207001
207002
207563
207564
207565
207566
207567
207568
207569
207570
207571
207572
207573
207574
207575
207576
207577
207578
207579
207580
207581
207582
207583
207584
207585
207586
207587
207588
207589
207590
207591
207592
207593
207594
207595
207596
207597
207598
207599
207600
207601
207602
207603
207604
207605
207606
207607
207608
207609
207610
207611
207612
207613
207614
207615
207616
207617
207618
207619
207620
207621
207622
207623
207624
207625
207626
207627
207628
207629
207630
207631
207632
207633
207634
207635
207636
207637
207638
207639
207640
207641
207642
207643
207644
208205
208206
208207
208208
208209
208210
208211
208212
208213
208214
208215
208216
208217
208218
208219
208220
208221
208222
208223
208224
208225
208226
208227
208228
208229
208230
208231
208232
208233
208234
208235
208236
208237
208238
208239
208240
208241
208242
208243
208244
208245
208246
208247
208248
208249
208250
208251
208252
208253
208254
208255
208256
208257
208258
208259
208260
208261
208262
208263
208264
208265
208266
208267
208268
208269
208270
208271
208272
208273
208274
208275
208276
208277
208278
208279
208280
208281
208282
208283
208284
208285
208286
208287
208288
208289
208290
208291
208845
208846
208847
208848
208849
208850
208851
208852
208853
208854
208855
208856
208857
208858
208859
208860
208861
208862
208863
208864
208865
208866
208867
208868
208869
208870
208871
208872
208873
208874
208875
208876
208877
208878
208879
208880
208881
208882
208883
208884
208885
208886
208887
208888
208889
208890
208891
208892
208893
208894
208895
208896
208897
208898
208899
208900
208901
208902
208903
208904
208905
208906
208907
208908
208909
208910
208911
208912
208913
208914
208915
208916
208917
208918
208919
208920
208921
208922
208923
208924
208925
208926
208927
208928
208929
208930
208931
209485
209486
209487
209488
209489
209490
209491
209492
209493
209494
209495
209496
209497
209498
209499
209500
209501
209502
209503
209504
209505
209506
209507
209508
209509
209510
209511
209512
209513
209514
209515
209516
209517
209518
209519
209520
209521
209522
209523
209524
209525
209526
209527
209528
209529
209530
209531
209532
209533
209534
209535
209536
209537
209538
209539
209540
209541
209542
209543
209544
209545
209546
209547
209548
209549
209550
209551
209552
209553
209554
209555
209556
209557
209558
209559
209560
209561
209562
209563
209564
209565
209566
209567
209568
209569
209570
209571
209572
209573
210127
210128
210129
210130
210131
210132
210133
210134
210135
210136
210137
210138
210139
210140
210141
210142
210143
210144
210145
210146
210147
210148
210149
210150
210151
210152
210153
210154
210155
210156
210157
210158
210159
210160
210161
210162
210163
210164
210165
210166
210167
210168
210169
210170
210171
210172
210173
210174
210175
210176
210177
210178
210179
210180
210181
210182
210183
210184
210185
210186
210187
210188
210189
210190
210191
210192
210193
210194
210195
210196
210197
210198
210199
210200
210201
210202
210203
210204
210205
210206
210207
210208
210209
210210
210211
210212
210213
210214
210215
210216
210217
210218
210219
210766
210767
210768
210769
210770
210771
210772
210773
210774
210775
210776
210777
210778
210779
210780
210781
210782
210783
210784
210785
210786
210787
210788
210789
210790
210791
210792
210793
210794
210795
210796
210797
210798
210799
210800
210801
210802
210803
210804
210805
210806
210807
210808
210809
210810
210811
210812
210813
210814
210815
210816
210817
210818
210819
210820
210821
210822
210823
210824
210825
210826
210827
210828
210829
210830
210831
210832
210833
210834
210835
210836
210837
210838
210839
210840
210841
210842
210843
210844
210845
210846
210847
210848
210849
210850
210851
210852
210853
210854
210855
210856
210857
210858
210859
210860
211407
211408
211409
211410
211411
211412
211413
211414
211415
211416
211417
211418
211419
211420
211421
211422
211423
211424
211425
211426
211427
211428
211429
211430
211431
211432
211433
211434
211435
211436
211437
211438
211439
211440
211441
211442
211443
211444
211445
211446
211447
211448
211449
211450
211451
211452
211453
211454
211455
211456
211457
211458
211459
211460
211461
211462
211463
211464
211465
211466
211467
211468
211469
211470
211471
211472
211473
211474
211475
211476
211477
211478
211479
211480
211481
211482
211483
211484
211485
211486
211487
211488
211489
211490
211491
211492
211493
211494
211495
211496
211497
211498
211499
211500
211501
211502
212047
212048
212049
212050
212051
212052
212053
212054
212055
212056
212057
212058
212059
212060
212061
212062
212063
212064
212065
212066
212067
212068
212069
212070
212071
212072
212073
212074
212075
212076
212077
212078
212079
212080
212081
212082
212083
212084
212085
212086
212087
212088
212089
212090
212091
212092
212093
212094
212095
212096
212097
212098
212099
212100
212101
212102
212103
212104
212105
212106
212107
212108
212109
212110
212111
212112
212113
212114
212115
212116
212117
212118
212119
212120
212121
212122
212123
212124
212125
212126
212127
212128
212129
212130
212131
212132
212133
212134
212135
212136
212137
212138
212139
212140
212141
212142
212143
212144
212686
212687
212688
212689
212690
212691
212692
212693
212694
212695
212696
212697
212698
212699
212700
212701
212702
212703
212704
212705
212706
212707
212708
212709
212710
212711
212712
212713
212714
212715
212716
212717
212718
212719
212720
212721
212722
212723
212724
212725
212726
212727
212728
212729
212730
212731
212732
212733
212734
212735
212736
212737
212738
212739
212740
212741
212742
212743
212744
212745
212746
212747
212748
212749
212750
212751
212752
212753
212754
212755
212756
212757
212758
212759
212760
212761
212762
212763
212764
212765
212766
212767
212768
212769
212770
212771
212772
212773
212774
212775
212776
212777
212778
212779
212780
212781
212782
212783
212784
212785
212786
212787
212788
212789
212790
212791
212792
213327
213328
213329
213330
213331
213332
213333
213334
213335
213336
213337
213338
213339
213340
213341
213342
213343
213344
213345
213346
213347
213348
213349
213350
213351
213352
213353
213354
213355
213356
213357
213358
213359
213360
213361
213362
213363
213364
213365
213366
213367
213368
213369
213370
213371
213372
213373
213374
213375
213376
213377
213378
213379
213380
213381
213382
213383
213384
213385
213386
213387
213388
213389
213390
213391
213392
213393
213394
213395
213396
213397
213398
213399
213400
213401
213402
213403
213404
213405
213406
213407
213408
213409
213410
213411
213412
213413
213414
213415
213416
213417
213418
213419
213420
213421
213422
213423
213424
213425
213426
213427
213428
213429
213430
213431
213432
213433
213966
213967
213968
213969
213970
213971
213972
213973
213974
213975
213976
213977
213978
213979
213980
213981
213982
213983
213984
213985
213986
213987
213988
213989
213990
213991
213992
213993
213994
213995
213996
213997
213998
213999
214000
214001
214002
214003
214004
214005
214006
214007
214008
214009
214010
214011
214012
214013
214014
214015
214016
214017
214018
214019
214020
214021
214022
214023
214024
214025
214026
214027
214028
214029
214030
214031
214032
214033
214034
214035
214036
214037
214038
214039
214040
214041
214042
214043
214044
214045
214046
214047
214048
214049
214050
214051
214052
214053
214054
214055
214056
214057
214058
214059
214060
214061
214062
214063
214064
214065
214066
214067
214068
214069
214070
214071
214072
214073
214607
214608
214609
214610
214611
214612
214613
214614
214615
214616
214617
214618
214619
214620
214621
214622
214623
214624
214625
214626
214627
214628
214629
214630
214631
214632
214633
214634
214635
214636
214637
214638
214639
214640
214641
214642
214643
214644
214645
214646
214647
214648
214649
214650
214651
214652
214653
214654
214655
214656
214657
214658
214659
214660
214661
214662
214663
214664
214665
214666
214667
214668
214669
214670
214671
214672
214673
214674
214675
214676
214677
214678
214679
214680
214681
214682
214683
214684
214685
214686
214687
214688
214689
214690
214691
214692
214693
214694
214695
214696
214697
214698
214699
214700
214701
214702
214703
214704
214705
214706
214707
214708
214709
214710
214711
214712
214713
214714
214715
214716
214717
214718
215247
215248
215249
215250
215251
215252
215253
215254
215255
215256
215257
215258
215259
215260
215261
215262
215263
215264
215265
215266
215267
215268
215269
215270
215271
215272
215273
215274
215275
215276
215277
215278
215279
215280
215281
215282
215283
215284
215285
215286
215287
215288
215289
215290
215291
215292
215293
215294
215295
215296
215297
215298
215299
215300
215301
215302
215303
215304
215305
215306
215307
215308
215309
215310
215311
215312
215313
215314
215315
215316
215317
215318
215319
215320
215321
215322
215323
215324
215325
215326
215327
215328
215329
215330
215331
215332
215333
215334
215335
215336
215337
215338
215339
215340
215341
215342
215343
215344
215345
215346
215347
215348
215349
215350
215351
215352
215353
215354
215355
215356
215357
215358
215359
215360
215361
215887
215888
215889
215890
215891
215892
215893
215894
215895
215896
215897
215898
215899
215900
215901
215902
215903
215904
215905
215906
215907
215908
215909
215910
215911
215912
215913
215914
215915
215916
215917
215918
215919
215920
215921
215922
215923
215924
215925
215926
215927
215928
215929
215930
215931
215932
215933
215934
215935
215936
215937
215938
215939
215940
215941
215942
215943
215944
215945
215946
215947
215948
215949
215950
215951
215952
215953
215954
215955
215956
215957
215958
215959
215960
215961
215962
215963
215964
215965
215966
215967
215968
215969
215970
215971
215972
215973
215974
215975
215976
215977
215978
215979
215980
215981
215982
215983
215984
215985
215986
215987
215988
215989
215990
215991
215992
215993
215994
215995
215996
215997
215998
215999
216000
216001
216002
216527
216528
216529
216530
216531
216532
216533
216534
216535
216536
216537
216538
216539
216540
216541
216542
216543
216544
216545
216546
216547
216548
216549
216550
216551
216552
216553
216554
216555
216556
216557
216558
216559
216560
216561
216562
216563
216564
216565
216566
216567
216568
216569
216570
216571
216572
216573
216574
216575
216576
216577
216578
216579
216580
216581
216582
216583
216584
216585
216586
216587
216588
216589
216590
216591
216592
216593
216594
216595
216596
216597
216598
216599
216600
216601
216602
216603
216604
216605
216606
216607
216608
216609
216610
216611
216612
216613
216614
216615
216616
216617
216618
216619
216620
216621
216622
216623
216624
216625
216626
216627
216628
216629
216630
216631
216632
216633
216634
216635
216636
216637
216638
216639
216640
216641
216642
216643
216644
217167
217168
217169
217170
217171
217172
217173
217174
217175
217176
217177
217178
217179
217180
217181
217182
217183
217184
217185
217186
217187
217188
217189
217190
217191
217192
217193
217194
217195
217196
217197
217198
217199
217200
217201
217202
217203
217204
217205
217206
217207
217208
217209
217210
217211
217212
217213
217214
217215
217216
217217
217218
217219
217220
217221
217222
217223
217224
217225
217226
217227
217228
217229
217230
217231
217232
217233
217234
217235
217236
217237
217238
217239
217240
217241
217242
217243
217244
217245
217246
217247
217248
217249
217250
217251
217252
217253
217254
217255
217256
217257
217258
217259
217260
217261
217262
217263
217264
217265
217266
217267
217268
217269
217270
217271
217272
217273
217274
217275
217276
217277
217278
217279
217280
217281
217282
217283
217284
217808
217809
217810
217811
217812
217813
217814
217815
217816
217817
217818
217819
217820
217821
217822
217823
217824
217825
217826
217827
217828
217829
217830
217831
217832
217833
217834
217835
217836
217837
217838
217839
217840
217841
217842
217843
217844
217845
217846
217847
217848
217849
217850
217851
217852
217853
217854
217855
217856
217857
217858
217859
217860
217861
217862
217863
217864
217865
217866
217867
217868
217869
217870
217871
217872
217873
217874
217875
217876
217877
217878
217879
217880
217881
217882
217883
217884
217885
217886
217887
217888
217889
217890
217891
217892
217893
217894
217895
217896
217897
217898
217899
217900
217901
217902
217903
217904
217905
217906
217907
217908
217909
217910
217911
217912
217913
217914
217915
217916
217917
217918
217919
217920
217921
217922
217923
217924
218448
218449
218450
218451
218452
218453
218454
218455
218456
218457
218458
218459
218460
218461
218462
218463
218464
218465
218466
218467
218468
218469
218470
218471
218472
218473
218474
218475
218476
218477
218478
218479
218480
218481
218482
218483
218484
218485
218486
218487
218488
218489
218490
218491
218492
218493
218494
218495
218496
218497
218498
218499
218500
218501
218502
218503
218504
218505
218506
218507
218508
218509
218510
218511
218512
218513
218514
218515
218516
218517
218518
218519
218520
218521
218522
218523
218524
218525
218526
218527
218528
218529
218530
218531
218532
218533
218534
218535
218536
218537
218538
218539
218540
218541
218542
218543
218544
218545
218546
218547
218548
218549
218550
218551
218552
218553
218554
218555
218556
218557
218558
218559
218560
218561
218562
218563
218564
218565
219090
219091
219092
219093
219094
219095
219096
219097
219098
219099
219100
219101
219102
219103
219104
219105
219106
219107
219108
219109
219110
219111
219112
219113
219114
219115
219116
219117
219118
219119
219120
219121
219122
219123
219124
219125
219126
219127
219128
219129
219130
219131
219132
219133
219134
219135
219136
219137
219138
219139
219140
219141
219142
219143
219144
219145
219146
219147
219148
219149
219150
219151
219152
219153
219154
219155
219156
219157
219158
219159
219160
219161
219162
219163
219164
219165
219166
219167
219168
219169
219170
219171
219172
219173
219174
219175
219176
219177
219178
219179
219180
219181
219182
219183
219184
219185
219186
219187
219188
219189
219190
219191
219192
219193
219194
219195
219196
219197
219198
219199
219200
219201
219202
219730
219731
219732
219733
219734
219735
219736
219737
219738
219739
219740
219741
219742
219743
219744
219745
219746
219747
219748
219749
219750
219751
219752
219753
219754
219755
219756
219757
219758
219759
219760
219761
219762
219763
219764
219765
219766
219767
219768
219769
219770
219771
219772
219773
219774
219775
219776
219777
219778
219779
219780
219781
219782
219783
219784
219785
219786
219787
219788
219789
219790
219791
219792
219793
219794
219795
219796
219797
219798
219799
219800
219801
219802
219803
219804
219805
219806
219807
219808
219809
219810
219811
219812
219813
219814
219815
219816
219817
219818
219819
219820
219821
219822
219823
219824
219825
219826
219827
219828
219829
219830
219831
219832
219833
219834
219835
219836
219837
219838
219839
219840
219841
219842
220370
220371
220372
220373
220374
220375
220376
220377
220378
220379
220380
220381
220382
220383
220384
220385
220386
220387
220388
220389
220390
220391
220392
220393
220394
220395
220396
220397
220398
220399
220400
220401
220402
220403
220404
220405
220406
220407
220408
220409
220410
220411
220412
220413
220414
220415
220416
220417
220418
220419
220420
220421
220422
220423
220424
220425
220426
220427
220428
220429
220430
220431
220432
220433
220434
220435
220436
220437
220438
220439
220440
220441
220442
220443
220444
220445
220446
220447
220448
220449
220450
220451
220452
220453
220454
220455
220456
220457
220458
220459
220460
220461
220462
220463
220464
220465
220466
220467
220468
220469
220470
220471
220472
220473
220474
220475
220476
220477
220478
220479
220480
220481
220482
221010
221011
221012
221013
221014
221015
221016
221017
221018
221019
221020
221021
221022
221023
221024
221025
221026
221027
221028
221029
221030
221031
221032
221033
221034
221035
221036
221037
221038
221039
221040
221041
221042
221043
221044
221045
221046
221047
221048
221049
221050
221051
221052
221053
221054
221055
221056
221057
221058
221059
221060
221061
221062
221063
221064
221065
221066
221067
221068
221069
221070
221071
221072
221073
221074
221075
221076
221077
221078
221079
221080
221081
221082
221083
221084
221085
221086
221087
221088
221089
221090
221091
221092
221093
221094
221095
221096
221097
221098
221099
221100
221101
221102
221103
221104
221105
221106
221107
221108
221109
221110
221111
221112
221113
221114
221115
221116
221117
221118
221119
221120
221121
221122
221651
221652
221653
221654
221655
221656
221657
221658
221659
221660
221661
221662
221663
221664
221665
221666
221667
221668
221669
221670
221671
221672
221673
221674
221675
221676
221677
221678
221679
221680
221681
221682
221683
221684
221685
221686
221687
221688
221689
221690
221691
221692
221693
221694
221695
221696
221697
221698
221699
221700
221701
221702
221703
221704
221705
221706
221707
221708
221709
221710
221711
221712
221713
221714
221715
221716
221717
221718
221719
221720
221721
221722
221723
221724
221725
221726
221727
221728
221729
221730
221731
221732
221733
221734
221735
221736
221737
221738
221739
221740
221741
221742
221743
221744
221745
221746
221747
221748
221749
221750
221751
221752
221753
221754
221755
221756
221757
221758
221759
221760
221761
222291
222292
222293
222294
222295
222296
222297
222298
222299
222300
222301
222302
222303
222304
222305
222306
222307
222308
222309
222310
222311
222312
222313
222314
222315
222316
222317
222318
222319
222320
222321
222322
222323
222324
222325
222326
222327
222328
222329
222330
222331
222332
222333
222334
222335
222336
222337
222338
222339
222340
222341
222342
222343
222344
222345
222346
222347
222348
222349
222350
222351
222352
222353
222354
222355
222356
222357
222358
222359
222360
222361
222362
222363
222364
222365
222366
222367
222368
222369
222370
222371
222372
222373
222374
222375
222376
222377
222378
222379
222380
222381
222382
222383
222384
222385
222386
222387
222388
222389
222390
222391
222392
222393
222394
222395
222396
222397
222398
222399
222400
222401
222933
222934
222935
222936
222937
222938
222939
222940
222941
222942
222943
222944
222945
222946
222947
222948
222949
222950
222951
222952
222953
222954
222955
222956
222957
222958
222959
222960
222961
222962
222963
222964
222965
222966
222967
222968
222969
222970
222971
222972
222973
222974
222975
222976
222977
222978
222979
222980
222981
222982
222983
222984
222985
222986
222987
222988
222989
222990
222991
222992
222993
222994
222995
222996
222997
222998
222999
223000
223001
223002
223003
223004
223005
223006
223007
223008
223009
223010
223011
223012
223013
223014
223015
223016
223017
223018
223019
223020
223021
223022
223023
223024
223025
223026
223027
223028
223029
223030
223031
223032
223033
223034
223035
223036
223037
223038
223039
223040
223041
223042
223575
223576
223577
223578
223579
223580
223581
223582
223583
223584
223585
223586
223587
223588
223589
223590
223591
223592
223593
223594
223595
223596
223597
223598
223599
223600
223601
223602
223603
223604
223605
223606
223607
223608
223609
223610
223611
223612
223613
223614
223615
223616
223617
223618
223619
223620
223621
223622
223623
223624
223625
223626
223627
223628
223629
223630
223631
223632
223633
223634
223635
223636
223637
223638
223639
223640
223641
223642
223643
223644
223645
223646
223647
223648
223649
223650
223651
223652
223653
223654
223655
223656
223657
223658
223659
223660
223661
223662
223663
223664
223665
223666
223667
223668
223669
223670
223671
223672
223673
223674
223675
223676
223677
223678
223679
223680
223681
223682
224217
224218
224219
224220
224221
224222
224223
224224
224225
224226
224227
224228
224229
224230
224231
224232
224233
224234
224235
224236
224237
224238
224239
224240
224241
224242
224243
224244
224245
224246
224247
224248
224249
224250
224251
224252
224253
224254
224255
224256
224257
224258
224259
224260
224261
224262
224263
224264
224265
224266
224267
224268
224269
224270
224271
224272
224273
224274
224275
224276
224277
224278
224279
224280
224281
224282
224283
224284
224285
224286
224287
224288
224289
224290
224291
224292
224293
224294
224295
224296
224297
224298
224299
224300
224301
224302
224303
224304
224305
224306
224307
224308
224309
224310
224311
224312
224313
224314
224315
224316
224317
224318
224319
224320
224321
224322
224323
224860
224861
224862
224863
224864
224865
224866
224867
224868
224869
224870
224871
224872
224873
224874
224875
224876
224877
224878
224879
224880
224881
224882
224883
224884
224885
224886
224887
224888
224889
224890
224891
224892
224893
224894
224895
224896
224897
224898
224899
224900
224901
224902
224903
224904
224905
224906
224907
224908
224909
224910
224911
224912
224913
224914
224915
224916
224917
224918
224919
224920
224921
224922
224923
224924
224925
224926
224927
224928
224929
224930
224931
224932
224933
224934
224935
224936
224937
224938
224939
224940
224941
224942
224943
224944
224945
224946
224947
224948
224949
224950
224951
224952
224953
224954
224955
224956
224957
224958
224959
224960
224961
224962
224963
224964
224965
225502
225503
225504
225505
225506
225507
225508
225509
225510
225511
225512
225513
225514
225515
225516
225517
225518
225519
225520
225521
225522
225523
225524
225525
225526
225527
225528
225529
225530
225531
225532
225533
225534
225535
225536
225537
225538
225539
225540
225541
225542
225543
225544
225545
225546
225547
225548
225549
225550
225551
225552
225553
225554
225555
225556
225557
225558
225559
225560
225561
225562
225563
225564
225565
225566
225567
225568
225569
225570
225571
225572
225573
225574
225575
225576
225577
225578
225579
225580
225581
225582
225583
225584
225585
225586
225587
225588
225589
225590
225591
225592
225593
225594
225595
225596
225597
225598
225599
225600
225601
225602
225603
225604
225605
226145
226146
226147
226148
226149
226150
226151
226152
226153
226154
226155
226156
226157
226158
226159
226160
226161
226162
226163
226164
226165
226166
226167
226168
226169
226170
226171
226172
226173
226174
226175
226176
226177
226178
226179
226180
226181
226182
226183
226184
226185
226186
226187
226188
226189
226190
226191
226192
226193
226194
226195
226196
226197
226198
226199
226200
226201
226202
226203
226204
226205
226206
226207
226208
226209
226210
226211
226212
226213
226214
226215
226216
226217
226218
226219
226220
226221
226222
226223
226224
226225
226226
226227
226228
226229
226230
226231
226232
226233
226234
226235
226236
226237
226238
226239
226240
226241
226242
226243
226244
226787
226788
226789
226790
226791
226792
226793
226794
226795
226796
226797
226798
226799
226800
226801
226802
226803
226804
226805
226806
226807
226808
226809
226810
226811
226812
226813
226814
226815
226816
226817
226818
226819
226820
226821
226822
226823
226824
226825
226826
226827
226828
226829
226830
226831
226832
226833
226834
226835
226836
226837
226838
226839
226840
226841
226842
226843
226844
226845
226846
226847
226848
226849
226850
226851
226852
226853
226854
226855
226856
226857
226858
226859
226860
226861
226862
226863
226864
226865
226866
226867
226868
226869
226870
226871
226872
226873
226874
226875
226876
226877
226878
226879
226880
226881
226882
226883
226884
226885
227430
227431
227432
227433
227434
227435
227436
227437
227438
227439
227440
227441
227442
227443
227444
227445
227446
227447
227448
227449
227450
227451
227452
227453
227454
227455
227456
227457
227458
227459
227460
227461
227462
227463
227464
227465
227466
227467
227468
227469
227470
227471
227472
227473
227474
227475
227476
227477
227478
227479
227480
227481
227482
227483
227484
227485
227486
227487
227488
227489
227490
227491
227492
227493
227494
227495
227496
227497
227498
227499
227500
227501
227502
227503
227504
227505
227506
227507
227508
227509
227510
227511
227512
227513
227514
227515
227516
227517
227518
227519
227520
227521
227522
227523
228073
228074
228075
228076
228077
228078
228079
228080
228081
228082
228083
228084
228085
228086
228087
228088
228089
228090
228091
228092
228093
228094
228095
228096
228097
228098
228099
228100
228101
228102
228103
228104
228105
228106
228107
228108
228109
228110
228111
228112
228113
228114
228115
228116
228117
228118
228119
228120
228121
228122
228123
228124
228125
228126
228127
228128
228129
228130
228131
228132
228133
228134
228135
228136
228137
228138
228139
228140
228141
228142
228143
228144
228145
228146
228147
228148
228149
228150
228151
228152
228153
228154
228155
228156
228157
228158
228159
228160
228161
228162
228715
228716
228717
228718
228719
228720
228721
228722
228723
228724
228725
228726
228727
228728
228729
228730
228731
228732
228733
228734
228735
228736
228737
228738
228739
228740
228741
228742
228743
228744
228745
228746
228747
228748
228749
228750
228751
228752
228753
228754
228755
228756
228757
228758
228759
228760
228761
228762
228763
228764
228765
228766
228767
228768
228769
228770
228771
228772
228773
228774
228775
228776
228777
228778
228779
228780
228781
228782
228783
228784
228785
228786
228787
228788
228789
228790
228791
228792
228793
228794
228795
228796
228797
228798
228799
228800
228801
228802
228803
228804
229357
229358
229359
229360
229361
229362
229363
229364
229365
229366
229367
229368
229369
229370
229371
229372
229373
229374
229375
229376
229377
229378
229379
229380
229381
229382
229383
229384
229385
229386
229387
229388
229389
229390
229391
229392
229393
229394
229395
229396
229397
229398
229399
229400
229401
229402
229403
229404
229405
229406
229407
229408
229409
229410
229411
229412
229413
229414
229415
229416
229417
229418
229419
229420
229421
229422
229423
229424
229425
229426
229427
229428
229429
229430
229431
229432
229433
229434
229435
229436
229437
229438
229439
229440
229441
229442
229443
229444
230000
230001
230002
230003
230004
230005
230006
230007
230008
230009
230010
230011
230012
230013
230014
230015
230016
230017
230018
230019
230020
230021
230022
230023
230024
230025
230026
230027
230028
230029
230030
230031
230032
230033
230034
230035
230036
230037
230038
230039
230040
230041
230042
230043
230044
230045
230046
230047
230048
230049
230050
230051
230052
230053
230054
230055
230056
230057
230058
230059
230060
230061
230062
230063
230064
230065
230066
230067
230068
230069
230070
230071
230072
230073
230074
230075
230076
230077
230078
230079
230080
230081
230082
230083
230084
230085
230641
230642
230643
230644
230645
230646
230647
230648
230649
230650
230651
230652
230653
230654
230655
230656
230657
230658
230659
230660
230661
230662
230663
230664
230665
230666
230667
230668
230669
230670
230671
230672
230673
230674
230675
230676
230677
230678
230679
230680
230681
230682
230683
230684
230685
230686
230687
230688
230689
230690
230691
230692
230693
230694
230695
230696
230697
230698
230699
230700
230701
230702
230703
230704
230705
230706
230707
230708
230709
230710
230711
230712
230713
230714
230715
230716
230717
230718
230719
230720
230721
230722
230723
230724
230725
231284
231285
231286
231287
231288
231289
231290
231291
231292
231293
231294
231295
231296
231297
231298
231299
231300
231301
231302
231303
231304
231305
231306
231307
231308
231309
231310
231311
231312
231313
231314
231315
231316
231317
231318
231319
231320
231321
231322
231323
231324
231325
231326
231327
231328
231329
231330
231331
231332
231333
231334
231335
231336
231337
231338
231339
231340
231341
231342
231343
231344
231345
231346
231347
231348
231349
231350
231351
231352
231353
231354
231355
231356
231357
231358
231359
231360
231361
231362
231363
231364
231365
231926
231927
231928
231929
231930
231931
231932
231933
231934
231935
231936
231937
231938
231939
231940
231941
231942
231943
231944
231945
231946
231947
231948
231949
231950
231951
231952
231953
231954
231955
231956
231957
231958
231959
231960
231961
231962
231963
231964
231965
231966
231967
231968
231969
231970
231971
231972
231973
231974
231975
231976
231977
231978
231979
231980
231981
231982
231983
231984
231985
231986
231987
231988
231989
231990
231991
231992
231993
231994
231995
231996
231997
231998
231999
232000
232001
232002
232003
232004
232570
232571
232572
232573
232574
232575
232576
232577
232578
232579
232580
232581
232582
232583
232584
232585
232586
232587
232588
232589
232590
232591
232592
232593
232594
232595
232596
232597
232598
232599
232600
232601
232602
232603
232604
232605
232606
232607
232608
232609
232610
232611
232612
232613
232614
232615
232616
232617
232618
232619
232620
232621
232622
232623
232624
232625
232626
232627
232628
232629
232630
232631
232632
232633
232634
232635
232636
232637
232638
232639
232640
232641
232642
232643
232644
233212
233213
233214
233215
233216
233217
233218
233219
233220
233221
233222
233223
233224
233225
233226
233227
233228
233229
233230
233231
233232
233233
233234
233235
233236
233237
233238
233239
233240
233241
233242
233243
233244
233245
233246
233247
233248
233249
233250
233251
233252
233253
233254
233255
233256
233257
233258
233259
233260
233261
233262
233263
233264
233265
233266
233267
233268
233269
233270
233271
233272
233273
233274
233275
233276
233277
233278
233279
233280
233281
233282
233283
233854
233855
233856
233857
233858
233859
233860
233861
233862
233863
233864
233865
233866
233867
233868
233869
233870
233871
233872
233873
233874
233875
233876
233877
233878
233879
233880
233881
233882
233883
233884
233885
233886
233887
233888
233889
233890
233891
233892
233893
233894
233895
233896
233897
233898
233899
233900
233901
233902
233903
233904
233905
233906
233907
233908
233909
233910
233911
233912
233913
233914
233915
233916
233917
233918
233919
233920
233921
233922
233923
234497
234498
234499
234500
234501
234502
234503
234504
234505
234506
234507
234508
234509
234510
234511
234512
234513
234514
234515
234516
234517
234518
234519
234520
234521
234522
234523
234524
234525
234526
234527
234528
234529
234530
234531
234532
234533
234534
234535
234536
234537
234538
234539
234540
234541
234542
234543
234544
234545
234546
234547
234548
234549
234550
234551
234552
234553
234554
234555
234556
234557
234558
234559
234560
234561
234562
235140
235141
235142
235143
235144
235145
235146
235147
235148
235149
235150
235151
235152
235153
235154
235155
235156
235157
235158
235159
235160
235161
235162
235163
235164
235165
235166
235167
235168
235169
235170
235171
235172
235173
235174
235175
235176
235177
235178
235179
235180
235181
235182
235183
235184
235185
235186
235187
235188
235189
235190
235191
235192
235193
235194
235195
235196
235197
235198
235199
235200
235201
235202
235782
235783
235784
235785
235786
235787
235788
235789
235790
235791
235792
235793
235794
235795
235796
235797
235798
235799
235800
235801
235802
235803
235804
235805
235806
235807
235808
235809
235810
235811
235812
235813
235814
235815
235816
235817
235818
235819
235820
235821
235822
235823
235824
235825
235826
235827
235828
235829
235830
235831
235832
235833
235834
235835
235836
235837
235838
235839
235840
235841
235842
236425
236426
236427
236428
236429
236430
236431
236432
236433
236434
236435
236436
236437
236438
236439
236440
236441
236442
236443
236444
236445
236446
236447
236448
236449
236450
236451
236452
236453
236454
236455
236456
236457
236458
236459
236460
236461
236462
236463
236464
236465
236466
236467
236468
236469
236470
236471
236472
236473
236474
236475
236476
236477
236478
236479
236480
236481
236482
237068
237069
237070
237071
237072
237073
237074
237075
237076
237077
237078
237079
237080
237081
237082
237083
237084
237085
237086
237087
237088
237089
237090
237091
237092
237093
237094
237095
237096
237097
237098
237099
237100
237101
237102
237103
237104
237105
237106
237107
237108
237109
237110
237111
237112
237113
237114
237115
237116
237117
237118
237119
237120
237123
237711
237712
237713
237714
237715
237716
237717
237718
237719
237720
237721
237722
237723
237724
237725
237726
237727
237728
237729
237730
237731
237732
237733
237734
237735
237736
237737
237738
237739
237740
237741
237742
237743
237744
237745
237746
237747
237748
237749
237750
237751
237752
237753
237754
237755
237756
237757
237758
237759
238354
238355
238356
238357
238358
238359
238360
238361
238362
238363
238364
238365
238366
238367
238368
238369
238370
238371
238372
238373
238374
238375
238376
238377
238378
238379
238380
238381
238382
238383
238384
238385
238386
238387
238388
238389
238390
238391
238392
238393
238394
238395
238396
238397
238398
238399
238997
238998
238999
239000
239001
239002
239003
239004
239005
239006
239007
239008
239009
239010
239011
239012
239013
239014
239015
239016
239017
239018
239019
239020
239021
239022
239023
239024
239025
239026
239027
239028
239029
239030
239031
239032
239033
239034
239035
239036
239037
239038
239039
239639
239640
239641
239642
239643
239644
239645
239646
239647
239648
239649
239650
239651
239652
239653
239654
239655
239656
239657
239658
239659
239660
239661
239662
239663
239664
239665
239666
239667
239668
239669
239670
239671
239672
239673
239674
239675
239676
239677
239678
240281
240282
240283
240284
240285
240286
240287
240288
240289
240290
240291
240292
240293
240294
240295
240296
240297
240298
240299
240300
240301
240302
240303
240304
240305
240306
240307
240308
240309
240310
240311
240312
240313
240314
240315
240316
240317
240318
240924
240925
240926
240927
240928
240929
240930
240931
240932
240933
240934
240935
240936
240937
240938
240939
240940
240941
240942
240943
240944
240945
240946
240947
240948
240949
240950
240951
240952
240953
240954
240955
240956
240957
240958
240959
240960
241566
241567
241568
241569
241570
241571
241572
241573
241574
241575
241576
241577
241578
241579
241580
241581
241582
241583
241584
241585
241586
241587
241588
241589
241590
241591
241592
241593
241594
241595
241596
241597
241598
241599
241600
242209
242210
242211
242212
242213
242214
242215
242216
242217
242218
242219
242220
242221
242222
242223
242224
242225
242226
242227
242228
242229
242230
242231
242232
242233
242234
242235
242236
242237
242238
242239
242240
242241
242851
242852
242853
242854
242855
242856
242857
242858
242859
242860
242861
242862
242863
242864
242865
242866
242867
242868
242869
242870
242871
242872
242873
242874
242875
242876
242877
242878
242879
242880
242881
243494
243495
243496
243497
243498
243499
243500
243501
243502
243503
243504
243505
243506
243507
243508
243509
243510
243511
243512
243513
243514
243515
243516
243517
243518
243519
243520
244138
244139
244140
244141
244142
244143
244144
244145
244146
244147
244148
244149
244150
244151
244152
244153
244154
244155
244156
244157
244158
244159
244781
244782
244783
244784
244785
244786
244787
244788
244789
244790
244791
244792
244793
244794
244795
244796
244797
244798
244799
244800
245423
245424
245425
245426
245427
245428
245429
245430
245431
245432
245433
245434
245435
245436
245437
245438
246066
246067
246068
246069
246070
246071
246072
246073
246074
246075
246076
246709
246710
246711
246712
246713
246714
246715
