101411
101412
101413
101414
101432
101433
101434
101435
101436
102051
102052
102053
102054
102055
102056
102057
102069
102070
102071
102073
102074
102075
102076
102077
102078
102690
102691
102692
102693
102694
102695
102696
102697
102698
102706
102707
102708
102709
102710
102711
102712
102713
102714
102715
102716
102717
102718
102719
102720
102721
102722
103330
103331
103332
103333
103334
103335
103336
103337
103338
103346
103347
103348
103349
103350
103351
103352
103353
103354
103355
103356
103357
103358
103359
103360
103361
103362
103969
103970
103971
103972
103973
103974
103975
103976
103977
103978
103979
103984
103985
103986
103987
103988
103989
103990
103991
103992
103993
103994
103995
103996
103997
103998
103999
104000
104001
104002
104003
104004
104609
104610
104611
104612
104613
104614
104615
104616
104617
104618
104619
104624
104625
104626
104627
104628
104629
104630
104631
104632
104633
104634
104635
104636
104637
104638
104639
104640
104641
104642
104643
104644
104645
104646
104647
104648
105249
105250
105251
105252
105253
105254
105255
105256
105257
105258
105259
105264
105265
105266
105267
105268
105269
105270
105271
105272
105273
105274
105275
105276
105277
105278
105279
105280
105281
105282
105283
105284
105285
105286
105287
105288
105289
105881
105882
105883
105884
105885
105886
105887
105888
105889
105890
105891
105892
105893
105894
105895
105896
105897
105898
105902
105903
105904
105905
105906
105907
105908
105909
105910
105911
105912
105913
105914
105915
105916
105917
105918
105919
105920
105921
105922
105923
105924
105925
105926
105927
105928
105929
105930
106519
106520
106521
106522
106523
106524
106525
106526
106527
106528
106529
106530
106531
106532
106533
106534
106535
106536
106537
106538
106539
106540
106541
106542
106543
106544
106545
106546
106547
106548
106549
106550
106551
106552
106553
106554
106555
106556
106557
106558
106559
106560
106561
106562
106563
106564
106565
106566
106567
106568
106569
106570
106574
106575
107158
107159
107160
107161
107162
107163
107164
107165
107166
107167
107168
107169
107170
107171
107172
107173
107174
107175
107176
107177
107178
107179
107180
107181
107182
107183
107184
107185
107186
107187
107188
107189
107190
107191
107192
107193
107194
107195
107196
107197
107198
107199
107200
107201
107202
107203
107204
107205
107206
107207
107208
107209
107210
107211
107212
107213
107214
107215
107798
107799
107800
107801
107802
107803
107804
107805
107806
107807
107808
107809
107810
107811
107812
107813
107814
107815
107816
107817
107818
107819
107820
107821
107822
107823
107824
107825
107826
107827
107828
107829
107830
107831
107832
107833
107834
107835
107836
107837
107838
107839
107840
107841
107842
107843
107844
107845
107846
107847
107848
107849
107850
107851
107852
107853
107854
107855
107856
107857
108438
108439
108440
108441
108442
108443
108444
108445
108446
108447
108448
108449
108450
108451
108452
108453
108454
108455
108456
108457
108458
108459
108460
108461
108462
108463
108464
108465
108466
108467
108468
108469
108470
108471
108472
108473
108474
108475
108476
108477
108478
108479
108480
108481
108482
108483
108484
108485
108486
108487
108488
108489
108490
108491
108492
108493
108494
108495
108496
108497
108498
109080
109081
109082
109083
109084
109085
109086
109087
109088
109089
109090
109091
109092
109093
109094
109095
109096
109097
109098
109099
109100
109101
109102
109103
109104
109105
109106
109107
109108
109109
109110
109111
109112
109113
109114
109115
109116
109117
109118
109119
109120
109121
109122
109123
109124
109125
109126
109127
109128
109129
109130
109131
109132
109133
109134
109135
109136
109137
109138
109720
109721
109722
109723
109724
109725
109726
109727
109728
109729
109730
109731
109732
109733
109734
109735
109736
109737
109738
109739
109740
109741
109742
109743
109744
109745
109746
109747
109748
109749
109750
109751
109752
109753
109754
109755
109756
109757
109758
109759
109760
109761
109762
109763
109764
109765
109766
109767
109768
109769
109770
109771
109772
109773
109774
109775
109776
109777
109778
110360
110361
110362
110363
110364
110365
110366
110367
110368
110369
110370
110371
110372
110373
110374
110375
110376
110377
110378
110379
110380
110381
110382
110383
110384
110385
110386
110387
110388
110389
110390
110391
110392
110393
110394
110395
110396
110397
110398
110399
110400
110401
110402
110403
110404
110405
110406
110407
110408
110409
110410
110411
110412
110413
110414
110415
110416
110417
110418
111001
111002
111003
111004
111005
111006
111007
111008
111009
111010
111011
111012
111013
111014
111015
111016
111017
111018
111019
111020
111021
111022
111023
111024
111025
111026
111027
111028
111029
111030
111031
111032
111033
111034
111035
111036
111037
111038
111039
111040
111041
111042
111043
111044
111045
111046
111047
111048
111049
111050
111051
111052
111053
111054
111055
111641
111642
111643
111644
111645
111646
111647
111648
111649
111650
111651
111652
111653
111654
111655
111656
111657
111658
111659
111660
111661
111662
111663
111664
111665
111666
111667
111668
111669
111670
111671
111672
111673
111674
111675
111676
111677
111678
111679
111680
111681
111682
111683
111684
111685
111686
111687
111688
111689
111692
111693
111694
111695
111701
111702
111703
111704
112281
112282
112283
112284
112285
112286
112287
112288
112289
112290
112291
112292
112293
112294
112295
112296
112297
112298
112299
112300
112301
112302
112303
112304
112305
112306
112307
112308
112309
112310
112311
112312
112313
112314
112315
112316
112317
112318
112319
112320
112321
112322
112323
112324
112325
112326
112327
112328
112329
112334
112335
112340
112341
112342
112343
112344
112345
112346
112921
112922
112925
112926
112927
112928
112929
112930
112931
112932
112933
112934
112935
112936
112937
112938
112939
112940
112941
112942
112943
112944
112945
112946
112947
112948
112949
112950
112951
112952
112953
112954
112955
112956
112957
112958
112959
112960
112961
112962
112963
112964
112965
112966
112967
112968
112980
112981
112982
112983
112984
112985
112986
112987
112988
113565
113566
113567
113568
113569
113570
113571
113572
113573
113574
113575
113576
113577
113578
113579
113580
113581
113582
113583
113584
113585
113586
113587
113588
113589
113590
113591
113592
113593
113594
113595
113596
113597
113598
113599
113600
113601
113602
113603
113604
113605
113606
113607
113608
113619
113620
113621
113622
113623
113624
113625
113626
113627
113628
113629
113630
114205
114206
114207
114208
114209
114210
114211
114212
114213
114214
114215
114216
114217
114218
114219
114220
114221
114222
114223
114224
114225
114226
114227
114228
114229
114230
114231
114232
114233
114234
114235
114236
114237
114238
114239
114240
114241
114242
114243
114244
114245
114246
114247
114259
114260
114261
114262
114263
114264
114265
114266
114267
114268
114269
114270
114271
114845
114846
114847
114848
114849
114850
114851
114852
114853
114854
114855
114856
114857
114858
114859
114860
114861
114862
114863
114864
114865
114866
114867
114868
114869
114870
114871
114872
114873
114874
114875
114876
114877
114878
114879
114880
114881
114882
114883
114884
114885
114886
114887
114888
114893
114894
114899
114900
114901
114902
114903
114904
114905
114906
114907
114908
114909
114910
114911
115484
115485
115486
115487
115488
115489
115490
115491
115492
115493
115494
115495
115496
115497
115498
115499
115500
115501
115502
115503
115504
115505
115506
115507
115508
115509
115510
115511
115512
115513
115514
115515
115516
115517
115518
115519
115520
115521
115522
115523
115524
115525
115526
115527
115528
115529
115530
115531
115532
115533
115534
115535
115536
115537
115538
115539
115540
115541
115542
115543
115544
115545
115546
115547
115548
115549
115550
115551
116124
116125
116126
116127
116128
116129
116130
116131
116132
116133
116134
116135
116136
116137
116138
116139
116140
116141
116142
116143
116144
116145
116146
116147
116148
116149
116150
116151
116152
116153
116154
116155
116156
116157
116158
116159
116160
116161
116162
116163
116164
116165
116166
116167
116168
116169
116170
116171
116172
116173
116174
116175
116176
116177
116178
116179
116180
116181
116182
116183
116184
116185
116186
116187
116188
116189
116190
116191
116764
116765
116766
116767
116768
116769
116770
116771
116772
116773
116774
116775
116776
116777
116778
116779
116780
116781
116782
116783
116784
116785
116786
116787
116788
116789
116790
116791
116792
116793
116794
116795
116796
116797
116798
116799
116800
116801
116802
116803
116804
116805
116806
116807
116808
116809
116810
116811
116812
116813
116814
116815
116816
116817
116818
116819
116820
116821
116822
116823
116824
116825
116826
116827
116828
116829
116830
116831
117405
117406
117411
117412
117413
117414
117415
117416
117417
117418
117419
117420
117421
117422
117423
117424
117425
117426
117427
117428
117429
117430
117431
117432
117433
117434
117435
117436
117437
117438
117439
117440
117441
117442
117443
117444
117445
117446
117447
117448
117449
117450
117451
117452
117453
117454
117455
117456
117457
117458
117459
117460
117461
117462
117463
117464
117465
117466
117467
117468
117469
117470
117471
117472
118051
118052
118053
118054
118055
118056
118057
118058
118059
118060
118061
118062
118063
118064
118065
118066
118067
118068
118069
118070
118071
118072
118073
118074
118075
118076
118077
118078
118079
118080
118081
118082
118083
118084
118085
118086
118087
118088
118089
118090
118091
118092
118093
118094
118095
118096
118097
118098
118099
118100
118101
118102
118103
118104
118105
118106
118107
118108
118109
118110
118111
118112
118691
118692
118693
118694
118695
118696
118697
118698
118699
118700
118701
118702
118703
118704
118705
118706
118707
118708
118709
118710
118711
118712
118713
118714
118715
118716
118717
118718
118719
118720
118721
118722
118723
118724
118725
118726
118727
118728
118729
118730
118731
118732
118733
118734
118735
118736
118737
118738
118739
118740
118741
118742
118743
118744
118745
118746
118747
118748
118749
118750
118751
118752
118753
118754
119332
119333
119334
119335
119336
119337
119338
119339
119340
119341
119342
119343
119344
119345
119346
119347
119348
119349
119350
119351
119352
119353
119354
119355
119356
119357
119358
119359
119360
119361
119362
119363
119364
119365
119366
119367
119368
119369
119370
119371
119372
119373
119374
119375
119376
119377
119378
119379
119380
119381
119382
119383
119384
119385
119386
119387
119388
119389
119390
119391
119392
119393
119394
119395
119972
119973
119974
119975
119976
119977
119978
119979
119980
119981
119982
119983
119984
119985
119986
119987
119988
119989
119990
119991
119992
119993
119994
119995
119996
119997
119998
119999
120000
120001
120002
120003
120004
120005
120006
120007
120008
120009
120010
120011
120012
120013
120014
120015
120016
120017
120018
120019
120020
120021
120022
120023
120024
120025
120026
120027
120028
120029
120030
120031
120032
120033
120034
120035
120612
120613
120614
120615
120616
120617
120618
120619
120620
120621
120622
120623
120624
120625
120626
120627
120628
120629
120630
120631
120632
120633
120634
120635
120636
120637
120638
120639
120640
120641
120642
120643
120644
120645
120646
120647
120648
120649
120650
120651
120652
120653
120654
120655
120656
120657
120658
120659
120660
120661
120662
120663
120664
120665
120666
120667
120668
120669
120670
120671
120672
120673
120674
121253
121254
121255
121256
121257
121258
121259
121260
121261
121262
121263
121264
121265
121266
121267
121268
121269
121270
121271
121272
121273
121274
121275
121276
121277
121278
121279
121280
121281
121282
121283
121284
121285
121286
121287
121288
121289
121290
121291
121292
121293
121294
121295
121296
121297
121298
121299
121300
121301
121302
121303
121304
121305
121306
121307
121308
121309
121310
121311
121312
121313
121314
121893
121894
121895
121896
121897
121898
121899
121900
121901
121902
121903
121904
121905
121906
121907
121908
121909
121910
121911
121912
121913
121914
121915
121916
121917
121918
121919
121920
121921
121922
121923
121924
121925
121926
121927
121928
121929
121930
121931
121932
121933
121934
121935
121936
121937
121938
121939
121940
121941
121942
121943
121944
121945
121946
121947
121948
121949
121950
121951
121952
121953
121954
122534
122535
122536
122537
122538
122539
122540
122541
122542
122543
122544
122545
122546
122547
122548
122549
122550
122551
122552
122553
122554
122555
122556
122557
122558
122559
122560
122561
122562
122563
122564
122565
122566
122567
122568
122569
122570
122571
122572
122573
122574
122575
122576
122577
122578
122579
122580
122581
122582
122583
122584
122585
122586
122587
122588
122589
122590
122591
122592
122593
122594
123176
123177
123178
123179
123180
123181
123182
123183
123184
123185
123186
123187
123188
123189
123190
123191
123192
123193
123194
123195
123196
123197
123198
123199
123200
123201
123202
123203
123204
123205
123206
123207
123208
123209
123210
123211
123212
123213
123214
123215
123216
123217
123218
123219
123220
123221
123222
123223
123224
123225
123226
123227
123228
123229
123230
123231
123232
123233
123234
123818
123819
123820
123821
123822
123823
123824
123825
123826
123827
123828
123829
123830
123831
123832
123833
123834
123835
123836
123837
123838
123839
123840
123841
123842
123843
123844
123845
123846
123847
123848
123849
123850
123851
123852
123853
123854
123855
123856
123857
123858
123859
123860
123861
123862
123863
123864
123865
123866
123867
123868
123869
123870
123871
123872
123873
123874
123875
123876
124460
124461
124462
124463
124464
124465
124466
124467
124468
124469
124470
124471
124472
124473
124474
124475
124476
124477
124478
124479
124480
124481
124482
124483
124484
124485
124486
124487
124488
124489
124490
124491
124492
124493
124494
124495
124496
124497
124498
124499
124500
124501
124502
124503
124504
124505
124506
124507
124508
124509
124510
124511
124512
124513
124514
124515
124516
124517
125099
125100
125101
125102
125103
125104
125105
125106
125107
125108
125109
125110
125111
125112
125113
125114
125115
125116
125117
125118
125119
125120
125121
125122
125123
125124
125125
125126
125127
125128
125129
125130
125131
125132
125133
125134
125135
125136
125137
125138
125139
125140
125141
125142
125143
125144
125145
125146
125147
125148
125149
125150
125151
125152
125153
125154
125155
125156
125157
125739
125740
125741
125742
125743
125744
125745
125746
125747
125748
125749
125750
125751
125752
125753
125754
125755
125756
125757
125758
125759
125760
125761
125762
125763
125764
125765
125766
125767
125768
125769
125770
125771
125772
125773
125774
125775
125776
125777
125778
125779
125780
125781
125782
125783
125784
125785
125786
125787
125788
125789
125790
125791
125792
125793
125794
125795
125796
125797
125801
125802
125803
125804
125805
125806
126378
126379
126380
126381
126382
126383
126384
126385
126386
126387
126388
126389
126390
126391
126392
126393
126394
126395
126396
126397
126398
126399
126400
126401
126402
126403
126404
126405
126406
126407
126408
126409
126410
126411
126412
126413
126414
126415
126416
126417
126418
126419
126420
126421
126422
126423
126424
126425
126426
126427
126428
126429
126430
126431
126432
126433
126434
126435
126436
126437
126439
126440
126441
126442
126443
126444
126445
126446
126447
127018
127019
127020
127021
127022
127023
127024
127025
127026
127027
127028
127029
127030
127031
127032
127033
127034
127035
127036
127037
127038
127039
127040
127041
127042
127043
127044
127045
127046
127047
127048
127049
127050
127051
127052
127053
127054
127055
127056
127057
127058
127059
127060
127061
127062
127063
127064
127065
127066
127067
127068
127069
127070
127071
127072
127073
127074
127075
127076
127077
127078
127079
127080
127081
127082
127083
127084
127085
127086
127087
127088
127660
127661
127662
127663
127664
127665
127666
127667
127668
127669
127670
127671
127672
127673
127674
127675
127676
127677
127678
127679
127680
127681
127682
127683
127684
127685
127686
127687
127688
127689
127690
127691
127692
127693
127694
127695
127696
127697
127698
127699
127700
127701
127702
127703
127704
127705
127706
127707
127708
127709
127710
127711
127712
127713
127714
127715
127716
127717
127718
127719
127720
127721
127722
127723
127724
127725
127726
127727
127728
127729
127730
127731
128300
128301
128302
128303
128304
128305
128306
128307
128308
128309
128310
128311
128312
128313
128314
128315
128316
128317
128318
128319
128320
128321
128322
128323
128324
128325
128326
128329
128330
128331
128332
128333
128334
128335
128336
128337
128338
128339
128340
128341
128342
128343
128344
128345
128346
128347
128348
128349
128350
128351
128352
128353
128354
128355
128356
128357
128358
128359
128360
128361
128362
128363
128364
128365
128366
128367
128368
128369
128370
128371
128941
128942
128943
128944
128945
128946
128947
128948
128949
128950
128951
128952
128953
128954
128955
128956
128957
128958
128959
128960
128961
128962
128963
128964
128965
128966
128967
128968
128971
128972
128973
128974
128975
128976
128977
128978
128979
128980
128981
128982
128983
128984
128985
128986
128987
128988
128989
128990
128991
128992
128993
128994
128995
128996
128997
128998
128999
129000
129001
129002
129003
129004
129005
129006
129007
129008
129009
129010
129011
129012
129581
129582
129583
129584
129585
129586
129587
129588
129589
129590
129591
129592
129593
129594
129595
129596
129597
129598
129599
129600
129601
129602
129603
129604
129605
129606
129607
129608
129609
129611
129612
129613
129614
129615
129616
129617
129618
129619
129620
129621
129622
129623
129624
129625
129626
129627
129628
129629
129630
129631
129632
129633
129634
129635
129636
129637
129638
129639
129640
129641
129642
129643
129644
129645
129646
129647
129648
129649
129650
129651
129652
130223
130224
130225
130226
130227
130228
130229
130230
130231
130232
130233
130234
130235
130236
130237
130238
130239
130240
130241
130242
130243
130244
130245
130246
130247
130248
130249
130250
130251
130252
130253
130254
130255
130256
130257
130258
130259
130260
130261
130262
130263
130264
130265
130266
130267
130268
130269
130270
130271
130272
130273
130274
130275
130276
130277
130278
130279
130280
130281
130282
130283
130284
130285
130286
130287
130288
130289
130290
130291
130292
130864
130865
130866
130867
130868
130869
130870
130871
130872
130873
130874
130875
130876
130877
130878
130879
130880
130881
130882
130883
130884
130885
130886
130887
130888
130889
130890
130891
130892
130893
130894
130895
130896
130897
130898
130899
130900
130901
130902
130903
130904
130905
130906
130907
130908
130909
130910
130911
130912
130913
130914
130915
130916
130917
130918
130919
130920
130921
130922
130923
130924
130925
130926
130927
130928
130929
130930
130931
131503
131504
131505
131506
131507
131508
131509
131510
131511
131512
131513
131514
131515
131516
131517
131518
131519
131520
131521
131522
131523
131524
131525
131526
131527
131528
131529
131530
131531
131532
131533
131534
131535
131536
131537
131538
131539
131540
131541
131542
131543
131544
131545
131546
131547
131548
131549
131550
131551
131552
131553
131554
131555
131556
131557
131558
131559
131560
131561
131562
131563
131564
131565
131566
131567
131568
131569
131570
131571
132143
132144
132145
132146
132147
132148
132149
132150
132151
132152
132153
132154
132155
132156
132157
132158
132159
132160
132161
132162
132163
132164
132165
132166
132167
132168
132169
132170
132171
132172
132173
132174
132175
132176
132177
132178
132179
132180
132181
132182
132183
132184
132185
132186
132187
132188
132189
132190
132191
132192
132193
132194
132195
132196
132197
132198
132199
132200
132201
132202
132203
132204
132205
132206
132207
132208
132209
132210
132211
132783
132784
132785
132786
132787
132788
132789
132790
132791
132792
132793
132794
132795
132796
132797
132798
132799
132800
132801
132802
132803
132804
132805
132806
132807
132808
132809
132810
132811
132812
132813
132814
132815
132816
132817
132818
132819
132820
132821
132822
132823
132824
132825
132826
132827
132828
132829
132830
132831
132832
132833
132834
132835
132836
132837
132838
132839
132840
132841
132842
132843
132844
132845
132846
132847
132848
132849
132850
132851
133423
133424
133425
133426
133427
133428
133429
133430
133431
133432
133433
133434
133435
133436
133437
133438
133439
133440
133441
133442
133443
133444
133445
133446
133447
133448
133449
133450
133451
133452
133453
133454
133455
133456
133457
133458
133459
133460
133461
133462
133463
133464
133465
133466
133467
133468
133469
133470
133471
133472
133473
133474
133475
133476
133477
133478
133479
133480
133481
133482
133483
133484
133485
133486
133487
133488
133489
133490
133491
133492
134064
134065
134066
134067
134068
134069
134070
134071
134072
134073
134074
134075
134076
134077
134078
134079
134080
134081
134082
134083
134084
134085
134086
134087
134088
134089
134090
134091
134092
134093
134094
134095
134096
134097
134098
134099
134100
134101
134102
134103
134104
134105
134106
134107
134108
134109
134110
134111
134112
134113
134114
134115
134116
134117
134118
134119
134120
134121
134122
134123
134124
134125
134126
134127
134128
134129
134130
134131
134132
134705
134706
134707
134708
134709
134710
134711
134712
134713
134714
134715
134716
134717
134718
134719
134720
134721
134722
134723
134724
134725
134726
134727
134728
134729
134730
134731
134732
134733
134734
134735
134736
134737
134738
134739
134740
134741
134742
134743
134744
134745
134746
134747
134748
134749
134750
134751
134752
134753
134754
134755
134756
134757
134758
134759
134760
134761
134762
134763
134764
134765
134766
134767
134768
134769
134770
134771
134772
135347
135348
135349
135350
135351
135352
135353
135354
135355
135356
135357
135358
135359
135360
135361
135362
135363
135364
135365
135366
135367
135368
135369
135370
135371
135372
135373
135374
135375
135376
135377
135378
135379
135380
135381
135382
135383
135384
135385
135386
135387
135388
135389
135390
135391
135392
135393
135394
135395
135396
135397
135398
135399
135400
135401
135402
135403
135404
135405
135406
135407
135408
135409
135410
135411
135412
135413
135987
135988
135989
135990
135991
135992
135993
135994
135995
135996
135997
135998
135999
136000
136001
136002
136003
136004
136005
136006
136007
136008
136009
136010
136011
136012
136013
136014
136015
136016
136017
136018
136019
136020
136021
136022
136023
136024
136025
136026
136027
136028
136029
136030
136031
136032
136033
136034
136035
136036
136037
136038
136039
136040
136041
136042
136043
136044
136045
136046
136047
136048
136049
136050
136051
136052
136053
136054
136627
136628
136629
136630
136631
136632
136633
136634
136635
136636
136637
136638
136639
136640
136641
136642
136643
136644
136645
136646
136647
136648
136649
136650
136651
136652
136653
136654
136655
136656
136657
136658
136659
136660
136661
136662
136663
136664
136665
136666
136667
136668
136669
136670
136671
136672
136673
136674
136675
136676
136677
136678
136679
136680
136681
136682
136683
136684
136685
136686
136687
136688
136689
136690
136691
136692
136693
136694
137268
137269
137270
137271
137272
137273
137274
137275
137276
137277
137278
137279
137280
137281
137282
137283
137284
137285
137286
137287
137288
137289
137290
137291
137292
137293
137294
137295
137296
137297
137298
137299
137300
137301
137302
137303
137304
137305
137306
137307
137308
137309
137310
137311
137312
137313
137314
137315
137316
137317
137318
137319
137320
137321
137322
137323
137324
137325
137326
137327
137328
137329
137330
137331
137332
137333
137334
137908
137909
137910
137911
137912
137913
137914
137915
137916
137917
137918
137919
137920
137921
137922
137923
137924
137925
137926
137927
137928
137929
137930
137931
137932
137933
137934
137935
137936
137937
137938
137939
137940
137941
137942
137943
137944
137945
137946
137947
137948
137949
137950
137951
137952
137953
137954
137955
137956
137957
137958
137959
137960
137961
137962
137963
137964
137965
137966
137967
137968
137969
137970
137971
137972
137973
137974
138549
138550
138551
138552
138553
138554
138555
138556
138557
138558
138559
138560
138561
138562
138563
138564
138565
138566
138567
138568
138569
138570
138571
138572
138573
138574
138575
138576
138577
138578
138579
138580
138581
138582
138583
138584
138585
138586
138587
138588
138589
138590
138591
138592
138593
138594
138595
138596
138597
138598
138599
138600
138601
138602
138603
138604
138605
138606
138607
138608
138609
138610
138611
138612
138613
138614
139190
139191
139192
139193
139194
139195
139196
139197
139198
139199
139200
139201
139202
139203
139204
139205
139206
139207
139208
139209
139210
139211
139212
139213
139214
139215
139216
139217
139218
139219
139220
139221
139222
139223
139224
139225
139226
139227
139228
139229
139230
139231
139232
139233
139234
139235
139236
139237
139238
139239
139240
139241
139242
139243
139244
139245
139246
139247
139248
139249
139250
139251
139252
139253
139254
139830
139831
139832
139833
139834
139835
139836
139837
139838
139839
139840
139841
139842
139843
139844
139845
139846
139847
139848
139849
139850
139851
139852
139853
139854
139855
139856
139857
139858
139859
139860
139861
139862
139863
139864
139865
139866
139867
139868
139869
139870
139871
139872
139873
139874
139875
139876
139877
139878
139879
139880
139881
139882
139883
139884
139885
139886
139887
139888
139889
139890
139891
139892
139893
139894
139895
140470
140471
140472
140473
140474
140475
140476
140477
140478
140479
140480
140481
140482
140483
140484
140485
140486
140487
140488
140489
140490
140491
140492
140493
140494
140495
140496
140497
140498
140499
140500
140501
140502
140503
140504
140505
140506
140507
140508
140509
140510
140511
140512
140513
140514
140515
140516
140517
140518
140519
140520
140521
140522
140523
140524
140525
140526
140527
140528
140529
140530
140531
140532
140533
140534
140535
141109
141110
141111
141112
141113
141114
141115
141116
141117
141118
141119
141120
141121
141122
141123
141124
141125
141126
141127
141128
141129
141130
141131
141132
141133
141134
141135
141136
141137
141138
141139
141140
141141
141142
141143
141144
141145
141146
141147
141148
141149
141150
141151
141152
141153
141154
141155
141156
141157
141158
141159
141160
141161
141162
141163
141164
141165
141166
141167
141168
141169
141170
141171
141172
141173
141174
141175
141749
141750
141751
141752
141753
141754
141755
141756
141757
141758
141759
141760
141761
141762
141763
141764
141765
141766
141767
141768
141769
141770
141771
141772
141773
141774
141775
141776
141777
141778
141779
141780
141781
141782
141783
141784
141785
141786
141787
141788
141789
141790
141791
141792
141793
141794
141795
141796
141797
141798
141799
141800
141801
141802
141803
141804
141805
141806
141807
141808
141809
141810
141811
141812
141813
141814
141815
142389
142390
142391
142392
142393
142394
142395
142396
142397
142398
142399
142400
142401
142402
142403
142404
142405
142406
142407
142408
142409
142410
142411
142412
142413
142414
142415
142416
142417
142418
142419
142420
142421
142422
142423
142424
142425
142426
142427
142428
142429
142430
142431
142432
142433
142434
142435
142436
142437
142438
142439
142440
142441
142442
142443
142444
142445
142446
142447
142448
142449
142450
142451
142452
142453
142454
142455
143029
143030
143031
143032
143033
143034
143035
143036
143037
143038
143039
143040
143041
143042
143043
143044
143045
143046
143047
143048
143049
143050
143051
143052
143053
143054
143055
143056
143057
143058
143059
143060
143061
143062
143063
143064
143065
143066
143067
143068
143069
143070
143071
143072
143073
143074
143075
143076
143077
143078
143079
143080
143081
143082
143083
143084
143085
143086
143087
143088
143089
143090
143091
143092
143093
143094
143095
143670
143671
143672
143673
143674
143675
143676
143677
143678
143679
143680
143681
143682
143683
143684
143685
143686
143687
143688
143689
143690
143691
143692
143693
143694
143695
143696
143697
143698
143699
143700
143701
143702
143703
143704
143705
143706
143707
143708
143709
143710
143711
143712
143713
143714
143715
143716
143717
143718
143719
143720
143721
143722
143723
143724
143725
143726
143727
143728
143729
143730
143731
143732
143733
143734
144310
144311
144312
144313
144314
144315
144316
144317
144318
144319
144320
144321
144322
144323
144324
144325
144326
144327
144328
144329
144330
144331
144332
144333
144334
144335
144336
144337
144338
144339
144340
144341
144342
144343
144344
144345
144346
144347
144348
144349
144350
144351
144352
144353
144354
144355
144356
144357
144358
144359
144360
144361
144362
144363
144364
144365
144366
144367
144368
144369
144370
144371
144372
144373
144374
144950
144951
144952
144953
144954
144955
144956
144957
144958
144959
144960
144961
144962
144963
144964
144965
144966
144967
144968
144969
144970
144971
144972
144973
144974
144975
144976
144977
144978
144979
144980
144981
144982
144983
144984
144985
144986
144987
144988
144989
144990
144991
144992
144993
144994
144995
144996
144997
144998
144999
145000
145001
145002
145003
145004
145005
145006
145007
145008
145009
145010
145011
145012
145013
145014
145590
145591
145592
145593
145594
145595
145596
145597
145598
145599
145600
145601
145602
145603
145604
145605
145606
145607
145608
145609
145610
145611
145612
145613
145614
145615
145616
145617
145618
145619
145620
145621
145622
145623
145624
145625
145626
145627
145628
145629
145630
145631
145632
145633
145634
145635
145636
145637
145638
145639
145640
145641
145642
145643
145644
145645
145646
145647
145648
145649
145650
145651
145652
145653
145654
146230
146231
146232
146233
146234
146235
146236
146237
146238
146239
146240
146241
146242
146243
146244
146245
146246
146247
146248
146249
146250
146251
146252
146253
146254
146255
146256
146257
146258
146259
146260
146261
146262
146263
146264
146265
146266
146267
146268
146269
146270
146271
146272
146273
146274
146275
146276
146277
146278
146279
146280
146281
146282
146283
146284
146285
146286
146287
146288
146289
146290
146291
146292
146293
146294
146870
146871
146872
146873
146874
146875
146876
146877
146878
146879
146880
146881
146882
146883
146884
146885
146886
146887
146888
146889
146890
146891
146892
146893
146894
146895
146896
146897
146898
146899
146900
146901
146902
146903
146904
146905
146906
146907
146908
146909
146910
146911
146912
146913
146914
146915
146916
146917
146918
146919
146920
146921
146922
146923
146924
146925
146926
146927
146928
146929
146930
146931
146932
146933
146934
147509
147510
147511
147512
147513
147514
147515
147516
147517
147518
147519
147520
147521
147522
147523
147524
147525
147526
147527
147528
147529
147530
147531
147532
147533
147534
147535
147536
147537
147538
147539
147540
147541
147542
147543
147544
147545
147546
147547
147548
147549
147550
147551
147552
147553
147554
147555
147556
147557
147558
147559
147560
147561
147562
147563
147564
147565
147566
147567
147568
147569
147570
147571
147572
147573
147574
147575
148147
148148
148149
148150
148151
148152
148153
148154
148155
148156
148157
148158
148159
148160
148161
148162
148163
148164
148165
148166
148167
148168
148169
148170
148171
148172
148173
148174
148175
148176
148177
148178
148179
148180
148181
148182
148183
148184
148185
148186
148187
148188
148189
148190
148191
148192
148193
148194
148195
148196
148197
148198
148199
148200
148201
148202
148203
148204
148205
148206
148207
148208
148209
148210
148211
148212
148213
148214
148215
148787
148788
148789
148790
148791
148792
148793
148794
148795
148796
148797
148798
148799
148800
148801
148802
148803
148804
148805
148806
148807
148808
148809
148810
148811
148812
148813
148814
148815
148816
148817
148818
148819
148820
148821
148822
148823
148824
148825
148826
148827
148828
148829
148830
148831
148832
148833
148834
148835
148836
148837
148838
148839
148840
148841
148842
148843
148844
148845
148846
148847
148848
148849
148850
148851
148852
148853
148854
148855
149427
149428
149429
149430
149431
149432
149433
149434
149435
149436
149437
149438
149439
149440
149441
149442
149443
149444
149445
149446
149447
149448
149449
149450
149451
149452
149453
149454
149455
149456
149457
149458
149459
149460
149461
149462
149463
149464
149465
149466
149467
149468
149469
149470
149471
149472
149473
149474
149475
149476
149477
149478
149479
149480
149481
149482
149483
149484
149485
149486
149487
149488
149489
149490
149491
149492
149493
149494
149495
150069
150070
150071
150072
150073
150074
150075
150076
150077
150078
150079
150080
150081
150082
150083
150084
150085
150086
150087
150088
150089
150090
150091
150092
150093
150094
150095
150096
150097
150098
150099
150100
150101
150102
150103
150104
150105
150106
150107
150108
150109
150110
150111
150112
150113
150114
150115
150116
150117
150118
150119
150120
150121
150122
150123
150124
150125
150126
150127
150128
150129
150130
150131
150132
150133
150134
150135
150709
150710
150711
150712
150713
150714
150715
150716
150717
150718
150719
150720
150721
150722
150723
150724
150725
150726
150727
150728
150729
150730
150731
150732
150733
150734
150735
150736
150737
150738
150739
150740
150741
150742
150743
150744
150745
150746
150747
150748
150749
150750
150751
150752
150753
150754
150755
150756
150757
150758
150759
150760
150761
150762
150763
150764
150765
150766
150767
150768
150769
150770
150771
150772
150773
150774
150775
151349
151350
151351
151352
151353
151354
151355
151356
151357
151358
151359
151360
151361
151362
151363
151364
151365
151366
151367
151368
151369
151370
151371
151372
151373
151374
151375
151376
151377
151378
151379
151380
151381
151382
151383
151384
151385
151386
151387
151388
151389
151390
151391
151392
151393
151394
151395
151396
151397
151398
151399
151400
151401
151402
151403
151404
151405
151406
151407
151408
151409
151410
151411
151412
151413
151414
151415
151416
151989
151990
151991
151992
151993
151994
151995
151996
151997
151998
151999
152000
152001
152002
152003
152004
152005
152006
152007
152008
152009
152010
152011
152012
152013
152014
152015
152016
152017
152018
152019
152020
152021
152022
152023
152024
152025
152026
152027
152028
152029
152030
152031
152032
152033
152034
152035
152036
152037
152038
152039
152040
152041
152042
152043
152044
152045
152046
152047
152048
152049
152050
152051
152052
152053
152054
152055
152056
152629
152630
152631
152632
152633
152634
152635
152636
152637
152638
152639
152640
152641
152642
152643
152644
152645
152646
152647
152648
152649
152650
152651
152652
152653
152654
152655
152656
152657
152658
152659
152660
152661
152662
152663
152664
152665
152666
152667
152668
152669
152670
152671
152672
152673
152674
152675
152676
152677
152678
152679
152680
152681
152682
152683
152684
152685
152686
152687
152688
152689
152690
152691
152692
152693
152694
152695
153270
153271
153272
153273
153274
153275
153276
153277
153278
153279
153280
153281
153282
153283
153284
153285
153286
153287
153288
153289
153290
153291
153292
153293
153294
153295
153296
153297
153298
153299
153300
153301
153302
153303
153304
153305
153306
153307
153308
153309
153310
153311
153312
153313
153314
153315
153316
153317
153318
153319
153320
153321
153322
153323
153324
153325
153326
153327
153328
153329
153330
153331
153332
153333
153334
153335
153910
153911
153912
153913
153914
153915
153916
153917
153918
153919
153920
153921
153922
153923
153924
153925
153926
153927
153928
153929
153930
153931
153932
153933
153934
153935
153936
153937
153938
153939
153940
153941
153942
153943
153944
153945
153946
153947
153948
153949
153950
153951
153952
153953
153954
153955
153956
153957
153958
153959
153960
153961
153962
153963
153964
153965
153966
153967
153968
153969
153970
153971
153972
153973
153974
153975
154550
154551
154552
154553
154554
154555
154556
154557
154558
154559
154560
154561
154562
154563
154564
154565
154566
154567
154568
154569
154570
154571
154572
154573
154574
154575
154576
154577
154578
154579
154580
154581
154582
154583
154584
154585
154586
154587
154588
154589
154590
154591
154592
154593
154594
154595
154596
154597
154598
154599
154600
154601
154602
154603
154604
154605
154606
154607
154608
154609
154610
154611
154612
154613
154614
154615
155190
155191
155192
155193
155194
155195
155196
155197
155198
155199
155200
155201
155202
155203
155204
155205
155206
155207
155208
155209
155210
155211
155212
155213
155214
155215
155216
155217
155218
155219
155220
155221
155222
155223
155224
155225
155226
155227
155228
155229
155230
155231
155232
155233
155234
155235
155236
155237
155238
155239
155240
155241
155242
155243
155244
155245
155246
155247
155248
155249
155250
155251
155252
155253
155254
155255
155831
155832
155833
155834
155835
155836
155837
155838
155839
155840
155841
155842
155843
155844
155845
155846
155847
155848
155849
155850
155851
155852
155853
155854
155855
155856
155857
155858
155859
155860
155861
155862
155863
155864
155865
155866
155867
155868
155869
155870
155871
155872
155873
155874
155875
155876
155877
155878
155879
155880
155881
155882
155883
155884
155885
155886
155887
155888
155889
155890
155891
155892
155893
155894
155895
156470
156471
156472
156473
156474
156475
156476
156477
156478
156479
156480
156481
156482
156483
156484
156485
156486
156487
156488
156489
156490
156491
156492
156493
156494
156495
156496
156497
156498
156499
156500
156501
156502
156503
156504
156505
156506
156507
156508
156509
156510
156511
156512
156513
156514
156515
156516
156517
156518
156519
156520
156521
156522
156523
156524
156525
156526
156527
156528
156529
156530
156531
156532
156533
156534
156535
156536
157110
157111
157112
157113
157114
157115
157116
157117
157118
157119
157120
157121
157122
157123
157124
157125
157126
157127
157128
157129
157130
157131
157132
157133
157134
157135
157136
157137
157138
157139
157140
157141
157142
157143
157144
157145
157146
157147
157148
157149
157150
157151
157152
157153
157154
157155
157156
157157
157158
157159
157160
157161
157162
157163
157164
157165
157166
157167
157168
157169
157170
157171
157172
157173
157174
157175
157176
157750
157751
157752
157753
157754
157755
157756
157757
157758
157759
157760
157761
157762
157763
157764
157765
157766
157767
157768
157769
157770
157771
157772
157773
157774
157775
157776
157777
157778
157779
157780
157781
157782
157783
157784
157785
157786
157787
157788
157789
157790
157791
157792
157793
157794
157795
157796
157797
157798
157799
157800
157801
157802
157803
157804
157805
157806
157807
157808
157809
157810
157811
157812
157813
157814
157815
157816
158389
158390
158391
158392
158393
158394
158395
158396
158397
158398
158399
158400
158401
158402
158403
158404
158405
158406
158407
158408
158409
158410
158411
158412
158413
158414
158415
158416
158417
158418
158419
158420
158421
158422
158423
158424
158425
158426
158427
158428
158429
158430
158431
158432
158433
158434
158435
158436
158437
158438
158439
158440
158441
158442
158443
158444
158445
158446
158447
158448
158449
158450
158451
158452
158453
158454
158455
158456
159029
159030
159031
159032
159033
159034
159035
159036
159037
159038
159039
159040
159041
159042
159043
159044
159045
159046
159047
159048
159049
159050
159051
159052
159053
159054
159055
159056
159057
159058
159059
159060
159061
159062
159063
159064
159065
159066
159067
159068
159069
159070
159071
159072
159073
159074
159075
159076
159077
159078
159079
159080
159081
159082
159083
159084
159085
159086
159087
159088
159089
159090
159091
159092
159093
159094
159095
159096
159669
159670
159671
159672
159673
159674
159675
159676
159677
159678
159679
159680
159681
159682
159683
159684
159685
159686
159687
159688
159689
159690
159691
159692
159693
159694
159695
159696
159697
159698
159699
159700
159701
159702
159703
159704
159705
159706
159707
159708
159709
159710
159711
159712
159713
159714
159715
159716
159717
159718
159719
159720
159721
159722
159723
159724
159725
159726
159727
159728
159729
159730
159731
159732
159733
159734
159735
159736
160309
160310
160311
160312
160313
160314
160315
160316
160317
160318
160319
160320
160321
160322
160323
160324
160325
160326
160327
160328
160329
160330
160331
160332
160333
160334
160335
160336
160337
160338
160339
160340
160341
160342
160343
160344
160345
160346
160347
160348
160349
160350
160351
160352
160353
160354
160355
160356
160357
160358
160359
160360
160361
160362
160363
160364
160365
160366
160367
160368
160369
160370
160371
160372
160373
160374
160375
160950
160951
160952
160953
160954
160955
160956
160957
160958
160959
160960
160961
160962
160963
160964
160965
160966
160967
160968
160969
160970
160971
160972
160973
160974
160975
160976
160977
160978
160979
160980
160981
160982
160983
160984
160985
160986
160987
160988
160989
160990
160991
160992
160993
160994
160995
160996
160997
160998
160999
161000
161001
161002
161003
161004
161005
161006
161007
161008
161009
161010
161011
161012
161013
161014
161015
161591
161592
161593
161594
161595
161596
161597
161598
161599
161600
161601
161602
161603
161604
161605
161606
161607
161608
161609
161610
161611
161612
161613
161614
161615
161616
161617
161618
161619
161620
161621
161622
161623
161624
161625
161626
161627
161628
161629
161630
161631
161632
161633
161634
161635
161636
161637
161638
161639
161640
161641
161642
161643
161644
161645
161646
161647
161648
161649
161650
161651
161652
161653
161654
162231
162232
162233
162234
162235
162236
162237
162238
162239
162240
162241
162242
162243
162244
162245
162246
162247
162248
162249
162250
162251
162252
162253
162254
162255
162256
162257
162258
162259
162260
162261
162262
162263
162264
162265
162266
162267
162268
162269
162270
162271
162272
162273
162274
162275
162276
162277
162278
162279
162280
162281
162282
162283
162284
162285
162286
162287
162288
162289
162290
162291
162292
162293
162294
162295
162871
162872
162873
162874
162875
162876
162877
162878
162879
162880
162881
162882
162883
162884
162885
162886
162887
162888
162889
162890
162891
162892
162893
162894
162895
162896
162897
162898
162899
162900
162901
162902
162903
162904
162905
162906
162907
162908
162909
162910
162911
162912
162913
162914
162915
162916
162917
162918
162919
162920
162921
162922
162923
162924
162925
162926
162927
162928
162929
162930
162931
162932
162933
162934
162935
163512
163513
163514
163515
163516
163517
163518
163519
163520
163521
163522
163523
163524
163525
163526
163527
163528
163529
163530
163531
163532
163533
163534
163535
163536
163537
163538
163539
163540
163541
163542
163543
163544
163545
163546
163547
163548
163549
163550
163551
163552
163553
163554
163555
163556
163557
163558
163559
163560
163561
163562
163563
163564
163565
163566
163567
163568
163569
163570
163571
163572
163573
163574
164152
164153
164154
164155
164156
164157
164158
164159
164160
164161
164162
164163
164164
164165
164166
164167
164168
164169
164170
164171
164172
164173
164174
164175
164176
164177
164178
164179
164180
164181
164182
164183
164184
164185
164186
164187
164188
164189
164190
164191
164192
164193
164194
164195
164196
164197
164198
164199
164200
164201
164202
164203
164204
164205
164206
164207
164208
164209
164210
164211
164212
164213
164214
164793
164794
164795
164796
164797
164798
164799
164800
164801
164802
164803
164804
164805
164806
164807
164808
164809
164810
164811
164812
164813
164814
164815
164816
164817
164818
164819
164820
164821
164822
164823
164824
164825
164826
164827
164828
164829
164830
164831
164832
164833
164834
164835
164836
164837
164838
164839
164840
164841
164842
164843
164844
164845
164846
164847
164848
164849
164850
164851
164852
164853
164854
165433
165434
165435
165436
165437
165438
165439
165440
165441
165442
165443
165444
165445
165446
165447
165448
165449
165450
165451
165452
165453
165454
165455
165456
165457
165458
165459
165460
165461
165462
165463
165464
165465
165466
165467
165468
165469
165470
165471
165472
165473
165474
165475
165476
165477
165478
165479
165480
165481
165482
165483
165484
165485
165486
165487
165488
165489
165490
165491
165492
165493
165494
166073
166074
166075
166076
166077
166078
166079
166080
166081
166082
166083
166084
166085
166086
166087
166088
166089
166090
166091
166092
166093
166094
166095
166096
166097
166098
166099
166100
166101
166102
166103
166104
166105
166106
166107
166108
166109
166110
166111
166112
166113
166114
166115
166116
166117
166118
166119
166120
166121
166122
166123
166124
166125
166126
166127
166128
166129
166130
166131
166132
166133
166134
166712
166713
166714
166715
166716
166717
166718
166719
166720
166721
166722
166723
166724
166725
166726
166727
166728
166729
166730
166731
166732
166733
166734
166735
166736
166737
166738
166739
166740
166741
166742
166743
166744
166745
166746
166747
166748
166749
166750
166751
166752
166753
166754
166755
166756
166757
166758
166759
166760
166761
166762
166763
166764
166765
166766
166767
166768
166769
166770
166771
166772
166773
166774
166775
167352
167353
167354
167355
167356
167357
167358
167359
167360
167361
167362
167363
167364
167365
167366
167367
167368
167369
167370
167371
167372
167373
167374
167375
167376
167377
167378
167379
167380
167381
167382
167383
167384
167385
167386
167387
167388
167389
167390
167391
167392
167393
167394
167395
167396
167397
167398
167399
167400
167401
167402
167403
167404
167405
167406
167407
167408
167409
167410
167411
167412
167413
167414
167415
167992
167993
167994
167995
167996
167997
167998
167999
168000
168001
168002
168003
168004
168005
168006
168007
168008
168009
168010
168011
168012
168013
168014
168015
168016
168017
168018
168019
168020
168021
168022
168023
168024
168025
168026
168027
168028
168029
168030
168031
168032
168033
168034
168035
168036
168037
168038
168039
168040
168041
168042
168043
168044
168045
168046
168047
168048
168049
168050
168051
168052
168053
168054
168055
168632
168633
168634
168635
168636
168637
168638
168639
168640
168641
168642
168643
168644
168645
168646
168647
168648
168649
168650
168651
168652
168653
168654
168655
168656
168657
168658
168659
168660
168661
168662
168663
168664
168665
168666
168667
168668
168669
168670
168671
168672
168673
168674
168675
168676
168677
168678
168679
168680
168681
168682
168683
168684
168685
168686
168687
168688
168689
168690
168691
168692
168693
168694
168695
169272
169273
169274
169275
169276
169277
169278
169279
169280
169281
169282
169283
169284
169285
169286
169287
169288
169289
169290
169291
169292
169293
169294
169295
169296
169297
169298
169299
169300
169301
169302
169303
169304
169305
169306
169307
169308
169309
169310
169311
169312
169313
169314
169315
169316
169317
169318
169319
169320
169321
169322
169323
169324
169325
169326
169327
169328
169329
169330
169331
169332
169333
169334
169335
169912
169913
169914
169915
169916
169917
169918
169919
169920
169921
169922
169923
169924
169925
169926
169927
169928
169929
169930
169931
169932
169933
169934
169935
169936
169937
169938
169939
169940
169941
169942
169943
169944
169945
169946
169947
169948
169949
169950
169951
169952
169953
169954
169955
169956
169957
169958
169959
169960
169961
169962
169963
169964
169965
169966
169967
169968
169969
169970
169971
169972
169973
169974
169975
170551
170552
170553
170554
170555
170556
170557
170558
170559
170560
170561
170562
170563
170564
170565
170566
170567
170568
170569
170570
170571
170572
170573
170574
170575
170576
170577
170578
170579
170580
170581
170582
170583
170584
170585
170586
170587
170588
170589
170590
170591
170592
170593
170594
170595
170596
170597
170598
170599
170600
170601
170602
170603
170604
170605
170606
170607
170608
170609
170610
170611
170612
170613
170614
170615
171191
171192
171193
171194
171195
171196
171197
171198
171199
171200
171201
171202
171203
171204
171205
171206
171207
171208
171209
171210
171211
171212
171213
171214
171215
171216
171217
171218
171219
171220
171221
171222
171223
171224
171225
171226
171227
171228
171229
171230
171231
171232
171233
171234
171235
171236
171237
171238
171239
171240
171241
171242
171243
171244
171245
171246
171247
171248
171249
171250
171251
171252
171253
171254
171255
171831
171832
171833
171834
171835
171836
171837
171838
171839
171840
171841
171842
171843
171844
171845
171846
171847
171848
171849
171850
171851
171852
171853
171854
171855
171856
171857
171858
171859
171860
171861
171862
171863
171864
171865
171866
171867
171868
171869
171870
171871
171872
171873
171874
171875
171876
171877
171878
171879
171880
171881
171882
171883
171884
171885
171886
171887
171888
171889
171890
171891
171892
171893
171894
171895
172471
172472
172473
172474
172475
172476
172477
172478
172479
172480
172481
172482
172483
172484
172485
172486
172487
172488
172489
172490
172491
172492
172493
172494
172495
172496
172497
172498
172499
172500
172501
172502
172503
172504
172505
172506
172507
172508
172509
172510
172511
172512
172513
172514
172515
172516
172517
172518
172519
172520
172521
172522
172523
172524
172525
172526
172527
172528
172529
172530
172531
172532
172533
172534
172535
173112
173113
173114
173115
173116
173117
173118
173119
173120
173121
173122
173123
173124
173125
173126
173127
173128
173129
173130
173131
173132
173133
173134
173135
173136
173137
173138
173139
173140
173141
173142
173143
173144
173145
173146
173147
173148
173149
173150
173151
173152
173153
173154
173155
173156
173157
173158
173159
173160
173161
173162
173163
173164
173165
173166
173167
173168
173169
173170
173171
173172
173173
173174
173175
173752
173753
173754
173755
173756
173757
173758
173759
173760
173761
173762
173763
173764
173765
173766
173767
173768
173769
173770
173771
173772
173773
173774
173775
173776
173777
173778
173779
173780
173781
173782
173783
173784
173785
173786
173787
173788
173789
173790
173791
173792
173793
173794
173795
173796
173797
173798
173799
173800
173801
173802
173803
173804
173805
173806
173807
173808
173809
173810
173811
173812
173813
173814
173815
174392
174393
174394
174395
174396
174397
174398
174399
174400
174401
174402
174403
174404
174405
174406
174407
174408
174409
174410
174411
174412
174413
174414
174415
174416
174417
174418
174419
174420
174421
174422
174423
174424
174425
174426
174427
174428
174429
174430
174431
174432
174433
174434
174435
174436
174437
174438
174439
174440
174441
174442
174443
174444
174445
174446
174447
174448
174449
174450
174451
174452
174453
174454
174455
175032
175033
175034
175035
175036
175037
175038
175039
175040
175041
175042
175043
175044
175045
175046
175047
175048
175049
175050
175051
175052
175053
175054
175055
175056
175057
175058
175059
175060
175061
175062
175063
175064
175065
175066
175067
175068
175069
175070
175071
175072
175073
175074
175075
175076
175077
175078
175079
175080
175081
175082
175083
175084
175085
175086
175087
175088
175089
175090
175091
175092
175093
175094
175672
175673
175674
175675
175676
175677
175678
175679
175680
175681
175682
175683
175684
175685
175686
175687
175688
175689
175690
175691
175692
175693
175694
175695
175696
175697
175698
175699
175700
175701
175702
175703
175704
175705
175706
175707
175708
175709
175710
175711
175712
175713
175714
175715
175716
175717
175718
175719
175720
175721
175722
175723
175724
175725
175726
175727
175728
175729
175730
175731
175732
175733
175734
176311
176312
176313
176314
176315
176316
176317
176318
176319
176320
176321
176322
176323
176324
176325
176326
176327
176328
176329
176330
176331
176332
176333
176334
176335
176336
176337
176338
176339
176340
176341
176342
176343
176344
176345
176346
176347
176348
176349
176350
176351
176352
176353
176354
176355
176356
176357
176358
176359
176360
176361
176362
176363
176364
176365
176366
176367
176368
176369
176370
176371
176372
176373
176374
176951
176952
176953
176954
176955
176956
176957
176958
176959
176960
176961
176962
176963
176964
176965
176966
176967
176968
176969
176970
176971
176972
176973
176974
176975
176976
176977
176978
176979
176980
176981
176982
176983
176984
176985
176986
176987
176988
176989
176990
176991
176992
176993
176994
176995
176996
176997
176998
176999
177000
177001
177002
177003
177004
177005
177006
177007
177008
177009
177010
177011
177012
177013
177014
177592
177593
177594
177595
177596
177597
177598
177599
177600
177601
177602
177603
177604
177605
177606
177607
177608
177609
177610
177611
177612
177613
177614
177615
177616
177617
177618
177619
177620
177621
177622
177623
177624
177625
177626
177627
177628
177629
177630
177631
177632
177633
177634
177635
177636
177637
177638
177639
177640
177641
177642
177643
177644
177645
177646
177647
177648
177649
177650
177651
177652
177653
177654
178231
178232
178233
178234
178235
178236
178237
178238
178239
178240
178241
178242
178243
178244
178245
178246
178247
178248
178249
178250
178251
178252
178253
178254
178255
178256
178257
178258
178259
178260
178261
178262
178263
178264
178265
178266
178267
178268
178269
178270
178271
178272
178273
178274
178275
178276
178277
178278
178279
178280
178281
178282
178283
178284
178285
178286
178287
178288
178289
178290
178291
178292
178293
178294
178295
178871
178872
178873
178874
178875
178876
178877
178878
178879
178880
178881
178882
178883
178884
178885
178886
178887
178888
178889
178890
178891
178892
178893
178894
178895
178896
178897
178898
178899
178900
178901
178902
178903
178904
178905
178906
178907
178908
178909
178910
178911
178912
178913
178914
178915
178916
178917
178918
178919
178920
178921
178922
178923
178924
178925
178926
178927
178928
178929
178930
178931
178932
178933
178934
178935
179511
179512
179513
179514
179515
179516
179517
179518
179519
179520
179521
179522
179523
179524
179525
179526
179527
179528
179529
179530
179531
179532
179533
179534
179535
179536
179537
179538
179539
179540
179541
179542
179543
179544
179545
179546
179547
179548
179549
179550
179551
179552
179553
179554
179555
179556
179557
179558
179559
179560
179561
179562
179563
179564
179565
179566
179567
179568
179569
179570
179571
179572
179573
179574
180152
180153
180154
180155
180156
180157
180158
180159
180160
180161
180162
180163
180164
180165
180166
180167
180168
180169
180170
180171
180172
180173
180174
180175
180176
180177
180178
180179
180180
180181
180182
180183
180184
180185
180186
180187
180188
180189
180190
180191
180192
180193
180194
180195
180196
180197
180198
180199
180200
180201
180202
180203
180204
180205
180206
180207
180208
180209
180210
180211
180212
180213
180214
180792
180793
180794
180795
180796
180797
180798
180799
180800
180801
180802
180803
180804
180805
180806
180807
180808
180809
180810
180811
180812
180813
180814
180815
180816
180817
180818
180819
180820
180821
180822
180823
180824
180825
180826
180827
180828
180829
180830
180831
180832
180833
180834
180835
180836
180837
180838
180839
180840
180841
180842
180843
180844
180845
180846
180847
180848
180849
180850
180851
180852
180853
180854
181432
181433
181434
181435
181436
181437
181438
181439
181440
181441
181442
181443
181444
181445
181446
181447
181448
181449
181450
181451
181452
181453
181454
181455
181456
181457
181458
181459
181460
181461
181462
181463
181464
181465
181466
181467
181468
181469
181470
181471
181472
181473
181474
181475
181476
181477
181478
181479
181480
181481
181482
181483
181484
181485
181486
181487
181488
181489
181490
181491
181492
181493
181494
182073
182074
182075
182076
182077
182078
182079
182080
182081
182082
182083
182084
182085
182086
182087
182088
182089
182090
182091
182092
182093
182094
182095
182096
182097
182098
182099
182100
182101
182102
182103
182104
182105
182106
182107
182108
182109
182110
182111
182112
182113
182114
182115
182116
182117
182118
182119
182120
182121
182122
182123
182124
182125
182126
182127
182128
182129
182130
182131
182132
182133
182134
182713
182714
182715
182716
182717
182718
182719
182720
182721
182722
182723
182724
182725
182726
182727
182728
182729
182730
182731
182732
182733
182734
182735
182736
182737
182738
182739
182740
182741
182742
182743
182744
182745
182746
182747
182748
182749
182750
182751
182752
182753
182754
182755
182756
182757
182758
182759
182760
182761
182762
182763
182764
182765
182766
182767
182768
182769
182770
182771
182772
182773
183353
183354
183355
183356
183357
183358
183359
183360
183361
183362
183363
183364
183365
183366
183367
183368
183369
183370
183371
183372
183373
183374
183375
183376
183377
183378
183379
183380
183381
183382
183383
183384
183385
183386
183387
183388
183389
183390
183391
183392
183393
183394
183395
183396
183397
183398
183399
183400
183401
183402
183403
183404
183405
183406
183407
183408
183409
183410
183411
183412
183413
183993
183994
183995
183996
183997
183998
183999
184000
184001
184002
184003
184004
184005
184006
184007
184008
184009
184010
184011
184012
184013
184014
184015
184016
184017
184018
184019
184020
184021
184022
184023
184024
184025
184026
184027
184028
184029
184030
184031
184032
184033
184034
184035
184036
184037
184038
184039
184040
184041
184042
184043
184044
184045
184046
184047
184048
184049
184050
184051
184052
184053
184633
184634
184635
184636
184637
184638
184639
184640
184641
184642
184643
184644
184645
184646
184647
184648
184649
184650
184651
184652
184653
184654
184655
184656
184657
184658
184659
184660
184661
184662
184663
184664
184665
184666
184667
184668
184669
184670
184671
184672
184673
184674
184675
184676
184677
184678
184679
184680
184681
184682
184683
184684
184685
184686
184687
184688
184689
184690
184691
184692
184693
185273
185274
185275
185276
185277
185278
185279
185280
185281
185282
185283
185284
185285
185286
185287
185288
185289
185290
185291
185292
185293
185294
185295
185296
185297
185298
185299
185300
185301
185302
185303
185304
185305
185306
185307
185308
185309
185310
185311
185312
185313
185314
185315
185316
185317
185318
185319
185320
185321
185322
185323
185324
185325
185326
185327
185328
185329
185330
185331
185332
185333
185913
185914
185915
185916
185917
185918
185919
185920
185921
185922
185923
185924
185925
185926
185927
185928
185929
185930
185931
185932
185933
185934
185935
185936
185937
185938
185939
185940
185941
185942
185943
185944
185945
185946
185947
185948
185949
185950
185951
185952
185953
185954
185955
185956
185957
185958
185959
185960
185961
185962
185963
185964
185965
185966
185967
185968
185969
185970
185971
185972
185973
186553
186554
186555
186556
186557
186558
186559
186560
186561
186562
186563
186564
186565
186566
186567
186568
186569
186570
186571
186572
186573
186574
186575
186576
186577
186578
186579
186580
186581
186582
186583
186584
186585
186586
186587
186588
186589
186590
186591
186592
186593
186594
186595
186596
186597
186598
186599
186600
186601
186602
186603
186604
186605
186606
186607
186608
186609
186610
186611
186612
186613
187193
187194
187195
187196
187197
187198
187199
187200
187201
187202
187203
187204
187205
187206
187207
187208
187209
187210
187211
187212
187213
187214
187215
187216
187217
187218
187219
187220
187221
187222
187223
187224
187225
187226
187227
187228
187229
187230
187231
187232
187233
187234
187235
187236
187237
187238
187239
187240
187241
187242
187243
187244
187245
187246
187247
187248
187249
187250
187251
187252
187253
187834
187835
187836
187837
187838
187839
187840
187841
187842
187843
187844
187845
187846
187847
187848
187849
187850
187851
187852
187853
187854
187855
187856
187857
187858
187859
187860
187861
187862
187863
187864
187865
187866
187867
187868
187869
187870
187871
187872
187873
187874
187875
187876
187877
187878
187879
187880
187881
187882
187883
187884
187885
187886
187887
187888
187889
187890
187891
187892
187893
188473
188474
188475
188476
188477
188478
188479
188480
188481
188482
188483
188484
188485
188486
188487
188488
188489
188490
188491
188492
188493
188494
188495
188496
188497
188498
188499
188500
188501
188502
188503
188504
188505
188506
188507
188508
188509
188510
188511
188512
188513
188514
188515
188516
188517
188518
188519
188520
188521
188522
188523
188524
188525
188526
188527
188528
188529
188530
188531
188532
188533
189113
189114
189115
189116
189117
189118
189119
189120
189121
189122
189123
189124
189125
189126
189127
189128
189129
189130
189131
189132
189133
189134
189135
189136
189137
189138
189139
189140
189141
189142
189143
189144
189145
189146
189147
189148
189149
189150
189151
189152
189153
189154
189155
189156
189157
189158
189159
189160
189161
189162
189163
189164
189165
189166
189167
189168
189169
189170
189171
189172
189173
189753
189754
189755
189756
189757
189758
189759
189760
189761
189762
189763
189764
189765
189766
189767
189768
189769
189770
189771
189772
189773
189774
189775
189776
189777
189778
189779
189780
189781
189782
189783
189784
189785
189786
189787
189788
189789
189790
189791
189792
189793
189794
189795
189796
189797
189798
189799
189800
189801
189802
189803
189804
189805
189806
189807
189808
189809
189810
189811
189812
190394
190395
190396
190397
190398
190399
190400
190401
190402
190403
190404
190405
190406
190407
190408
190409
190410
190411
190412
190413
190414
190415
190416
190417
190418
190419
190420
190421
190422
190423
190424
190425
190426
190427
190428
190429
190430
190431
190432
190433
190434
190435
190436
190437
190438
190439
190440
190441
190442
190443
190444
190445
190446
190447
190448
190449
190450
190451
191034
191035
191036
191037
191038
191039
191040
191041
191042
191043
191044
191045
191046
191047
191048
191049
191050
191051
191052
191053
191054
191055
191056
191057
191058
191059
191060
191061
191062
191063
191064
191065
191066
191067
191068
191069
191070
191071
191072
191073
191074
191075
191076
191077
191078
191079
191080
191081
191082
191083
191084
191085
191086
191087
191088
191089
191090
191091
191674
191675
191676
191677
191678
191679
191680
191681
191682
191683
191684
191685
191686
191687
191688
191689
191690
191691
191692
191693
191694
191695
191696
191697
191698
191699
191700
191701
191702
191703
191704
191705
191706
191707
191708
191709
191710
191711
191712
191713
191714
191715
191716
191717
191718
191719
191720
191721
191722
191723
191724
191725
191726
191727
191728
191729
191730
192314
192315
192316
192317
192318
192319
192320
192321
192322
192323
192324
192325
192326
192327
192328
192329
192330
192331
192332
192333
192334
192335
192336
192337
192338
192339
192340
192341
192342
192343
192344
192345
192346
192347
192348
192349
192350
192351
192352
192353
192354
192355
192356
192357
192358
192359
192360
192361
192362
192363
192364
192365
192366
192367
192368
192369
192370
192954
192955
192956
192957
192958
192959
192960
192961
192962
192963
192964
192965
192966
192967
192968
192969
192970
192971
192972
192973
192974
192975
192976
192977
192978
192979
192980
192981
192982
192983
192984
192985
192986
192987
192988
192989
192990
192991
192992
192993
192994
192995
192996
192997
192998
192999
193000
193001
193002
193003
193004
193005
193006
193007
193008
193009
193010
193011
193594
193595
193596
193597
193598
193599
193600
193601
193602
193603
193604
193605
193606
193607
193608
193609
193610
193611
193612
193613
193614
193615
193616
193617
193618
193619
193620
193621
193622
193623
193624
193625
193626
193627
193628
193629
193630
193631
193632
193633
193634
193635
193636
193637
193638
193639
193640
193641
193642
193643
193644
193645
193646
193647
193648
193649
193650
193651
194234
194235
194236
194237
194238
194239
194240
194241
194242
194243
194244
194245
194246
194247
194248
194249
194250
194251
194252
194253
194254
194255
194256
194257
194258
194259
194260
194261
194262
194263
194264
194265
194266
194267
194268
194269
194270
194271
194272
194273
194274
194275
194276
194277
194278
194279
194280
194281
194282
194283
194284
194285
194286
194287
194288
194289
194290
194291
194874
194875
194876
194877
194878
194879
194880
194881
194882
194883
194884
194885
194886
194887
194888
194889
194890
194891
194892
194893
194894
194895
194896
194897
194898
194899
194900
194901
194902
194903
194904
194905
194906
194907
194908
194909
194910
194911
194912
194913
194914
194915
194916
194917
194918
194919
194920
194921
194922
194923
194924
194925
194926
194927
194928
194929
194930
195514
195515
195516
195517
195518
195519
195520
195521
195522
195523
195524
195525
195526
195527
195528
195529
195530
195531
195532
195533
195534
195535
195536
195537
195538
195539
195540
195541
195542
195543
195544
195545
195546
195547
195548
195549
195550
195551
195552
195553
195554
195555
195556
195557
195558
195559
195560
195561
195562
195563
195564
195565
195566
195567
195568
195569
195570
196155
196156
196157
196158
196159
196160
196161
196162
196163
196164
196165
196166
196167
196168
196169
196170
196171
196172
196173
196174
196175
196176
196177
196178
196179
196180
196181
196182
196183
196184
196185
196186
196187
196188
196189
196190
196191
196192
196193
196194
196195
196196
196197
196198
196199
196200
196201
196202
196203
196204
196205
196206
196207
196208
196209
196210
196795
196796
196797
196798
196799
196800
196801
196802
196803
196804
196805
196806
196807
196808
196809
196810
196811
196812
196813
196814
196815
196816
196817
196818
196819
196820
196821
196822
196823
196824
196825
196826
196827
196828
196829
196830
196831
196832
196833
196834
196835
196836
196837
196838
196839
196840
196841
196842
196843
196844
196845
196846
196847
196848
197435
197436
197437
197438
197439
197440
197441
197442
197443
197444
197445
197446
197447
197448
197449
197450
197451
197452
197453
197454
197455
197456
197457
197458
197459
197460
197461
197462
197463
197464
197465
197466
197467
197468
197469
197470
197471
197472
197473
197474
197475
197476
197477
197478
197479
197480
197481
197482
197483
197484
197485
197486
197487
197488
198075
198076
198077
198078
198079
198080
198081
198082
198083
198084
198085
198086
198087
198088
198089
198090
198091
198092
198093
198094
198095
198096
198097
198098
198099
198100
198101
198102
198103
198104
198105
198106
198107
198108
198109
198110
198111
198112
198113
198114
198115
198116
198117
198118
198119
198120
198121
198122
198123
198124
198125
198126
198127
198128
198129
198130
198131
198714
198715
198716
198717
198718
198719
198720
198721
198722
198723
198724
198725
198726
198727
198728
198729
198730
198731
198732
198733
198734
198735
198736
198737
198738
198739
198740
198741
198742
198743
198744
198745
198746
198747
198748
198749
198750
198751
198752
198753
198754
198755
198756
198757
198758
198759
198760
198761
198762
198763
198764
198765
198766
198767
198768
198769
198770
198771
199354
199355
199356
199357
199358
199359
199360
199361
199362
199363
199364
199365
199366
199367
199368
199369
199370
199371
199372
199373
199374
199375
199376
199377
199378
199379
199380
199381
199382
199383
199384
199385
199386
199387
199388
199389
199390
199391
199392
199393
199394
199395
199396
199397
199398
199399
199400
199401
199402
199403
199404
199405
199406
199407
199408
199409
199410
199994
199995
199996
199997
199998
199999
200000
200001
200002
200003
200004
200005
200006
200007
200008
200009
200010
200011
200012
200013
200014
200015
200016
200017
200018
200019
200020
200021
200022
200023
200024
200025
200026
200027
200028
200029
200030
200031
200032
200033
200034
200035
200036
200037
200038
200039
200040
200041
200042
200043
200044
200045
200046
200047
200048
200049
200050
200051
200052
200633
200634
200635
200636
200637
200638
200639
200640
200641
200642
200643
200644
200645
200646
200647
200648
200649
200650
200651
200652
200653
200654
200655
200656
200657
200658
200659
200660
200661
200662
200663
200664
200665
200666
200667
200668
200669
200670
200671
200672
200673
200674
200675
200676
200677
200678
200679
200680
200681
200682
200683
200684
200685
200686
200687
200688
200689
200690
200691
200692
200693
201272
201273
201274
201275
201276
201277
201278
201279
201280
201281
201282
201283
201284
201285
201286
201287
201288
201289
201290
201291
201292
201293
201294
201295
201296
201297
201298
201299
201300
201301
201302
201303
201304
201305
201306
201307
201308
201309
201310
201311
201312
201313
201314
201315
201316
201317
201318
201319
201320
201321
201322
201323
201324
201325
201326
201327
201328
201329
201330
201331
201332
201333
201912
201913
201914
201915
201916
201917
201918
201919
201920
201921
201922
201923
201924
201925
201926
201927
201928
201929
201930
201931
201932
201933
201934
201935
201936
201937
201938
201939
201940
201941
201942
201943
201944
201945
201946
201947
201948
201949
201950
201951
201952
201953
201954
201955
201956
201957
201958
201959
201960
201961
201962
201963
201964
201965
201966
201967
201968
201969
201970
201971
201972
202552
202553
202554
202555
202556
202557
202558
202559
202560
202561
202562
202563
202564
202565
202566
202567
202568
202569
202570
202571
202572
202573
202574
202575
202576
202577
202578
202579
202580
202581
202582
202583
202584
202585
202586
202587
202588
202589
202590
202591
202592
202593
202594
202595
202596
202597
202598
202599
202600
202601
202602
202603
202604
202605
202606
202607
202608
202609
202610
202611
202612
203192
203193
203194
203195
203196
203197
203198
203199
203200
203201
203202
203203
203204
203205
203206
203207
203208
203209
203210
203211
203212
203213
203214
203215
203216
203217
203218
203219
203220
203221
203222
203223
203224
203225
203226
203227
203228
203229
203230
203231
203232
203233
203234
203235
203236
203237
203238
203239
203240
203241
203242
203243
203244
203245
203246
203247
203248
203249
203250
203251
203252
203253
203832
203833
203834
203835
203836
203837
203838
203839
203840
203841
203842
203843
203844
203845
203846
203847
203848
203849
203850
203851
203852
203853
203854
203855
203856
203857
203858
203859
203860
203861
203862
203863
203864
203865
203866
203867
203868
203869
203870
203871
203872
203873
203874
203875
203876
203877
203878
203879
203880
203881
203882
203883
203884
203885
203886
203887
203888
203889
203890
203891
203892
203893
204472
204473
204474
204475
204476
204477
204478
204479
204480
204481
204482
204483
204484
204485
204486
204487
204488
204489
204490
204491
204492
204493
204494
204495
204496
204497
204498
204499
204500
204501
204502
204503
204504
204505
204506
204507
204508
204509
204510
204511
204512
204513
204514
204515
204516
204517
204518
204519
204520
204521
204522
204523
204524
204525
204526
204527
204528
204529
204530
204531
204532
204533
205113
205114
205115
205116
205117
205118
205119
205120
205121
205122
205123
205124
205125
205126
205127
205128
205129
205130
205131
205132
205133
205134
205135
205136
205137
205138
205139
205140
205141
205142
205143
205144
205145
205146
205147
205148
205149
205150
205151
205152
205153
205154
205155
205156
205157
205158
205159
205160
205161
205162
205163
205164
205165
205166
205167
205168
205169
205170
205171
205172
205173
205753
205754
205755
205756
205757
205758
205759
205760
205761
205762
205763
205764
205765
205766
205767
205768
205769
205770
205771
205772
205773
205774
205775
205776
205777
205778
205779
205780
205781
205782
205783
205784
205785
205786
205787
205788
205789
205790
205791
205792
205793
205794
205795
205796
205797
205798
205799
205800
205801
205802
205803
205804
205805
205806
205807
205808
205809
205810
205811
205812
206373
206374
206393
206394
206395
206396
206397
206398
206399
206400
206401
206402
206403
206404
206405
206406
206407
206408
206409
206410
206411
206412
206413
206414
206415
206416
206417
206418
206419
206420
206421
206422
206423
206424
206425
206426
206427
206428
206429
206430
206431
206432
206433
206434
206435
206436
206437
206438
206439
206440
206441
206442
206443
206444
206445
206446
206447
206448
206449
206450
206451
206452
206453
207014
207015
207034
207035
207036
207037
207038
207039
207040
207041
207042
207043
207044
207045
207046
207047
207048
207049
207050
207051
207052
207053
207054
207055
207056
207057
207058
207059
207060
207061
207062
207063
207064
207065
207066
207067
207068
207069
207070
207071
207072
207073
207074
207075
207076
207077
207078
207079
207080
207081
207082
207083
207084
207085
207086
207087
207088
207089
207090
207091
207092
207093
207655
207675
207676
207677
207678
207679
207680
207681
207682
207683
207684
207685
207686
207687
207688
207689
207690
207691
207692
207693
207694
207695
207696
207697
207698
207699
207700
207701
207702
207703
207704
207705
207706
207707
207708
207709
207710
207711
207712
207713
207714
207715
207716
207717
207718
207719
207720
207721
207722
207723
207724
207725
207726
207727
207728
207729
207730
207731
207732
207733
207734
208315
208316
208317
208318
208319
208320
208321
208322
208323
208324
208325
208326
208327
208328
208329
208330
208331
208332
208333
208334
208335
208336
208337
208338
208339
208340
208341
208342
208343
208344
208345
208346
208347
208348
208349
208350
208351
208352
208353
208354
208355
208356
208357
208358
208359
208360
208361
208362
208363
208364
208365
208366
208367
208368
208369
208370
208371
208372
208373
208374
208955
208956
208957
208958
208959
208960
208961
208962
208963
208964
208965
208966
208967
208968
208969
208970
208971
208972
208973
208974
208975
208976
208977
208978
208979
208980
208981
208982
208983
208984
208985
208986
208987
208988
208989
208990
208991
208992
208993
208994
208995
208996
208997
208998
208999
209000
209001
209002
209003
209004
209005
209006
209007
209008
209009
209010
209011
209012
209013
209595
209596
209597
209598
209599
209600
209601
209602
209603
209604
209605
209606
209607
209608
209609
209610
209611
209612
209613
209614
209615
209616
209617
209618
209619
209620
209621
209622
209623
209624
209625
209626
209627
209628
209629
209630
209631
209632
209633
209634
209635
209636
209637
209638
209639
209640
209641
209642
209643
209644
209645
209646
209647
209648
209649
209650
209651
209652
209653
210235
210236
210237
210238
210239
210240
210241
210242
210243
210244
210245
210246
210247
210248
210249
210250
210251
210252
210253
210254
210255
210256
210257
210258
210259
210260
210261
210262
210263
210264
210265
210266
210267
210268
210269
210270
210271
210272
210273
210274
210275
210276
210277
210278
210279
210280
210281
210282
210283
210284
210285
210286
210287
210288
210289
210290
210291
210292
210293
210875
210876
210877
210878
210879
210880
210881
210882
210883
210884
210885
210886
210887
210888
210889
210890
210891
210892
210893
210894
210895
210896
210897
210898
210899
210900
210901
210902
210903
210904
210905
210906
210907
210908
210909
210910
210911
210912
210913
210914
210915
210916
210917
210918
210919
210920
210921
210922
210923
210924
210925
210926
210927
210928
210929
210930
210931
210932
210933
211516
211517
211518
211519
211520
211521
211522
211523
211524
211525
211526
211527
211528
211529
211530
211531
211532
211533
211534
211535
211536
211537
211538
211539
211540
211541
211542
211543
211544
211545
211546
211547
211548
211549
211550
211551
211552
211553
211554
211555
211556
211557
211558
211559
211560
211561
211562
211563
211564
211565
211566
211567
211568
211569
211570
211571
211572
211573
212156
212157
212158
212159
212160
212161
212162
212163
212164
212165
212166
212167
212168
212169
212170
212171
212172
212173
212174
212175
212176
212177
212178
212179
212180
212181
212182
212183
212184
212185
212186
212187
212188
212189
212190
212191
212192
212193
212194
212195
212196
212197
212198
212199
212200
212201
212202
212203
212204
212205
212206
212207
212208
212209
212210
212211
212212
212213
212214
212796
212797
212798
212799
212800
212801
212802
212803
212804
212805
212806
212807
212808
212809
212810
212811
212812
212813
212814
212815
212816
212817
212818
212819
212820
212821
212822
212823
212824
212825
212826
212827
212828
212829
212830
212831
212832
212833
212834
212835
212836
212837
212838
212839
212840
212841
212842
212843
212844
212845
212846
212847
212848
212849
212850
212851
212852
212853
212854
213436
213437
213438
213439
213440
213441
213442
213443
213444
213445
213446
213447
213448
213449
213450
213451
213452
213453
213454
213455
213456
213457
213458
213459
213460
213461
213462
213463
213464
213465
213466
213467
213468
213469
213470
213471
213472
213473
213474
213475
213476
213477
213478
213479
213480
213481
213482
213483
213484
213485
213486
213487
213488
213489
213490
213491
213492
213493
213494
214076
214077
214078
214079
214080
214081
214082
214083
214084
214085
214086
214087
214088
214089
214090
214091
214092
214093
214094
214095
214096
214097
214098
214099
214100
214101
214102
214103
214104
214105
214106
214107
214108
214109
214110
214111
214112
214113
214114
214115
214116
214117
214118
214119
214120
214121
214122
214123
214124
214125
214126
214127
214128
214129
214130
214131
214132
214133
214134
214716
214717
214718
214719
214720
214721
214722
214723
214724
214725
214726
214727
214728
214729
214730
214731
214732
214733
214734
214735
214736
214737
214738
214739
214740
214741
214742
214743
214744
214745
214746
214747
214748
214749
214750
214751
214752
214753
214754
214755
214756
214757
214758
214759
214760
214761
214762
214763
214764
214765
214766
214767
214768
214769
214770
214771
214772
214773
215356
215357
215358
215359
215360
215361
215362
215363
215364
215365
215366
215367
215368
215369
215370
215371
215372
215373
215374
215375
215376
215377
215378
215379
215380
215381
215382
215383
215384
215385
215386
215387
215388
215389
215390
215391
215392
215393
215394
215395
215396
215397
215398
215399
215400
215401
215402
215403
215404
215405
215406
215407
215408
215409
215410
215411
215412
215413
215414
215996
215997
215998
215999
216000
216001
216002
216003
216004
216005
216006
216007
216008
216009
216010
216011
216012
216013
216014
216015
216016
216017
216018
216019
216020
216021
216022
216023
216024
216025
216026
216027
216028
216029
216030
216031
216032
216033
216034
216035
216036
216037
216038
216039
216040
216041
216042
216043
216044
216045
216046
216047
216048
216049
216050
216051
216052
216053
216054
216635
216636
216637
216638
216639
216640
216641
216642
216643
216644
216645
216646
216647
216648
216649
216650
216651
216652
216653
216654
216655
216656
216657
216658
216659
216660
216661
216662
216663
216664
216665
216666
216667
216668
216669
216670
216671
216672
216673
216674
216675
216676
216677
216678
216679
216680
216681
216682
216683
216684
216685
216686
216687
216688
216689
216690
216691
216692
216693
216694
217275
217276
217277
217278
217279
217280
217281
217282
217283
217284
217285
217286
217287
217288
217289
217290
217291
217292
217293
217294
217295
217296
217297
217298
217299
217300
217301
217302
217303
217304
217305
217306
217307
217308
217309
217310
217311
217312
217313
217314
217315
217316
217317
217318
217319
217320
217321
217322
217323
217324
217325
217326
217327
217328
217329
217330
217331
217332
217333
217916
217917
217918
217919
217920
217921
217922
217923
217924
217925
217926
217927
217928
217929
217930
217931
217932
217933
217934
217935
217936
217937
217938
217939
217940
217941
217942
217943
217944
217945
217946
217947
217948
217949
217950
217951
217952
217953
217954
217955
217956
217957
217958
217959
217960
217961
217962
217963
217964
217965
217966
217967
217968
217969
217970
217971
217972
217973
218557
218558
218559
218560
218561
218562
218563
218564
218565
218566
218567
218568
218569
218570
218571
218572
218573
218574
218575
218576
218577
218578
218579
218580
218581
218582
218583
218584
218585
218586
218587
218588
218589
218590
218591
218592
218593
218594
218595
218596
218597
218598
218599
218600
218601
218602
218603
218604
218605
218606
218607
218608
218609
218610
218611
218612
219196
219197
219198
219199
219200
219201
219202
219203
219204
219205
219206
219207
219208
219209
219210
219211
219212
219213
219214
219215
219216
219217
219218
219219
219220
219221
219222
219223
219224
219225
219226
219227
219228
219229
219230
219231
219232
219233
219234
219235
219236
219237
219238
219239
219240
219241
219242
219243
219244
219245
219246
219247
219248
219249
219250
219251
219252
219836
219837
219838
219839
219840
219841
219842
219843
219844
219845
219846
219847
219848
219849
219850
219851
219852
219853
219854
219855
219856
219857
219858
219859
219860
219861
219862
219863
219864
219865
219866
219867
219868
219869
219870
219871
219872
219873
219874
219875
219876
219877
219878
219879
219880
219881
219882
219883
219884
219885
219886
219887
219888
219889
219890
219891
219892
220476
220477
220478
220479
220480
220481
220482
220483
220484
220485
220486
220487
220488
220489
220490
220491
220492
220493
220494
220495
220496
220497
220498
220499
220500
220501
220502
220503
220504
220505
220506
220507
220508
220509
220510
220511
220512
220513
220514
220515
220516
220517
220518
220519
220520
220521
220522
220523
220524
220525
220526
220527
220528
220529
220530
220531
220532
221116
221117
221118
221119
221120
221121
221122
221123
221124
221125
221126
221127
221128
221129
221130
221131
221132
221133
221134
221135
221136
221137
221138
221139
221140
221141
221142
221143
221144
221145
221146
221147
221148
221149
221150
221151
221152
221153
221154
221155
221156
221157
221158
221159
221160
221161
221162
221163
221164
221165
221166
221167
221168
221169
221170
221171
221172
221756
221757
221758
221759
221760
221761
221762
221763
221764
221765
221766
221767
221768
221769
221770
221771
221772
221773
221774
221775
221776
221777
221778
221779
221780
221781
221782
221783
221784
221785
221786
221787
221788
221789
221790
221791
221792
221793
221794
221795
221796
221797
221798
221799
221800
221801
221802
221803
221804
221805
221806
221807
221808
221809
221810
221811
221812
221813
222395
222396
222397
222398
222399
222400
222401
222402
222403
222404
222405
222406
222407
222408
222409
222410
222411
222412
222413
222414
222415
222416
222417
222418
222419
222420
222421
222422
222423
222424
222425
222426
222427
222428
222429
222430
222431
222432
222433
222434
222435
222436
222437
222438
222439
222440
222441
222442
222443
222444
222445
222446
222447
222448
222449
222450
222451
222452
222453
223035
223036
223037
223038
223039
223040
223041
223042
223043
223044
223045
223046
223047
223048
223049
223050
223051
223052
223053
223054
223055
223056
223057
223058
223059
223060
223061
223062
223063
223064
223065
223066
223067
223068
223069
223070
223071
223072
223073
223074
223075
223076
223077
223078
223079
223080
223081
223082
223083
223084
223085
223086
223087
223088
223089
223090
223091
223092
223093
223676
223677
223678
223679
223680
223681
223682
223683
223684
223685
223686
223687
223688
223689
223690
223691
223692
223693
223694
223695
223696
223697
223698
223699
223700
223701
223702
223703
223704
223705
223706
223707
223708
223709
223710
223711
223712
223713
223714
223715
223716
223717
223718
223719
223720
223721
223722
223723
223724
223725
223726
223727
223728
223729
223730
223731
223732
223733
224317
224318
224319
224320
224321
224322
224323
224324
224325
224326
224327
224328
224329
224330
224331
224332
224333
224334
224335
224336
224337
224338
224339
224340
224341
224342
224343
224344
224345
224346
224347
224348
224349
224350
224351
224352
224353
224354
224355
224356
224357
224358
224359
224360
224361
224362
224363
224364
224365
224366
224367
224368
224369
224370
224371
224372
224373
224944
224945
224957
224958
224959
224960
224961
224962
224963
224964
224965
224966
224967
224968
224969
224970
224971
224972
224973
224974
224975
224976
224977
224978
224979
224980
224981
224982
224983
224984
224985
224986
224987
224988
224989
224990
224991
224992
224993
224994
224995
224996
224997
224998
224999
225000
225001
225002
225003
225004
225005
225006
225007
225008
225009
225010
225011
225012
225013
225586
225597
225598
225599
225600
225601
225602
225603
225604
225605
225606
225607
225608
225609
225610
225611
225612
225613
225614
225615
225616
225617
225618
225619
225620
225621
225622
225623
225624
225625
225626
225627
225628
225629
225630
225631
225632
225633
225634
225635
225636
225637
225638
225639
225640
225641
225642
225643
225644
225645
225646
225647
225648
225649
225650
225651
225652
225653
225654
226237
226238
226239
226240
226241
226242
226243
226244
226245
226246
226247
226248
226249
226250
226251
226252
226253
226254
226255
226256
226257
226258
226259
226260
226261
226262
226263
226264
226265
226266
226267
226268
226269
226270
226271
226272
226273
226274
226275
226276
226277
226278
226279
226280
226281
226282
226283
226284
226285
226286
226287
226288
226289
226290
226291
226292
226293
226294
226295
226878
226879
226880
226881
226882
226883
226884
226885
226886
226887
226888
226889
226890
226891
226892
226893
226894
226895
226896
226897
226898
226899
226900
226901
226902
226903
226904
226905
226906
226907
226908
226909
226910
226911
226912
226913
226914
226915
226916
226917
226918
226919
226920
226921
226922
226923
226924
226925
226926
226927
226928
226929
226930
226931
226932
226933
226934
226935
227516
227517
227518
227519
227520
227521
227522
227523
227524
227525
227526
227527
227528
227529
227530
227531
227532
227533
227534
227535
227536
227537
227538
227539
227540
227541
227542
227543
227544
227545
227546
227547
227548
227549
227550
227551
227552
227553
227554
227555
227556
227557
227558
227559
227560
227561
227562
227563
227564
227565
227566
227567
227568
227569
227570
227571
227572
227573
227574
227575
228155
228156
228157
228158
228159
228160
228161
228162
228163
228164
228165
228166
228167
228168
228169
228170
228171
228172
228173
228174
228175
228176
228177
228178
228179
228180
228181
228182
228183
228184
228185
228186
228187
228188
228189
228190
228191
228192
228193
228194
228195
228196
228197
228198
228199
228200
228201
228202
228203
228204
228205
228206
228207
228208
228209
228210
228211
228212
228213
228214
228215
228795
228796
228797
228798
228799
228800
228801
228802
228803
228804
228805
228806
228807
228808
228809
228810
228811
228812
228813
228814
228815
228816
228817
228818
228819
228820
228821
228822
228823
228824
228825
228826
228827
228828
228829
228830
228831
228832
228833
228834
228835
228836
228837
228838
228839
228840
228841
228842
228843
228844
228845
228846
228847
228848
228849
228850
228851
228852
228853
228854
229428
229429
229435
229436
229437
229438
229439
229440
229441
229442
229443
229444
229445
229446
229447
229448
229449
229450
229451
229452
229453
229454
229455
229456
229457
229458
229459
229460
229461
229462
229463
229464
229465
229466
229467
229468
229469
229470
229471
229472
229473
229474
229475
229476
229477
229478
229479
229480
229481
229482
229483
229484
229485
229486
229487
229488
229489
229490
229491
229492
229493
230068
230069
230070
230076
230077
230078
230079
230080
230081
230082
230083
230084
230085
230086
230087
230088
230089
230090
230091
230092
230093
230094
230095
230096
230097
230098
230099
230100
230101
230102
230103
230104
230105
230106
230107
230108
230109
230110
230111
230112
230113
230114
230115
230116
230117
230118
230119
230120
230121
230122
230123
230124
230125
230126
230127
230128
230129
230130
230131
230132
230133
230709
230710
230711
230717
230718
230719
230720
230721
230722
230723
230724
230725
230726
230727
230728
230729
230730
230731
230732
230733
230734
230735
230736
230737
230738
230739
230740
230741
230742
230743
230744
230745
230746
230747
230748
230749
230750
230751
230752
230753
230754
230755
230756
230757
230758
230759
230760
230761
230762
230763
230764
230765
230766
230767
230768
230769
230770
230771
230772
230773
231350
231351
231357
231358
231359
231360
231361
231362
231363
231364
231365
231366
231367
231368
231369
231370
231371
231372
231373
231374
231375
231376
231377
231378
231379
231380
231381
231382
231383
231384
231385
231386
231387
231388
231389
231390
231391
231392
231393
231394
231395
231396
231397
231398
231399
231400
231401
231402
231403
231404
231405
231406
231407
231408
231409
231410
231411
231412
231413
231997
231998
231999
232000
232001
232002
232003
232004
232005
232006
232007
232008
232009
232010
232011
232012
232013
232014
232015
232016
232017
232018
232019
232020
232021
232022
232023
232024
232025
232026
232027
232028
232029
232030
232031
232032
232033
232034
232035
232036
232037
232038
232039
232040
232041
232042
232043
232044
232045
232046
232047
232048
232049
232050
232051
232052
232053
232638
232639
232640
232641
232642
232643
232644
232645
232646
232647
232648
232649
232650
232651
232652
232653
232654
232655
232656
232657
232658
232659
232660
232661
232662
232663
232664
232665
232666
232667
232668
232669
232670
232671
232672
232673
232674
232675
232676
232677
232678
232679
232680
232681
232682
232683
232684
232685
232686
232687
232688
232689
232690
232691
232692
232693
232694
233278
233279
233280
233281
233282
233283
233284
233285
233286
233287
233288
233289
233290
233291
233292
233293
233294
233295
233296
233297
233298
233299
233300
233301
233302
233303
233304
233305
233306
233307
233308
233309
233310
233311
233312
233313
233314
233315
233316
233317
233318
233319
233320
233321
233322
233323
233324
233325
233326
233327
233328
233329
233330
233331
233332
233333
233334
233917
233918
233919
233920
233921
233922
233923
233924
233925
233926
233927
233928
233929
233930
233931
233932
233933
233934
233935
233936
233937
233938
233939
233940
233941
233942
233943
233944
233945
233946
233947
233948
233949
233950
233951
233952
233953
233954
233955
233956
233957
233958
233959
233960
233961
233962
233963
233964
233965
233966
233967
233968
233969
233970
233971
233972
233973
233974
234556
234557
234558
234559
234560
234561
234562
234563
234564
234565
234566
234567
234568
234569
234570
234571
234572
234573
234574
234575
234576
234577
234578
234579
234580
234581
234582
234583
234584
234585
234586
234587
234588
234589
234590
234591
234592
234593
234594
234595
234596
234597
234598
234599
234600
234601
234602
234603
234604
234605
234606
234607
234608
234609
234610
234611
234612
234613
235196
235197
235198
235199
235200
235201
235202
235203
235204
235205
235206
235207
235208
235209
235210
235211
235212
235213
235214
235215
235216
235217
235218
235219
235220
235221
235222
235223
235224
235225
235226
235227
235228
235229
235230
235231
235232
235233
235234
235235
235236
235237
235238
235239
235240
235241
235242
235243
235244
235245
235246
235247
235248
235249
235250
235251
235252
235253
235834
235835
235836
235837
235838
235839
235840
235841
235842
235843
235844
235845
235846
235847
235848
235849
235850
235851
235852
235853
235854
235855
235856
235857
235858
235859
235860
235861
235862
235863
235864
235865
235866
235867
235868
235869
235870
235871
235872
235873
235874
235875
235876
235877
235878
235879
235880
235881
235882
235883
235884
235885
235886
235887
235888
235889
235890
235891
235892
235893
236474
236475
236476
236477
236478
236479
236480
236481
236482
236483
236484
236485
236486
236487
236488
236489
236490
236491
236492
236493
236494
236495
236496
236497
236498
236499
236500
236501
236502
236503
236504
236505
236506
236507
236508
236509
236510
236511
236512
236513
236514
236515
236516
236517
236518
236519
236520
236521
236522
236523
236524
236525
236526
236527
236528
236529
236530
236531
236532
237116
237117
237118
237119
237120
237121
237122
237123
237124
237125
237126
237127
237128
237129
237130
237131
237132
237133
237134
237135
237136
237137
237138
237139
237140
237141
237142
237143
237144
237145
237146
237147
237148
237149
237150
237151
237152
237153
237154
237155
237156
237157
237158
237159
237160
237161
237162
237163
237164
237165
237166
237167
237168
237169
237170
237171
237172
237173
237753
237754
237755
237756
237757
237758
237759
237760
237761
237762
237763
237764
237765
237766
237767
237768
237769
237770
237771
237772
237773
237774
237775
237776
237777
237778
237779
237780
237781
237782
237783
237784
237785
237786
237787
237788
237789
237790
237791
237792
237793
237794
237795
237796
237797
237798
237799
237800
237801
237802
237803
237804
237805
237806
237807
237808
237809
237810
237811
237812
237813
238393
238394
238395
238396
238397
238398
238399
238400
238401
238402
238403
238404
238405
238406
238407
238408
238409
238410
238411
238412
238413
238414
238415
238416
238417
238418
238419
238420
238421
238422
238423
238424
238425
238426
238427
238428
238429
238430
238431
238432
238433
238434
238435
238436
238437
238438
238439
238440
238441
238442
238443
238444
238445
238446
238447
238448
238449
238450
238451
238452
238453
239037
239038
239039
239040
239041
239042
239043
239044
239045
239046
239047
239048
239049
239050
239051
239052
239053
239054
239055
239056
239057
239058
239059
239060
239061
239062
239063
239064
239065
239066
239067
239068
239069
239070
239071
239072
239073
239074
239075
239076
239077
239078
239079
239080
239081
239082
239083
239084
239085
239086
239087
239088
239089
239090
239091
239092
239093
239676
239677
239678
239679
239680
239681
239682
239683
239684
239685
239686
239687
239688
239689
239690
239691
239692
239693
239694
239695
239696
239697
239698
239699
239700
239701
239702
239703
239704
239705
239706
239707
239708
239709
239710
239711
239712
239713
239714
239715
239716
239717
239718
239719
239720
239721
239722
239723
239724
239725
239726
239727
239728
239729
239730
239731
239732
239733
240316
240317
240318
240319
240320
240321
240322
240323
240324
240325
240326
240327
240328
240329
240330
240331
240332
240333
240334
240335
240336
240337
240338
240339
240340
240341
240342
240343
240344
240345
240346
240347
240348
240349
240350
240351
240352
240353
240354
240355
240356
240357
240358
240359
240360
240361
240362
240363
240364
240365
240366
240367
240368
240369
240370
240371
240372
240373
240957
240958
240959
240960
240961
240962
240963
240964
240965
240966
240967
240968
240969
240970
240971
240972
240973
240974
240975
240976
240977
240978
240979
240980
240981
240982
240983
240984
240985
240986
240987
240988
240989
240990
240991
240992
240993
240994
240995
240996
240997
240998
240999
241000
241001
241002
241003
241004
241005
241006
241007
241008
241009
241010
241011
241012
241013
241597
241598
241599
241600
241601
241602
241603
241604
241605
241606
241607
241608
241609
241610
241611
241612
241613
241614
241615
241616
241617
241618
241619
241620
241621
241622
241623
241624
241625
241626
241627
241628
241629
241630
241631
241632
241633
241634
241635
241636
241637
241638
241639
241640
241641
241642
241643
241644
241645
241646
241647
241648
241649
241650
241651
241652
241653
242236
242237
242238
242239
242240
242241
242242
242243
242244
242245
242246
242247
242248
242249
242250
242251
242252
242253
242254
242255
242256
242257
242258
242259
242260
242261
242262
242263
242264
242265
242266
242267
242268
242269
242270
242271
242272
242273
242274
242275
242276
242277
242278
242279
242280
242281
242282
242283
242284
242285
242286
242287
242288
242289
242290
242291
242292
242875
242876
242877
242878
242879
242880
242881
242882
242883
242884
242885
242886
242887
242888
242889
242890
242891
242892
242893
242894
242895
242896
242897
242898
242899
242900
242901
242902
242903
242904
242905
242906
242907
242908
242909
242910
242911
242912
242913
242914
242915
242916
242917
242918
242919
242920
242921
242922
242923
242924
242925
242926
242927
242928
242929
242930
242931
242932
243517
243518
243519
243520
243521
243522
243523
243524
243525
243526
243527
243528
243529
243530
243531
243532
243533
243534
243535
243536
243537
243538
243539
243540
243541
243542
243543
243544
243545
243546
243547
243548
243549
243550
243551
243552
243553
243554
243555
243556
243557
243558
243559
243560
243561
243562
243563
243564
243565
243566
243567
243568
243569
243570
243571
243572
244157
244158
244159
244160
244161
244162
244163
244164
244165
244166
244167
244168
244169
244170
244171
244172
244173
244174
244175
244176
244177
244178
244179
244180
244181
244182
244183
244184
244185
244186
244187
244188
244189
244190
244191
244192
244193
244194
244195
244196
244197
244198
244199
244200
244201
244202
244203
244204
244205
244206
244207
244208
244209
244210
244211
244798
244799
244800
244801
244802
244803
244804
244805
244806
244807
244808
244809
244810
244811
244812
244813
244814
244815
244816
244817
244818
244819
244820
244821
244822
244823
244824
244825
244826
244827
244828
244829
244830
244831
244832
244833
244834
244835
244836
244837
244838
244839
244840
244841
244842
244843
244844
244845
244846
244847
244848
244849
245438
245439
245440
245441
245442
245443
245444
245445
245446
245447
245448
245449
245450
245451
245452
245453
245454
245455
245456
245457
245458
245459
245460
245461
245462
245463
245464
245465
245466
245467
245468
245469
245470
245471
245472
245473
245474
245475
245476
245477
245478
245479
245480
245481
245482
245483
245484
245485
245486
245487
246077
246078
246079
246080
246081
246082
246083
246084
246085
246086
246087
246088
246089
246090
246091
246092
246093
246094
246095
246096
246097
246098
246099
246100
246101
246102
246103
246104
246105
246106
246107
246108
246109
246110
246111
246112
246113
246114
246115
246116
246117
246118
246119
246120
246121
246122
246123
246717
246718
246719
246720
246721
246722
246723
246724
246725
246726
246727
246728
246729
246730
246731
246732
246733
246734
246735
246736
246737
246738
246739
246740
246741
246742
246743
246744
246745
246746
246747
246748
246749
246750
246751
246752
246753
246754
246755
246756
246757
246758
247357
247358
247359
247360
247361
247362
247363
247364
247365
247366
247367
247368
247369
247370
247371
247372
247373
247374
247375
247376
247377
247378
247379
247380
247381
247382
247383
247384
247385
247386
247387
247388
247389
247390
247391
247392
247393
247997
247998
247999
248000
248001
248002
248003
248004
248005
248006
248007
248008
248009
248010
248011
248012
248013
248014
248015
248016
248017
248018
248019
248020
248021
248022
248023
248024
248025
248026
248027
248638
248639
248640
248641
248642
248643
248644
248645
248646
248647
248648
248649
248650
248651
248652
248653
248654
248655
248656
248657
248658
248659
248660
248661
248662
249278
249279
249280
249281
249282
249283
249284
249285
249286
249287
249288
249289
249290
249291
249292
249293
249294
249295
249296
249919
249920
249921
249922
249923
249924
249925
249926
249927
249928
249929
249930
249931
249932
250561
250562
250563
250564
250565
250566
250567
