151414
151415
151416
151431
151432
151433
151434
151435
151436
152052
152053
152054
152055
152056
152057
152058
152059
152060
152061
152062
152063
152064
152065
152066
152067
152068
152069
152070
152071
152072
152073
152074
152075
152076
152077
152078
152079
152080
152689
152690
152691
152692
152693
152694
152695
152696
152697
152698
152699
152700
152701
152702
152703
152704
152705
152706
152707
152708
152709
152710
152711
152712
152713
152714
152715
152716
152717
152718
152719
152720
152721
152722
152723
152724
152725
153326
153327
153328
153329
153330
153331
153332
153333
153334
153335
153336
153337
153338
153339
153340
153341
153342
153343
153344
153345
153346
153347
153348
153349
153350
153351
153352
153353
153354
153355
153356
153357
153358
153359
153360
153361
153362
153363
153364
153365
153366
153367
153368
153369
153963
153964
153965
153966
153967
153968
153969
153970
153971
153972
153973
153974
153975
153976
153977
153978
153979
153980
153981
153982
153983
153984
153985
153986
153987
153988
153989
153990
153991
153992
153993
153994
153995
153996
153997
153998
153999
154000
154001
154002
154003
154004
154005
154006
154007
154008
154009
154011
154012
154599
154600
154601
154602
154603
154604
154605
154606
154607
154608
154609
154610
154611
154612
154613
154614
154615
154616
154617
154618
154619
154620
154621
154622
154623
154624
154625
154626
154627
154628
154629
154630
154631
154632
154633
154634
154635
154636
154637
154638
154639
154640
154641
154642
154643
154644
154645
154646
154647
154648
154649
154650
154651
154652
154653
154654
155239
155240
155241
155242
155243
155244
155245
155246
155247
155248
155249
155250
155251
155252
155253
155254
155255
155256
155257
155258
155259
155260
155261
155262
155263
155264
155265
155266
155267
155268
155269
155270
155271
155272
155273
155274
155275
155276
155277
155278
155279
155280
155281
155282
155283
155284
155285
155286
155287
155288
155289
155290
155291
155292
155293
155294
155879
155880
155881
155882
155883
155884
155885
155886
155887
155888
155889
155890
155891
155892
155893
155894
155895
155896
155897
155898
155899
155900
155901
155902
155903
155904
155905
155906
155907
155908
155909
155910
155911
155912
155913
155914
155915
155916
155917
155918
155919
155920
155921
155922
155923
155924
155925
155926
155927
155928
155929
155930
155931
155932
155933
155934
156519
156520
156521
156522
156523
156524
156525
156526
156527
156528
156529
156530
156531
156532
156533
156534
156535
156536
156537
156538
156539
156540
156541
156542
156543
156544
156545
156546
156547
156548
156549
156550
156551
156552
156553
156554
156555
156556
156557
156558
156559
156560
156561
156562
156563
156564
156565
156566
156567
156568
156569
156570
156571
156572
156573
156574
156575
156576
156577
157159
157160
157161
157162
157163
157164
157165
157166
157167
157168
157169
157170
157171
157172
157173
157174
157175
157176
157177
157178
157179
157180
157181
157182
157183
157184
157185
157186
157187
157188
157189
157190
157191
157192
157193
157194
157195
157196
157197
157198
157199
157200
157201
157202
157203
157204
157205
157206
157207
157208
157209
157210
157211
157212
157213
157214
157215
157216
157217
157218
157801
157802
157803
157804
157805
157806
157807
157808
157809
157810
157811
157812
157813
157814
157815
157816
157817
157818
157819
157820
157821
157822
157823
157824
157825
157826
157827
157828
157829
157830
157831
157832
157833
157834
157835
157836
157837
157838
157839
157840
157841
157842
157843
157844
157845
157846
157847
157848
157849
157850
157851
157852
157853
157854
157855
157856
157857
157858
158440
158441
158442
158443
158444
158445
158446
158447
158448
158449
158450
158451
158452
158453
158454
158455
158456
158457
158458
158459
158460
158461
158462
158463
158464
158465
158466
158467
158468
158469
158470
158471
158472
158473
158474
158475
158476
158477
158478
158479
158480
158481
158482
158483
158484
158485
158486
158487
158488
158489
158490
158491
158492
158493
158494
158495
158496
158497
158498
159080
159081
159082
159083
159084
159085
159086
159087
159088
159089
159090
159091
159092
159093
159094
159095
159096
159097
159098
159099
159100
159101
159102
159103
159104
159105
159106
159107
159108
159109
159110
159111
159112
159113
159114
159115
159116
159117
159118
159119
159120
159121
159122
159123
159124
159125
159126
159127
159128
159129
159130
159131
159132
159133
159134
159135
159136
159137
159721
159722
159723
159724
159725
159726
159727
159728
159729
159730
159731
159732
159733
159734
159735
159736
159737
159738
159739
159740
159741
159742
159743
159744
159745
159746
159747
159748
159749
159750
159751
159752
159753
159754
159755
159756
159757
159758
159759
159760
159761
159762
159763
159764
159765
159766
159767
159768
159769
159770
159771
159772
159773
159774
159775
159776
160360
160361
160362
160363
160364
160365
160366
160367
160368
160369
160370
160371
160372
160373
160374
160375
160376
160377
160378
160379
160380
160381
160382
160383
160384
160385
160386
160387
160388
160389
160390
160391
160392
160393
160394
160395
160396
160397
160398
160399
160400
160401
160402
160403
160404
160405
160406
160407
160408
160409
160410
160411
160412
160413
160414
160415
160416
160997
160998
160999
161000
161001
161002
161003
161004
161005
161006
161007
161008
161009
161010
161011
161012
161013
161014
161015
161016
161017
161018
161019
161020
161021
161022
161023
161024
161025
161026
161027
161028
161029
161030
161031
161032
161033
161034
161035
161036
161037
161038
161039
161040
161041
161042
161043
161044
161045
161046
161047
161048
161049
161050
161051
161052
161053
161054
161055
161056
161057
161637
161638
161639
161640
161641
161642
161643
161644
161645
161646
161647
161648
161649
161650
161651
161652
161653
161654
161655
161656
161657
161658
161659
161660
161661
161662
161663
161664
161665
161666
161667
161668
161669
161670
161671
161672
161673
161674
161675
161676
161677
161678
161679
161680
161681
161682
161683
161684
161685
161686
161687
161688
161689
161690
161691
161692
161693
161694
161695
161696
161697
162276
162277
162278
162279
162280
162281
162282
162283
162284
162285
162286
162287
162288
162289
162290
162291
162292
162293
162294
162295
162296
162297
162298
162299
162300
162301
162302
162303
162304
162305
162306
162307
162308
162309
162310
162311
162312
162313
162314
162315
162316
162317
162318
162319
162320
162321
162322
162323
162324
162325
162326
162327
162328
162329
162330
162331
162332
162333
162334
162335
162336
162916
162917
162918
162919
162920
162921
162922
162923
162924
162925
162926
162927
162928
162929
162930
162931
162932
162933
162934
162935
162936
162937
162938
162939
162940
162941
162942
162943
162944
162945
162946
162947
162948
162949
162950
162951
162952
162953
162954
162955
162956
162957
162958
162959
162960
162961
162962
162963
162964
162965
162966
162967
162968
162969
162970
162971
162972
162973
162974
162975
163555
163556
163557
163558
163559
163560
163561
163562
163563
163564
163565
163566
163567
163568
163569
163570
163571
163572
163573
163574
163575
163576
163577
163578
163579
163580
163581
163582
163583
163584
163585
163586
163587
163588
163589
163590
163591
163592
163593
163594
163595
163596
163597
163598
163599
163600
163601
163602
163603
163604
163605
163606
163607
163608
163609
163610
163611
163612
163613
163614
164195
164196
164197
164198
164199
164200
164201
164202
164203
164204
164205
164206
164207
164208
164209
164210
164211
164212
164213
164214
164215
164216
164217
164218
164219
164220
164221
164222
164223
164224
164225
164226
164227
164228
164229
164230
164231
164232
164233
164234
164235
164236
164237
164238
164239
164240
164241
164242
164243
164244
164245
164246
164247
164248
164249
164250
164251
164252
164253
164254
164255
164256
164257
164258
164259
164263
164264
164265
164266
164267
164268
164269
164270
164836
164837
164838
164839
164840
164841
164842
164843
164844
164845
164846
164847
164848
164849
164850
164851
164852
164853
164854
164855
164856
164857
164858
164859
164860
164861
164862
164863
164864
164865
164866
164867
164868
164869
164870
164871
164872
164873
164874
164875
164876
164877
164878
164879
164880
164881
164882
164883
164884
164885
164886
164887
164888
164889
164890
164891
164892
164893
164894
164895
164896
164897
164898
164899
164900
164902
164903
164904
164905
164906
164907
164908
164909
164910
165476
165477
165478
165479
165480
165481
165482
165483
165484
165485
165486
165487
165488
165489
165490
165491
165492
165493
165494
165495
165496
165497
165498
165499
165500
165501
165502
165503
165504
165505
165506
165507
165508
165509
165510
165511
165512
165513
165514
165515
165516
165517
165518
165519
165520
165521
165522
165523
165524
165525
165526
165527
165528
165529
165530
165531
165532
165533
165534
165535
165536
165537
165538
165539
165540
165541
165542
165543
165544
165545
165546
165547
165548
165549
165550
165551
166118
166119
166120
166121
166122
166123
166124
166125
166126
166127
166128
166129
166130
166131
166132
166133
166134
166135
166136
166137
166138
166139
166140
166141
166142
166143
166144
166145
166146
166147
166148
166149
166150
166151
166152
166153
166154
166155
166156
166157
166158
166159
166160
166161
166162
166163
166164
166165
166166
166167
166168
166169
166170
166171
166172
166173
166174
166175
166176
166177
166178
166179
166180
166181
166182
166183
166184
166185
166186
166187
166188
166189
166190
166191
166192
166758
166759
166760
166761
166762
166763
166764
166765
166766
166767
166768
166769
166770
166771
166772
166773
166774
166775
166776
166777
166778
166779
166780
166781
166782
166783
166784
166785
166786
166787
166788
166789
166790
166791
166792
166793
166794
166795
166796
166797
166798
166799
166800
166801
166802
166803
166804
166805
166806
166807
166808
166809
166810
166811
166812
166813
166814
166815
166816
166817
166818
166819
166820
166821
166822
166823
166824
166825
166826
166827
166828
166829
166830
166831
166832
166833
166834
167397
167398
167399
167400
167401
167402
167403
167404
167405
167406
167407
167408
167409
167410
167411
167412
167413
167414
167415
167416
167417
167418
167419
167420
167421
167422
167423
167424
167425
167426
167427
167428
167429
167430
167431
167432
167433
167434
167435
167436
167437
167438
167439
167440
167441
167442
167443
167444
167445
167446
167447
167448
167449
167450
167451
167452
167453
167454
167455
167456
167457
167458
167459
167460
167461
167462
167463
167464
167465
167466
167467
167468
167469
167470
167471
167472
167473
167474
168037
168038
168039
168040
168041
168042
168043
168044
168045
168046
168047
168048
168049
168050
168051
168052
168053
168054
168055
168056
168057
168058
168059
168060
168061
168062
168063
168064
168065
168066
168067
168068
168069
168070
168071
168072
168073
168074
168075
168076
168077
168078
168079
168080
168081
168082
168083
168084
168085
168086
168087
168088
168089
168090
168091
168092
168093
168094
168095
168096
168097
168098
168099
168100
168101
168102
168103
168104
168105
168106
168107
168108
168109
168110
168111
168112
168113
168114
168115
168678
168679
168680
168681
168682
168683
168684
168685
168686
168687
168688
168689
168690
168691
168692
168693
168694
168695
168696
168697
168698
168699
168700
168701
168702
168703
168704
168705
168706
168707
168708
168709
168710
168711
168712
168713
168714
168715
168716
168717
168718
168719
168720
168721
168722
168723
168724
168725
168726
168727
168728
168729
168730
168731
168732
168733
168734
168735
168736
168737
168738
168739
168740
168741
168742
168743
168744
168745
168746
168747
168748
168749
168750
168751
168752
168753
168754
168755
169319
169320
169321
169322
169323
169324
169325
169326
169327
169328
169329
169330
169331
169332
169333
169334
169335
169336
169337
169338
169339
169340
169341
169342
169343
169344
169345
169346
169347
169348
169349
169350
169351
169352
169353
169354
169355
169356
169357
169358
169359
169360
169361
169362
169363
169364
169365
169366
169367
169368
169369
169370
169371
169372
169373
169374
169375
169376
169377
169378
169379
169380
169381
169382
169383
169384
169385
169386
169387
169388
169389
169390
169391
169392
169393
169394
169395
169959
169960
169961
169962
169963
169964
169965
169966
169967
169968
169969
169970
169971
169972
169973
169974
169975
169976
169977
169978
169979
169980
169981
169982
169983
169984
169985
169986
169987
169988
169989
169990
169991
169992
169993
169994
169995
169996
169997
169998
169999
170000
170001
170002
170003
170004
170005
170006
170007
170008
170009
170010
170011
170012
170013
170014
170015
170016
170017
170018
170019
170020
170021
170022
170023
170024
170025
170026
170027
170028
170029
170030
170031
170032
170033
170034
170035
170599
170600
170601
170602
170603
170604
170605
170606
170607
170608
170609
170610
170611
170612
170613
170614
170615
170616
170617
170618
170619
170620
170621
170622
170623
170624
170625
170626
170627
170628
170629
170630
170631
170632
170633
170634
170635
170636
170637
170638
170639
170640
170641
170642
170643
170644
170645
170646
170647
170648
170649
170650
170651
170652
170653
170654
170655
170656
170657
170658
170659
170660
170661
170662
170663
170664
170665
170666
170667
170668
170669
170670
170671
170672
170673
170674
170675
171236
171237
171238
171239
171240
171241
171242
171243
171244
171245
171246
171247
171248
171249
171250
171251
171252
171253
171254
171255
171256
171257
171258
171259
171260
171261
171262
171263
171264
171265
171266
171267
171268
171269
171270
171271
171272
171273
171274
171275
171276
171277
171278
171279
171280
171281
171282
171283
171284
171285
171286
171287
171288
171289
171290
171291
171292
171293
171294
171295
171296
171297
171298
171299
171300
171301
171302
171303
171304
171305
171306
171307
171308
171309
171310
171311
171312
171313
171314
171315
171876
171877
171878
171879
171880
171881
171882
171883
171884
171885
171886
171887
171888
171889
171890
171891
171892
171893
171894
171895
171896
171897
171898
171899
171900
171901
171902
171903
171904
171905
171906
171907
171908
171909
171910
171911
171912
171913
171914
171915
171916
171917
171918
171919
171920
171921
171922
171923
171924
171925
171926
171927
171928
171929
171930
171931
171932
171933
171934
171935
171936
171937
171938
171939
171940
171941
171942
171943
171944
171945
171946
171947
171948
171949
171950
171951
171952
171953
171954
171955
171956
172516
172517
172518
172519
172520
172521
172522
172523
172524
172525
172526
172527
172528
172529
172530
172531
172532
172533
172534
172535
172536
172537
172538
172539
172540
172541
172542
172543
172544
172545
172546
172547
172548
172549
172550
172551
172552
172553
172554
172555
172556
172557
172558
172559
172560
172561
172562
172563
172564
172565
172566
172567
172568
172569
172570
172571
172572
172573
172574
172575
172576
172577
172578
172579
172580
172581
172582
172583
172584
172585
172586
172587
172588
172589
172590
172591
172592
172593
172594
172595
172596
173156
173157
173158
173159
173160
173161
173162
173163
173164
173165
173166
173167
173168
173169
173170
173171
173172
173173
173174
173175
173176
173177
173178
173179
173180
173181
173182
173183
173184
173185
173186
173187
173188
173189
173190
173191
173192
173193
173194
173195
173196
173197
173198
173199
173200
173201
173202
173203
173204
173205
173206
173207
173208
173209
173210
173211
173212
173213
173214
173215
173216
173217
173218
173219
173220
173221
173222
173223
173224
173225
173226
173227
173228
173229
173230
173231
173232
173233
173234
173235
173796
173797
173798
173799
173800
173801
173802
173803
173804
173805
173806
173807
173808
173809
173810
173811
173812
173813
173814
173815
173816
173817
173818
173819
173820
173821
173822
173823
173824
173825
173826
173827
173828
173829
173830
173831
173832
173833
173834
173835
173836
173837
173838
173839
173840
173841
173842
173843
173844
173845
173846
173847
173848
173849
173850
173851
173852
173853
173854
173855
173856
173857
173858
173859
173860
173861
173862
173863
173864
173865
173866
173867
173868
173869
173870
173871
173872
173873
173874
174436
174437
174438
174439
174440
174441
174442
174443
174444
174445
174446
174447
174448
174449
174450
174451
174452
174453
174454
174455
174456
174457
174458
174459
174460
174461
174462
174463
174464
174465
174466
174467
174468
174469
174470
174471
174472
174473
174474
174475
174476
174477
174478
174479
174480
174481
174482
174483
174484
174485
174486
174487
174488
174489
174490
174491
174492
174493
174494
174495
174496
174497
174498
174499
174500
174501
174502
174503
174504
174505
174506
174507
174508
174509
174510
174511
174512
174513
175076
175077
175078
175079
175080
175081
175082
175083
175084
175085
175086
175087
175088
175089
175090
175091
175092
175093
175094
175095
175096
175097
175098
175099
175100
175101
175102
175103
175104
175105
175106
175107
175108
175109
175110
175111
175112
175113
175114
175115
175116
175117
175118
175119
175120
175121
175122
175123
175124
175125
175126
175127
175128
175129
175130
175131
175132
175133
175134
175135
175136
175137
175138
175139
175140
175141
175142
175143
175144
175145
175146
175147
175148
175149
175150
175151
175152
175153
175716
175717
175718
175719
175720
175721
175722
175723
175724
175725
175726
175727
175728
175729
175730
175731
175732
175733
175734
175735
175736
175737
175738
175739
175740
175741
175742
175743
175744
175745
175746
175747
175748
175749
175750
175751
175752
175753
175754
175755
175756
175757
175758
175759
175760
175761
175762
175763
175764
175765
175766
175767
175768
175769
175770
175771
175772
175773
175774
175775
175776
175777
175778
175779
175780
175781
175782
175783
175784
175785
175786
175787
175788
175789
175790
175791
175792
176356
176357
176358
176359
176360
176361
176362
176363
176364
176365
176366
176367
176368
176369
176370
176371
176372
176373
176374
176375
176376
176377
176378
176379
176380
176381
176382
176383
176384
176385
176386
176387
176388
176389
176390
176391
176392
176393
176394
176395
176396
176397
176398
176399
176400
176401
176402
176403
176404
176405
176406
176407
176408
176409
176410
176411
176412
176413
176414
176415
176416
176417
176418
176419
176420
176421
176422
176423
176424
176425
176426
176427
176428
176429
176430
176431
176432
176996
176997
176998
176999
177000
177001
177002
177003
177004
177005
177006
177007
177008
177009
177010
177011
177012
177013
177014
177015
177016
177017
177018
177019
177020
177021
177022
177023
177024
177025
177026
177027
177028
177029
177030
177031
177032
177033
177034
177035
177036
177037
177038
177039
177040
177041
177042
177043
177044
177045
177046
177047
177048
177049
177050
177051
177052
177053
177054
177055
177056
177057
177058
177059
177060
177061
177062
177063
177064
177065
177066
177067
177068
177069
177070
177071
177072
177636
177637
177638
177639
177640
177641
177642
177643
177644
177645
177646
177647
177648
177649
177650
177651
177652
177653
177654
177655
177656
177657
177658
177659
177660
177661
177662
177663
177664
177665
177666
177667
177668
177669
177670
177671
177672
177673
177674
177675
177676
177677
177678
177679
177680
177681
177682
177683
177684
177685
177686
177687
177688
177689
177690
177691
177692
177693
177694
177695
177696
177697
177698
177699
177700
177701
177702
177703
177704
177705
177706
177707
177708
177709
177710
177711
177712
178276
178277
178278
178279
178280
178281
178282
178283
178284
178285
178286
178287
178288
178289
178290
178291
178292
178293
178294
178295
178296
178297
178298
178299
178300
178301
178302
178303
178304
178305
178306
178307
178308
178309
178310
178311
178312
178313
178314
178315
178316
178317
178318
178319
178320
178321
178322
178323
178324
178325
178326
178327
178328
178329
178330
178331
178332
178333
178334
178335
178336
178337
178338
178339
178340
178341
178342
178343
178344
178345
178346
178347
178348
178349
178350
178351
178352
178916
178917
178918
178919
178920
178921
178922
178923
178924
178925
178926
178927
178928
178929
178930
178931
178932
178933
178934
178935
178936
178937
178938
178939
178940
178941
178942
178943
178944
178945
178946
178947
178948
178949
178950
178951
178952
178953
178954
178955
178956
178957
178958
178959
178960
178961
178962
178963
178964
178965
178966
178967
178968
178969
178970
178971
178972
178973
178974
178975
178976
178977
178978
178979
178980
178981
178982
178983
178984
178985
178986
178987
178988
178989
178990
178991
178992
179556
179557
179558
179559
179560
179561
179562
179563
179564
179565
179566
179567
179568
179569
179570
179571
179572
179573
179574
179575
179576
179577
179578
179579
179580
179581
179582
179583
179584
179585
179586
179587
179588
179589
179590
179591
179592
179593
179594
179595
179596
179597
179598
179599
179600
179601
179602
179603
179604
179605
179606
179607
179608
179609
179610
179611
179612
179613
179614
179615
179616
179617
179618
179619
179620
179621
179622
179623
179624
179625
179626
179627
179628
179629
179630
179631
180196
180197
180198
180199
180200
180201
180202
180203
180204
180205
180206
180207
180208
180209
180210
180211
180212
180213
180214
180215
180216
180217
180218
180219
180220
180221
180222
180223
180224
180225
180226
180227
180228
180229
180230
180231
180232
180233
180234
180235
180236
180237
180238
180239
180240
180241
180242
180243
180244
180245
180246
180247
180248
180249
180250
180251
180252
180253
180254
180255
180256
180257
180258
180259
180260
180261
180262
180263
180264
180265
180266
180267
180268
180269
180270
180271
180837
180838
180839
180840
180841
180842
180843
180844
180845
180846
180847
180848
180849
180850
180851
180852
180853
180854
180855
180856
180857
180858
180859
180860
180861
180862
180863
180864
180865
180866
180867
180868
180869
180870
180871
180872
180873
180874
180875
180876
180877
180878
180879
180880
180881
180882
180883
180884
180885
180886
180887
180888
180889
180890
180891
180892
180893
180894
180895
180896
180897
180898
180899
180900
180901
180902
180903
180904
180905
180906
180907
180908
180909
180910
181479
181480
181481
181482
181483
181484
181485
181486
181487
181488
181489
181490
181491
181492
181493
181494
181495
181496
181497
181498
181499
181500
181501
181502
181503
181504
181505
181506
181507
181508
181509
181510
181511
181512
181513
181514
181515
181516
181517
181518
181519
181520
181521
181522
181523
181524
181525
181526
181527
181528
181529
181530
181531
181532
181533
181534
181535
181536
181537
181538
181539
181540
181541
181542
181543
181544
181545
181546
181547
181548
182119
182120
182121
182122
182123
182124
182125
182126
182127
182128
182129
182130
182131
182132
182133
182134
182135
182136
182137
182138
182139
182140
182141
182142
182143
182144
182145
182146
182147
182148
182149
182150
182151
182152
182153
182154
182155
182156
182157
182158
182159
182160
182161
182162
182163
182164
182165
182166
182167
182168
182169
182170
182171
182172
182173
182174
182175
182176
182177
182178
182179
182180
182181
182182
182183
182184
182185
182186
182187
182188
182760
182761
182762
182763
182764
182765
182766
182767
182768
182769
182770
182771
182772
182773
182774
182775
182776
182777
182778
182779
182780
182781
182782
182783
182784
182785
182786
182787
182788
182789
182790
182791
182792
182793
182794
182795
182796
182797
182798
182799
182800
182801
182802
182803
182804
182805
182806
182807
182808
182809
182810
182811
182812
182813
182814
182815
182816
182817
182818
182819
182820
182821
182822
182823
182824
182825
182826
182827
183400
183401
183402
183403
183404
183405
183406
183407
183408
183409
183410
183411
183412
183413
183414
183415
183416
183417
183418
183419
183420
183421
183422
183423
183424
183425
183426
183427
183428
183429
183430
183431
183432
183433
183434
183435
183436
183437
183438
183439
183440
183441
183442
183443
183444
183445
183446
183447
183448
183449
183450
183451
183452
183453
183454
183455
183456
183457
183458
183459
183460
183461
183462
183463
183464
183465
183466
184040
184041
184042
184043
184044
184045
184046
184047
184048
184049
184050
184051
184052
184053
184054
184055
184056
184057
184058
184059
184060
184061
184062
184063
184064
184065
184066
184067
184068
184069
184070
184071
184072
184073
184074
184075
184076
184077
184078
184079
184080
184081
184082
184083
184084
184085
184086
184087
184088
184089
184090
184091
184092
184093
184094
184095
184096
184097
184098
184099
184100
184101
184102
184103
184104
184105
184106
184679
184680
184681
184682
184683
184684
184685
184686
184687
184688
184689
184690
184691
184692
184693
184694
184695
184696
184697
184698
184699
184700
184701
184702
184703
184704
184705
184706
184707
184708
184709
184710
184711
184712
184713
184714
184715
184716
184717
184718
184719
184720
184721
184722
184723
184724
184725
184726
184727
184728
184729
184730
184731
184732
184733
184734
184735
184736
184737
184738
184739
184740
184741
184742
184743
184744
184745
185319
185320
185321
185322
185323
185324
185325
185326
185327
185328
185329
185330
185331
185332
185333
185334
185335
185336
185337
185338
185339
185340
185341
185342
185343
185344
185345
185346
185347
185348
185349
185350
185351
185352
185353
185354
185355
185356
185357
185358
185359
185360
185361
185362
185363
185364
185365
185366
185367
185368
185369
185370
185371
185372
185373
185374
185375
185376
185377
185378
185379
185380
185381
185382
185383
185960
185961
185962
185963
185964
185965
185966
185967
185968
185969
185970
185971
185972
185973
185974
185975
185976
185977
185978
185979
185980
185981
185982
185983
185984
185985
185986
185987
185988
185989
185990
185991
185992
185993
185994
185995
185996
185997
185998
185999
186000
186001
186002
186003
186004
186005
186006
186007
186008
186009
186010
186011
186012
186013
186014
186015
186016
186017
186018
186019
186020
186021
186022
186599
186600
186601
186602
186603
186604
186605
186606
186607
186608
186609
186610
186611
186612
186613
186614
186615
186616
186617
186618
186619
186620
186621
186622
186623
186624
186625
186626
186627
186628
186629
186630
186631
186632
186633
186634
186635
186636
186637
186638
186639
186640
186641
186642
186643
186644
186645
186646
186647
186648
186649
186650
186651
186652
186653
186654
186655
186656
186657
186658
187239
187240
187241
187242
187243
187244
187245
187246
187247
187248
187249
187250
187251
187252
187253
187254
187255
187256
187257
187258
187259
187260
187261
187262
187263
187264
187265
187266
187267
187268
187269
187270
187271
187272
187273
187274
187275
187276
187277
187278
187279
187280
187281
187282
187283
187284
187285
187286
187287
187288
187289
187290
187291
187292
187293
187294
187295
187296
187297
187298
187880
187881
187882
187883
187884
187885
187886
187887
187888
187889
187890
187891
187892
187893
187894
187895
187896
187897
187898
187899
187900
187901
187902
187903
187904
187905
187906
187907
187908
187909
187910
187911
187912
187913
187914
187915
187916
187917
187918
187919
187920
187921
187922
187923
187924
187925
187926
187927
187928
187929
187930
187931
187932
187933
187934
187935
187936
187937
187938
188520
188521
188522
188523
188524
188525
188526
188527
188528
188529
188530
188531
188532
188533
188534
188535
188536
188537
188538
188539
188540
188541
188542
188543
188544
188545
188546
188547
188548
188549
188550
188551
188552
188553
188554
188555
188556
188557
188558
188559
188560
188561
188562
188563
188564
188565
188566
188567
188568
188569
188570
188571
188572
188573
188574
188575
188576
188577
188578
189161
189162
189163
189164
189165
189166
189167
189168
189169
189170
189171
189172
189173
189174
189175
189176
189177
189178
189179
189180
189181
189182
189183
189184
189185
189186
189187
189188
189189
189190
189191
189192
189193
189194
189195
189196
189197
189198
189199
189200
189201
189202
189203
189204
189205
189206
189207
189208
189209
189210
189211
189212
189213
189214
189215
189216
189217
189218
189219
189220
189221
189222
189223
189224
189801
189802
189803
189804
189805
189806
189807
189808
189809
189810
189811
189812
189813
189814
189815
189816
189817
189818
189819
189820
189821
189822
189823
189824
189825
189826
189827
189828
189829
189830
189831
189832
189833
189834
189835
189836
189837
189838
189839
189840
189841
189842
189843
189844
189845
189846
189847
189848
189849
189850
189851
189852
189853
189854
189855
189856
189857
189858
189860
189861
189862
189863
189864
190440
190441
190442
190443
190444
190445
190446
190447
190448
190449
190450
190451
190452
190453
190454
190455
190456
190457
190458
190459
190460
190461
190462
190463
190464
190465
190466
190467
190468
190469
190470
190471
190472
190473
190474
190475
190476
190477
190478
190479
190480
190481
190482
190483
190484
190485
190486
190487
190488
190489
190490
190491
190492
190493
190494
190495
190496
190501
190502
190503
190504
191079
191080
191081
191082
191083
191084
191085
191086
191087
191088
191089
191090
191091
191092
191093
191094
191095
191096
191097
191098
191099
191100
191101
191102
191103
191104
191105
191106
191107
191108
191109
191110
191111
191112
191113
191114
191115
191116
191117
191118
191119
191120
191121
191122
191123
191124
191125
191126
191127
191128
191129
191130
191131
191132
191133
191134
191135
191142
191143
191719
191720
191721
191722
191723
191724
191725
191726
191727
191728
191729
191730
191731
191732
191733
191734
191735
191736
191737
191738
191739
191740
191741
191742
191743
191744
191745
191746
191747
191748
191749
191750
191751
191752
191753
191754
191755
191756
191757
191758
191759
191760
191761
191762
191763
191764
191765
191766
191767
191768
191769
191770
191771
191772
191773
191774
191775
192359
192360
192361
192362
192363
192364
192365
192366
192367
192368
192369
192370
192371
192372
192373
192374
192375
192376
192377
192378
192379
192380
192381
192382
192383
192384
192385
192386
192387
192388
192389
192390
192391
192392
192393
192394
192395
192396
192397
192398
192399
192400
192401
192402
192403
192404
192405
192406
192407
192408
192409
192410
192411
192412
192413
192414
192415
193000
193001
193002
193003
193004
193005
193006
193007
193008
193009
193010
193011
193012
193013
193014
193015
193016
193017
193018
193019
193020
193021
193022
193023
193024
193025
193026
193027
193028
193029
193030
193031
193032
193033
193034
193035
193036
193037
193038
193039
193040
193041
193042
193043
193044
193045
193046
193047
193048
193049
193050
193051
193052
193053
193054
193055
193641
193642
193643
193644
193645
193646
193647
193648
193649
193650
193651
193652
193653
193654
193655
193656
193657
193658
193659
193660
193661
193662
193663
193664
193665
193666
193667
193668
193669
193670
193671
193672
193673
193674
193675
193676
193677
193678
193679
193680
193681
193682
193683
193684
193685
193686
193687
193688
193689
193690
193691
193692
193693
193694
193695
194281
194282
194283
194284
194285
194286
194287
194288
194289
194290
194291
194292
194293
194294
194295
194296
194297
194298
194299
194300
194301
194302
194303
194304
194305
194306
194307
194308
194309
194310
194311
194312
194313
194314
194315
194316
194317
194318
194319
194320
194321
194322
194323
194324
194325
194326
194327
194328
194329
194330
194331
194332
194333
194922
194923
194924
194925
194926
194927
194928
194929
194930
194931
194932
194933
194934
194935
194936
194937
194938
194939
194940
194941
194942
194943
194944
194945
194946
194947
194948
194949
194950
194951
194952
194953
194954
194955
194956
194957
194958
194959
194960
194961
194962
194963
194964
194965
194966
194967
194968
194969
194970
194971
194972
194973
195563
195564
195565
195566
195567
195568
195569
195570
195571
195572
195573
195574
195575
195576
195577
195578
195579
195580
195581
195582
195583
195584
195585
195586
195587
195588
195589
195590
195591
195592
195593
195594
195595
195596
195597
195598
195599
195600
195601
195602
195603
195604
195605
195606
195607
195608
195609
195610
195611
195612
196203
196204
196205
196206
196207
196208
196209
196210
196211
196212
196213
196214
196215
196216
196217
196218
196219
196220
196221
196222
196223
196224
196225
196226
196227
196228
196229
196230
196231
196232
196233
196234
196235
196236
196237
196238
196239
196240
196241
196242
196243
196244
196245
196246
196247
196248
196249
196250
196251
196843
196844
196845
196846
196847
196848
196849
196850
196851
196852
196853
196854
196855
196856
196857
196858
196859
196860
196861
196862
196863
196864
196865
196866
196867
196868
196869
196870
196871
196872
196873
196874
196875
196876
196877
196878
196879
196880
196881
196882
196883
196884
196885
196886
196887
196888
196889
196890
196891
197483
197484
197485
197486
197487
197488
197489
197490
197491
197492
197493
197494
197495
197496
197497
197498
197499
197500
197501
197502
197503
197504
197505
197506
197507
197508
197509
197510
197511
197512
197513
197514
197515
197516
197517
197518
197519
197520
197521
197522
197523
197524
197525
197526
197527
197528
197529
197530
198123
198124
198125
198126
198127
198128
198129
198130
198131
198132
198133
198134
198135
198136
198137
198138
198139
198140
198141
198142
198143
198144
198145
198146
198147
198148
198149
198150
198151
198152
198153
198154
198155
198156
198157
198158
198159
198160
198161
198162
198163
198164
198165
198166
198167
198168
198169
198170
198171
198763
198764
198765
198766
198767
198768
198769
198770
198771
198772
198773
198774
198775
198776
198777
198778
198779
198780
198781
198782
198783
198784
198785
198786
198787
198788
198789
198790
198791
198792
198793
198794
198795
198796
198797
198798
198799
198800
198801
198802
198803
198804
198805
198806
198807
198808
198809
198810
198811
199403
199404
199405
199406
199407
199408
199409
199410
199411
199412
199413
199414
199415
199416
199417
199418
199419
199420
199421
199422
199423
199424
199425
199426
199427
199428
199429
199430
199431
199432
199433
199434
199435
199436
199437
199438
199439
199440
199441
199442
199443
199444
199445
199446
199447
199448
199449
199450
199451
200045
200046
200047
200048
200049
200050
200051
200052
200053
200054
200055
200056
200057
200058
200059
200060
200061
200062
200063
200064
200065
200066
200067
200068
200069
200070
200071
200072
200073
200074
200075
200076
200077
200078
200079
200080
200081
200082
200083
200084
200085
200086
200087
200088
200089
200090
200095
200096
200688
200689
200690
200691
200692
200693
200694
200695
200696
200697
200698
200699
200700
200701
200702
200703
200704
200705
200706
200707
200708
200709
200710
200711
200712
200713
200714
200715
200716
200717
200718
200719
200720
200721
200722
200723
200724
200725
200726
200727
200728
200729
200730
201329
201330
201331
201332
201333
201334
201335
201336
201337
201338
201339
201340
201341
201342
201343
201344
201345
201346
201347
201348
201349
201350
201351
201352
201353
201354
201355
201356
201357
201358
201359
201360
201361
201362
201363
201364
201365
201366
201369
201370
201371
201972
201973
201974
201975
201976
201977
201978
201979
201980
201981
201982
201983
201984
201985
201986
201987
201988
201989
201990
201991
201992
201993
201994
201995
201996
201997
201998
201999
202000
202001
202002
202003
202004
202005
202011
202615
202616
202617
202618
202619
202620
202621
202622
202623
202624
202625
202626
202627
202628
202629
202630
202631
202632
202633
202634
202635
202636
202637
202638
202639
202640
202641
202644
202645
202652
202653
203261
203262
203263
203264
203265
203266
203267
203268
203269
203270
203271
203272
203273
203284
203285
203292
203293
