58581
58582
58583
58584
58585
59218
59219
59220
59221
59222
59223
59224
59225
59226
59227
59228
59229
59230
59231
59232
59233
59234
59238
59239
59243
59244
59245
59246
59247
59248
59858
59859
59860
59861
59862
59863
59864
59865
59866
59867
59868
59869
59870
59871
59872
59873
59874
59878
59879
59883
59884
59885
59886
59887
59888
60489
60490
60491
60492
60493
60494
60495
60496
60497
60498
60499
60500
60501
60502
60503
60504
60505
60506
60507
60508
60509
60510
60511
60512
60513
60514
60515
60516
60518
60519
60520
60521
60522
60523
60524
60525
60526
60527
60528
60529
60530
60531
60532
61129
61130
61131
61132
61133
61134
61135
61136
61137
61138
61139
61140
61141
61142
61143
61144
61145
61146
61147
61148
61149
61150
61151
61152
61153
61154
61155
61156
61157
61158
61159
61160
61161
61162
61163
61164
61165
61166
61167
61168
61169
61170
61171
61172
61757
61758
61765
61766
61767
61768
61769
61770
61771
61772
61773
61774
61775
61776
61777
61778
61779
61780
61781
61782
61783
61784
61785
61786
61787
61788
61789
61790
61791
61792
61793
61794
61795
61796
61797
61798
61799
61800
61801
61802
61803
61804
61805
61806
61807
61808
61809
61810
61811
61812
62397
62398
62399
62400
62401
62402
62403
62405
62406
62407
62408
62409
62410
62411
62412
62413
62414
62415
62416
62417
62418
62419
62420
62421
62422
62423
62424
62425
62426
62427
62428
62429
62430
62431
62432
62433
62434
62435
62436
62437
62438
62439
62440
62441
62442
62443
62444
62445
62446
62447
62448
62449
62450
62451
62452
63036
63037
63038
63039
63040
63041
63042
63043
63044
63045
63046
63047
63048
63049
63050
63051
63052
63053
63054
63055
63056
63057
63058
63059
63060
63061
63062
63063
63064
63065
63066
63067
63068
63069
63070
63071
63072
63073
63074
63075
63076
63077
63078
63079
63080
63081
63082
63083
63084
63085
63086
63087
63088
63089
63090
63091
63674
63675
63676
63677
63678
63679
63680
63681
63682
63683
63684
63685
63686
63687
63688
63689
63690
63691
63692
63693
63694
63695
63696
63697
63698
63699
63700
63701
63702
63703
63704
63705
63706
63707
63708
63709
63710
63711
63712
63713
63714
63715
63716
63717
63718
63719
63720
63721
63722
63723
63724
64314
64315
64316
64317
64318
64319
64320
64321
64322
64323
64324
64325
64326
64327
64328
64329
64330
64331
64332
64333
64334
64335
64336
64337
64338
64339
64340
64341
64342
64343
64344
64345
64346
64347
64348
64351
64352
64353
64355
64356
64357
64358
64359
64360
64361
64362
64954
64955
64956
64957
64958
64959
64960
64961
64962
64963
64964
64965
64966
64967
64968
64969
64970
64971
64972
64973
64974
64975
64976
64977
64978
64979
64980
64981
64982
64983
64984
64985
64986
65594
65595
65596
65597
65598
65599
65600
65601
65602
65603
65604
65605
65606
65607
65608
65609
65610
65611
65612
65613
65614
65615
65616
65617
65618
65619
65620
65621
65622
66234
66235
66236
66237
66238
66239
66240
66241
66242
66243
66244
66245
66246
66247
66248
66249
66250
66251
66252
66253
66254
66255
66256
66257
66258
66259
66260
66261
66262
66876
66877
66878
66879
66880
66881
66882
66883
66884
66885
66886
66887
66888
66889
66890
66891
66892
66893
66894
66895
66896
66897
66898
66899
66900
66901
66902
67521
67522
67523
67524
67525
67534
67535
67536
67537
67538
67539
67540
67541
67542
68161
68162
68163
68164
68165
68802
68803
68843
68844
69483
69484
69485
69486
70123
70124
70125
70126
70762
70763
70764
70765
70766
71400
71401
71402
71403
71404
71405
71406
72034
72035
72036
72037
72038
72039
72040
72041
72042
72043
72044
72045
72046
72051
72052
72053
72648
72649
72650
72651
72662
72663
72672
72673
72674
72675
72676
72677
72678
72679
72680
72681
72682
72683
72684
72685
72686
72691
72692
72693
73286
73287
73288
73289
73290
73291
73292
73293
73294
73295
73296
73297
73298
73299
73300
73301
73302
73303
73304
73306
73307
73308
73309
73311
73312
73313
73314
73315
73316
73317
73318
73319
73320
73321
73322
73323
73324
73325
73326
73327
73328
73329
73330
73331
73332
73333
73923
73924
73925
73926
73927
73928
73929
73930
73931
73932
73933
73934
73935
73936
73937
73938
73939
73940
73941
73942
73943
73944
73945
73946
73947
73948
73949
73951
73952
73953
73954
73955
73956
73957
73958
73959
73960
73961
73962
73963
73964
73965
73966
73967
73968
73969
73970
73971
73972
73973
74563
74564
74565
74566
74567
74568
74569
74570
74571
74572
74573
74574
74575
74576
74577
74578
74579
74580
74581
74582
74583
74584
74585
74586
74587
74588
74589
74590
74591
74592
74593
74594
74595
74596
74597
74598
74599
74600
74601
74602
74603
74604
74605
74606
74607
74608
74609
74610
74611
74612
74613
74614
75197
75198
75199
75200
75201
75203
75204
75205
75206
75207
75208
75209
75210
75211
75212
75213
75214
75215
75216
75217
75218
75219
75220
75221
75222
75223
75224
75225
75226
75227
75228
75229
75230
75231
75232
75233
75234
75235
75236
75237
75238
75239
75240
75241
75242
75243
75244
75245
75246
75247
75248
75249
75250
75251
75252
75253
75254
75834
75835
75836
75837
75838
75839
75840
75841
75842
75843
75844
75845
75846
75847
75848
75849
75850
75851
75852
75853
75854
75855
75856
75857
75858
75859
75860
75861
75862
75863
75864
75865
75866
75867
75868
75869
75870
75871
75872
75873
75874
75875
75876
75877
75878
75879
75880
75881
75882
75883
75884
75885
75886
75887
75888
75889
75890
75891
75892
75893
76474
76475
76476
76477
76478
76479
76480
76481
76482
76483
76484
76485
76486
76487
76488
76489
76490
76491
76492
76493
76494
76495
76496
76497
76498
76499
76500
76501
76502
76503
76504
76505
76506
76507
76508
76509
76510
76511
76512
76513
76514
76515
76516
76517
76518
76519
76520
76521
76522
76523
76524
76525
76526
76527
76528
76529
76530
76531
76532
76533
77110
77111
77112
77113
77114
77115
77116
77117
77118
77119
77120
77121
77122
77123
77124
77125
77126
77127
77128
77129
77130
77131
77132
77133
77134
77135
77136
77137
77138
77139
77140
77141
77142
77143
77144
77145
77146
77147
77148
77149
77150
77151
77152
77153
77154
77155
77156
77157
77158
77159
77160
77161
77162
77163
77164
77165
77166
77167
77168
77169
77170
77171
77172
77173
77748
77749
77750
77751
77752
77753
77754
77755
77756
77757
77758
77759
77760
77761
77762
77763
77764
77765
77766
77767
77768
77769
77770
77771
77772
77773
77774
77775
77776
77777
77778
77779
77780
77781
77782
77783
77784
77785
77786
77787
77788
77789
77790
77791
77792
77793
77794
77795
77796
77797
77798
77799
77800
77801
77802
77803
77804
77805
77806
77807
77808
77809
77810
77811
77812
78388
78389
78390
78391
78392
78393
78394
78395
78396
78397
78398
78399
78400
78401
78402
78403
78404
78405
78406
78407
78408
78409
78410
78411
78412
78413
78414
78415
78416
78417
78418
78419
78420
78421
78422
78423
78424
78425
78426
78427
78428
78429
78430
78431
78432
78433
78434
78435
78436
78437
78438
78439
78440
78441
78442
78443
78444
78445
78446
78447
78448
78449
78450
78451
78452
79028
79029
79030
79031
79032
79033
79034
79035
79036
79037
79038
79039
79040
79041
79042
79043
79044
79045
79046
79047
79048
79049
79050
79051
79052
79053
79054
79055
79056
79057
79058
79059
79060
79061
79062
79063
79064
79065
79066
79067
79068
79069
79070
79071
79072
79073
79074
79075
79076
79077
79078
79079
79080
79081
79082
79083
79084
79085
79086
79087
79088
79089
79668
79669
79670
79671
79672
79673
79674
79675
79676
79677
79678
79679
79680
79681
79682
79683
79684
79685
79686
79687
79688
79689
79690
79691
79692
79693
79694
79695
79696
79697
79698
79699
79700
79701
79702
79703
79704
79705
79706
79707
79708
79709
79710
79711
79712
79713
79714
79715
79716
79717
79718
79719
79720
79721
79722
79723
79724
79725
79726
79727
79728
79729
80307
80308
80309
80310
80311
80312
80313
80314
80315
80316
80317
80318
80319
80320
80321
80322
80323
80324
80325
80326
80327
80328
80329
80330
80331
80332
80333
80334
80335
80336
80337
80338
80339
80340
80341
80342
80343
80344
80345
80346
80347
80348
80349
80350
80351
80352
80353
80354
80355
80356
80357
80358
80359
80360
80361
80362
80363
80364
80365
80366
80367
80947
80948
80949
80950
80951
80952
80953
80954
80955
80956
80957
80958
80959
80960
80961
80962
80963
80964
80965
80966
80967
80968
80969
80970
80971
80972
80973
80974
80975
80976
80977
80978
80979
80980
80981
80982
80983
80984
80985
80986
80987
80988
80989
80990
80991
80992
80993
80994
80995
80996
80997
80998
80999
81000
81001
81002
81003
81004
81005
81006
81007
81008
81588
81589
81590
81591
81592
81593
81594
81595
81596
81597
81598
81599
81600
81601
81602
81603
81604
81605
81606
81607
81608
81609
81610
81611
81612
81613
81614
81615
81616
81617
81618
81619
81620
81621
81622
81623
81624
81625
81626
81627
81628
81629
81630
81631
81632
81633
81634
81635
81636
81637
81638
81639
81640
81641
81642
81643
81644
81645
81646
81647
81648
81652
81653
81654
82228
82229
82230
82231
82232
82233
82234
82235
82236
82237
82238
82239
82240
82241
82242
82247
82248
82249
82250
82251
82252
82253
82254
82255
82256
82257
82258
82259
82260
82261
82262
82263
82264
82265
82266
82267
82268
82269
82270
82271
82272
82273
82274
82275
82276
82277
82278
82279
82280
82281
82282
82283
82284
82285
82286
82291
82292
82293
82294
82295
82869
82870
82871
82872
82873
82874
82875
82876
82877
82878
82879
82880
82881
82882
82888
82889
82890
82891
82892
82893
82894
82895
82896
82897
82898
82899
82900
82901
82902
82903
82904
82905
82906
82907
82908
82909
82910
82911
82912
82913
82914
82915
82916
82917
82918
82919
82920
82921
82922
82923
82924
82925
82926
82927
82928
82929
82931
82932
82933
82934
82935
83510
83511
83512
83513
83514
83515
83516
83517
83518
83519
83520
83521
83522
83523
83524
83525
83526
83527
83528
83529
83530
83531
83532
83533
83534
83535
83536
83537
83538
83539
83540
83541
83542
83543
83544
83545
83546
83547
83548
83549
83550
83551
83552
83553
83554
83555
83556
83557
83558
83559
83560
83561
83562
83563
83564
83565
83566
83567
83568
83569
83570
83571
83572
83573
83574
83575
84151
84152
84153
84154
84155
84156
84157
84158
84159
84160
84161
84162
84163
84164
84165
84166
84167
84168
84169
84170
84171
84172
84173
84174
84175
84176
84177
84178
84179
84180
84181
84182
84183
84184
84185
84186
84187
84188
84189
84190
84191
84192
84193
84194
84195
84196
84197
84198
84199
84200
84201
84202
84203
84204
84205
84206
84207
84208
84209
84210
84211
84212
84213
84214
84215
84791
84792
84793
84794
84795
84796
84797
84798
84799
84800
84801
84802
84803
84804
84805
84806
84807
84808
84809
84810
84811
84812
84813
84814
84815
84816
84817
84818
84819
84820
84821
84822
84823
84824
84825
84826
84827
84828
84829
84830
84831
84832
84833
84834
84835
84836
84837
84838
84839
84840
84841
84842
84843
84844
84845
84846
84847
84848
84849
84850
84851
84852
84853
84854
84855
85431
85432
85433
85434
85435
85436
85437
85438
85439
85440
85441
85442
85443
85444
85445
85446
85447
85448
85449
85450
85451
85452
85453
85454
85455
85456
85457
85458
85459
85460
85461
85462
85463
85464
85465
85466
85467
85468
85469
85470
85471
85472
85473
85474
85475
85476
85477
85478
85479
85480
85481
85482
85483
85484
85485
85486
85487
85488
85489
85490
85491
85492
85493
85494
85495
86072
86073
86074
86075
86076
86077
86078
86079
86080
86081
86082
86083
86084
86085
86086
86087
86088
86089
86090
86091
86092
86093
86094
86095
86096
86097
86098
86099
86100
86101
86102
86103
86104
86105
86106
86107
86108
86109
86110
86111
86112
86113
86114
86115
86116
86117
86118
86119
86120
86121
86122
86123
86124
86125
86126
86127
86128
86129
86130
86131
86132
86133
86134
86712
86713
86714
86715
86716
86717
86718
86719
86720
86721
86722
86723
86724
86725
86726
86727
86728
86729
86730
86731
86732
86733
86734
86735
86736
86737
86738
86739
86740
86741
86742
86743
86744
86745
86746
86747
86748
86749
86750
86751
86752
86753
86754
86755
86756
86757
86758
86759
86760
86761
86762
86763
86764
86765
86766
86767
86768
86769
86770
86771
86772
86773
86774
87353
87354
87355
87356
87357
87358
87359
87360
87361
87362
87363
87364
87365
87366
87367
87368
87369
87370
87371
87372
87373
87374
87375
87376
87377
87378
87379
87380
87381
87382
87383
87384
87385
87386
87387
87388
87389
87390
87391
87392
87393
87394
87395
87396
87397
87398
87399
87400
87401
87402
87403
87404
87405
87406
87407
87408
87409
87410
87411
87412
87413
87414
87415
87993
87994
87995
87996
87997
87998
87999
88000
88001
88002
88003
88004
88005
88006
88007
88008
88009
88010
88011
88012
88013
88014
88015
88016
88017
88018
88019
88020
88021
88022
88023
88024
88025
88026
88027
88028
88029
88030
88031
88032
88033
88034
88035
88036
88037
88038
88039
88040
88041
88042
88043
88044
88045
88046
88047
88048
88049
88050
88051
88052
88053
88054
88055
88635
88636
88637
88638
88639
88640
88641
88642
88643
88644
88645
88646
88647
88648
88649
88650
88651
88652
88653
88654
88655
88656
88657
88658
88659
88660
88661
88662
88663
88664
88665
88666
88667
88668
88669
88670
88671
88672
88673
88674
88675
88676
88677
88678
88679
88680
88681
88682
88683
88684
88685
88686
88687
88688
88689
88690
88691
88692
88693
88694
88695
89275
89276
89277
89278
89279
89280
89281
89282
89283
89284
89285
89286
89287
89288
89289
89290
89291
89292
89293
89294
89295
89296
89297
89298
89299
89300
89301
89302
89303
89304
89305
89306
89307
89308
89309
89310
89311
89312
89313
89314
89315
89316
89317
89318
89319
89320
89321
89322
89323
89324
89325
89326
89327
89328
89329
89330
89331
89332
89333
89334
89915
89916
89919
89920
89921
89922
89923
89924
89925
89926
89927
89928
89929
89930
89931
89932
89933
89934
89935
89936
89937
89938
89939
89940
89941
89942
89943
89944
89945
89946
89947
89948
89949
89950
89951
89952
89953
89954
89955
89956
89957
89958
89959
89960
89961
89962
89963
89964
89965
89966
89967
89968
89969
89970
89971
89972
89973
89974
90559
90560
90561
90562
90563
90564
90565
90566
90567
90568
90569
90570
90571
90572
90573
90574
90575
90576
90577
90578
90579
90580
90581
90582
90583
90584
90585
90586
90587
90588
90589
90590
90591
90592
90593
90594
90595
90596
90597
90598
90599
90600
90601
90602
90603
90604
90605
90606
90607
90608
90609
90610
90611
90612
90613
90614
90615
91200
91201
91202
91203
91204
91205
91206
91207
91208
91209
91210
91211
91212
91213
91214
91215
91216
91217
91218
91219
91220
91221
91222
91223
91224
91225
91226
91227
91228
91229
91230
91231
91232
91233
91234
91235
91236
91237
91238
91239
91240
91241
91242
91243
91244
91245
91246
91247
91248
91249
91250
91251
91252
91253
91254
91255
91256
91840
91841
91842
91843
91844
91845
91846
91847
91848
91849
91850
91851
91852
91853
91854
91855
91856
91857
91858
91859
91860
91861
91862
91863
91864
91865
91866
91867
91868
91869
91870
91871
91872
91873
91874
91875
91876
91877
91878
91879
91880
91881
91882
91883
91884
91885
91886
91887
91888
91889
91890
91891
91892
91893
91894
91895
91896
92481
92482
92483
92484
92485
92486
92487
92488
92489
92490
92491
92492
92493
92494
92495
92496
92497
92498
92499
92500
92501
92502
92503
92504
92505
92506
92507
92508
92509
92510
92511
92512
92513
92514
92515
92516
92517
92518
92519
92520
92521
92522
92523
92524
92525
92526
92527
92528
92529
92530
92531
92532
92533
92534
92535
92536
93121
93122
93123
93124
93125
93126
93127
93128
93129
93130
93131
93132
93133
93134
93135
93136
93137
93138
93139
93140
93141
93142
93143
93144
93145
93146
93147
93148
93149
93150
93151
93152
93153
93154
93155
93156
93157
93158
93159
93160
93161
93162
93163
93164
93165
93166
93167
93168
93169
93170
93171
93172
93173
93174
93175
93176
93761
93762
93763
93764
93765
93766
93767
93768
93769
93770
93771
93772
93773
93774
93775
93776
93777
93778
93779
93780
93781
93782
93783
93784
93785
93786
93787
93788
93789
93790
93791
93792
93793
93794
93795
93796
93797
93798
93799
93800
93801
93802
93803
93804
93805
93806
93807
93808
93809
93810
93811
93812
93813
93814
93815
93816
94405
94406
94407
94408
94409
94410
94411
94412
94413
94414
94415
94416
94417
94418
94419
94420
94421
94422
94423
94424
94425
94426
94427
94428
94429
94430
94431
94432
94433
94434
94435
94436
94437
94438
94439
94440
94441
94442
94443
94444
94445
94446
94447
94448
94449
94450
94451
94452
94453
94454
94455
95046
95047
95048
95049
95050
95051
95052
95053
95054
95055
95056
95057
95058
95059
95060
95061
95062
95063
95064
95065
95066
95067
95068
95069
95070
95071
95072
95073
95074
95075
95076
95077
95078
95079
95080
95081
95082
95083
95084
95085
95086
95087
95088
95089
95090
95091
95092
95093
95686
95687
95688
95689
95690
95691
95692
95693
95694
95695
95696
95697
95698
95699
95700
95701
95702
95703
95704
95705
95706
95707
95708
95709
95710
95711
95712
95713
95714
95715
95716
95717
95718
95719
95720
95721
95722
95723
95724
95725
95726
95727
95728
95729
95730
95731
95732
95733
96326
96327
96328
96329
96330
96331
96332
96333
96334
96335
96336
96337
96338
96339
96340
96341
96342
96343
96344
96345
96346
96347
96348
96349
96350
96351
96352
96353
96354
96355
96356
96357
96358
96359
96360
96361
96362
96363
96364
96365
96366
96367
96368
96369
96370
96371
96372
96373
96962
96963
96967
96968
96969
96970
96971
96972
96973
96974
96975
96976
96977
96978
96979
96980
96981
96982
96983
96984
96985
96986
96987
96988
96989
96990
96991
96992
96993
96994
96995
96996
96997
96998
96999
97000
97001
97002
97003
97004
97005
97006
97007
97008
97009
97010
97011
97012
97013
97601
97602
97603
97604
97605
97606
97607
97608
97609
97610
97611
97612
97613
97614
97615
97616
97617
97618
97619
97620
97621
97622
97623
97624
97625
97626
97627
97628
97629
97630
97631
97632
97633
97634
97635
97636
97637
97638
97639
97640
97641
97642
97643
97644
97645
97646
97647
97648
97649
97650
97651
97652
97653
98241
98242
98243
98244
98245
98246
98247
98248
98249
98250
98251
98252
98253
98254
98255
98256
98257
98258
98259
98260
98261
98262
98263
98264
98265
98266
98267
98268
98269
98270
98271
98272
98273
98274
98275
98276
98277
98278
98279
98280
98281
98282
98283
98284
98285
98286
98287
98288
98289
98290
98291
98292
98872
98873
98879
98880
98881
98882
98883
98884
98885
98886
98887
98888
98889
98890
98891
98892
98893
98894
98895
98896
98897
98898
98899
98900
98901
98902
98903
98904
98905
98906
98907
98908
98909
98910
98911
98912
98913
98914
98915
98916
98917
98918
98919
98920
98921
98922
98923
98924
98925
98926
98927
98928
98929
98930
98931
98932
98933
98934
99511
99512
99513
99514
99517
99518
99519
99520
99521
99522
99523
99524
99525
99526
99527
99528
99529
99530
99531
99532
99533
99534
99535
99536
99537
99538
99539
99540
99541
99542
99543
99544
99545
99546
99547
99548
99549
99550
99551
99552
99553
99554
99555
99556
99557
99558
99559
99560
99561
99562
99563
99564
99565
99566
99567
99568
99569
99570
99571
99572
99573
99574
99575
99576
100150
100151
100152
100153
100154
100155
100157
100158
100159
100160
100161
100162
100163
100164
100165
100166
100167
100168
100169
100170
100171
100172
100173
100174
100175
100176
100177
100178
100179
100180
100181
100182
100183
100184
100185
100186
100187
100188
100189
100190
100191
100192
100193
100194
100195
100196
100197
100198
100199
100200
100201
100202
100203
100204
100205
100206
100207
100208
100209
100210
100211
100212
100213
100214
100215
100216
100790
100791
100792
100793
100794
100795
100796
100797
100798
100799
100800
100801
100802
100803
100804
100805
100806
100807
100808
100809
100810
100811
100812
100813
100814
100815
100816
100817
100818
100819
100820
100821
100822
100823
100824
100825
100826
100827
100828
100829
100830
100831
100832
100833
100834
100835
100836
100837
100838
100839
100840
100841
100842
100843
100844
100845
100846
100847
100848
100849
100850
100851
100852
100853
100854
100855
100856
101430
101431
101432
101433
101434
101435
101436
101437
101438
101439
101440
101441
101442
101443
101444
101445
101446
101447
101448
101449
101450
101451
101452
101453
101454
101455
101456
101457
101458
101459
101460
101461
101462
101463
101464
101465
101466
101467
101468
101469
101470
101471
101472
101473
101474
101475
101476
101477
101478
101479
101480
101481
101482
101483
101484
101485
101486
101487
101488
101489
101490
101491
101492
101493
101494
101495
102070
102071
102072
102073
102074
102075
102076
102077
102078
102079
102080
102081
102082
102083
102084
102085
102086
102087
102088
102089
102090
102091
102092
102093
102094
102095
102096
102097
102098
102099
102100
102101
102102
102103
102104
102105
102106
102107
102108
102109
102110
102111
102112
102113
102114
102115
102116
102117
102118
102119
102120
102121
102122
102123
102124
102125
102126
102127
102128
102129
102130
102131
102132
102133
102134
102711
102712
102713
102714
102715
102716
102717
102718
102719
102720
102721
102722
102723
102724
102725
102726
102727
102728
102729
102730
102731
102732
102733
102734
102735
102736
102737
102738
102739
102740
102741
102742
102743
102744
102745
102746
102747
102748
102749
102750
102751
102752
102753
102754
102755
102756
102757
102758
102759
102760
102761
102762
102763
102764
102765
102766
102767
102768
102769
102770
102771
102772
102773
102774
103351
103352
103353
103354
103355
103356
103357
103358
103359
103360
103361
103362
103363
103364
103365
103366
103367
103368
103369
103370
103371
103372
103373
103374
103375
103376
103377
103378
103379
103380
103381
103382
103383
103384
103385
103386
103387
103388
103389
103390
103391
103392
103393
103394
103395
103396
103397
103398
103399
103400
103401
103402
103403
103404
103405
103406
103407
103408
103409
103410
103411
103412
103413
103992
103993
103994
103995
103996
103997
103998
103999
104000
104001
104002
104003
104004
104005
104006
104007
104008
104009
104010
104011
104012
104013
104014
104015
104016
104017
104018
104019
104020
104021
104022
104023
104024
104025
104026
104027
104028
104029
104030
104031
104032
104033
104034
104035
104036
104037
104038
104039
104040
104041
104042
104043
104044
104045
104046
104047
104048
104049
104050
104051
104052
104053
104632
104633
104634
104635
104636
104637
104638
104639
104640
104641
104642
104643
104644
104645
104646
104647
104648
104649
104650
104651
104652
104653
104654
104655
104656
104657
104658
104659
104660
104661
104662
104663
104664
104665
104666
104667
104668
104669
104670
104671
104672
104673
104674
104675
104676
104677
104678
104679
104680
104681
104682
104683
104684
104685
104686
104687
104688
104689
104690
104691
104692
104693
105272
105273
105274
105275
105276
105277
105278
105279
105280
105281
105282
105283
105284
105285
105286
105287
105288
105289
105290
105291
105292
105293
105294
105295
105296
105297
105298
105299
105300
105301
105302
105303
105304
105305
105306
105307
105308
105309
105310
105311
105312
105313
105314
105315
105316
105317
105318
105319
105320
105321
105322
105323
105324
105325
105326
105327
105328
105329
105330
105331
105332
105333
105335
105336
105337
105913
105914
105915
105916
105917
105918
105919
105920
105921
105922
105923
105924
105925
105926
105927
105928
105929
105930
105931
105932
105933
105934
105935
105936
105937
105938
105939
105940
105941
105942
105943
105944
105945
105946
105947
105948
105949
105950
105951
105952
105953
105954
105955
105956
105957
105958
105959
105960
105961
105962
105963
105964
105965
105966
105967
105968
105969
105970
105971
105972
105973
105975
105976
105977
106553
106554
106555
106556
106557
106558
106559
106560
106561
106562
106563
106564
106565
106566
106567
106568
106569
106570
106571
106572
106573
106574
106575
106576
106577
106578
106579
106580
106581
106582
106583
106584
106585
106586
106587
106588
106589
106590
106591
106592
106593
106594
106595
106596
106597
106598
106599
106600
106601
106602
106603
106604
106605
106606
106607
106608
106609
106610
106611
106612
106613
106614
106615
106616
106617
106618
107194
107195
107196
107197
107198
107199
107200
107201
107202
107203
107204
107205
107206
107207
107208
107209
107210
107211
107212
107213
107214
107215
107216
107217
107218
107219
107220
107221
107222
107223
107224
107225
107226
107227
107228
107229
107230
107231
107232
107233
107234
107235
107236
107237
107238
107239
107240
107241
107242
107243
107244
107245
107246
107247
107248
107249
107250
107251
107252
107253
107254
107255
107256
107257
107258
107835
107836
107837
107838
107839
107840
107841
107842
107843
107844
107845
107846
107847
107848
107849
107850
107851
107852
107853
107854
107855
107856
107857
107858
107859
107860
107861
107862
107863
107864
107865
107866
107867
107868
107869
107870
107871
107872
107873
107874
107875
107876
107877
107878
107879
107880
107881
107882
107883
107884
107885
107886
107887
107888
107889
107890
107891
107892
107893
107894
107895
107896
107897
107898
108475
108476
108477
108478
108479
108480
108481
108482
108483
108484
108485
108486
108487
108488
108489
108490
108491
108492
108493
108494
108495
108496
108497
108498
108499
108500
108501
108502
108503
108504
108505
108506
108507
108508
108509
108510
108511
108512
108513
108514
108515
108516
108517
108518
108519
108520
108521
108522
108523
108524
108525
108526
108527
108528
108529
108530
108531
108532
108533
108534
108535
108536
108537
108538
109113
109114
109115
109116
109117
109118
109119
109120
109121
109122
109123
109124
109125
109126
109127
109128
109129
109130
109131
109132
109133
109134
109135
109136
109137
109138
109139
109140
109141
109142
109143
109144
109145
109146
109147
109148
109149
109150
109151
109152
109153
109154
109155
109156
109157
109158
109159
109160
109161
109162
109163
109164
109165
109166
109167
109168
109169
109170
109171
109172
109173
109174
109175
109176
109177
109178
109753
109754
109755
109756
109757
109758
109759
109760
109761
109762
109763
109764
109765
109766
109767
109768
109769
109770
109771
109772
109773
109774
109775
109776
109777
109778
109779
109780
109781
109782
109783
109784
109785
109786
109787
109788
109789
109790
109791
109792
109793
109794
109795
109796
109797
109798
109799
109800
109801
109802
109803
109804
109805
109806
109807
109808
109809
109810
109811
109812
109813
109814
109815
109816
109817
109818
110393
110394
110395
110396
110397
110398
110399
110400
110401
110402
110403
110404
110405
110406
110407
110408
110409
110410
110411
110412
110413
110414
110415
110416
110417
110418
110419
110420
110421
110422
110423
110424
110425
110426
110427
110428
110429
110430
110431
110432
110433
110434
110435
110436
110437
110438
110439
110440
110441
110442
110443
110444
110445
110446
110447
110448
110449
110450
110451
110452
110453
110454
110455
110456
110457
111033
111034
111035
111036
111037
111038
111039
111040
111041
111042
111043
111044
111045
111046
111047
111048
111049
111050
111051
111052
111053
111054
111055
111056
111057
111058
111059
111060
111061
111062
111063
111064
111065
111066
111067
111068
111069
111070
111071
111072
111073
111074
111075
111076
111077
111078
111079
111080
111081
111082
111083
111084
111085
111086
111087
111088
111089
111090
111091
111092
111093
111094
111095
111096
111097
111673
111674
111675
111676
111677
111678
111679
111680
111681
111682
111683
111684
111685
111686
111687
111688
111689
111690
111691
111692
111693
111694
111695
111696
111697
111698
111699
111700
111701
111702
111703
111704
111705
111706
111707
111708
111709
111710
111711
111712
111713
111714
111715
111716
111717
111718
111719
111720
111721
111722
111723
111724
111725
111726
111727
111728
111729
111730
111731
111732
111733
111734
111735
111736
111737
112313
112314
112315
112316
112317
112318
112319
112320
112321
112322
112323
112324
112325
112326
112327
112328
112329
112330
112331
112332
112333
112334
112335
112336
112337
112338
112339
112340
112341
112342
112343
112344
112345
112346
112347
112348
112349
112350
112351
112352
112353
112354
112355
112356
112357
112358
112359
112360
112361
112362
112363
112364
112365
112366
112367
112368
112369
112370
112371
112372
112373
112374
112375
112376
112953
112954
112955
112956
112957
112958
112959
112960
112961
112962
112963
112964
112965
112966
112967
112968
112969
112970
112971
112972
112973
112974
112975
112976
112977
112978
112979
112980
112981
112982
112983
112984
112985
112986
112987
112988
112989
112990
112991
112992
112993
112994
112995
112996
112997
112998
112999
113000
113001
113002
113003
113004
113005
113006
113007
113008
113009
113010
113011
113012
113013
113014
113015
113016
113017
113018
113593
113594
113595
113596
113597
113598
113599
113600
113601
113602
113603
113604
113605
113606
113607
113608
113609
113610
113611
113612
113613
113614
113615
113616
113617
113618
113619
113620
113621
113622
113623
113624
113625
113626
113627
113628
113629
113630
113631
113632
113633
113634
113635
113636
113637
113638
113639
113640
113641
113642
113643
113644
113645
113646
113647
113648
113649
113650
113651
113652
113653
113654
113655
113656
113657
113658
113659
114233
114234
114235
114236
114237
114238
114239
114240
114241
114242
114243
114244
114245
114246
114247
114248
114249
114250
114251
114252
114253
114254
114255
114256
114257
114258
114259
114260
114261
114262
114263
114264
114265
114266
114267
114268
114269
114270
114271
114272
114273
114274
114275
114276
114277
114278
114279
114280
114281
114282
114283
114284
114285
114286
114287
114288
114289
114290
114291
114292
114293
114294
114295
114296
114297
114298
114299
114300
114873
114874
114875
114876
114877
114878
114879
114880
114881
114882
114883
114884
114885
114886
114887
114888
114889
114890
114891
114892
114893
114894
114895
114896
114897
114898
114899
114900
114901
114902
114903
114904
114905
114906
114907
114908
114909
114910
114911
114912
114913
114914
114915
114916
114917
114918
114919
114920
114921
114922
114923
114924
114925
114926
114927
114928
114929
114930
114931
114932
114933
114934
114935
114936
114937
114938
114939
114940
115514
115515
115516
115517
115518
115519
115520
115521
115522
115523
115524
115525
115526
115527
115528
115529
115530
115531
115532
115533
115534
115535
115536
115537
115538
115539
115540
115541
115542
115543
115544
115545
115546
115547
115548
115549
115550
115551
115552
115553
115554
115555
115556
115557
115558
115559
115560
115561
115562
115563
115564
115565
115566
115567
115568
115569
115570
115571
115572
115573
115574
115575
115576
115577
115578
116154
116155
116156
116157
116158
116159
116160
116161
116162
116163
116164
116165
116166
116167
116168
116169
116170
116171
116172
116173
116174
116175
116176
116177
116178
116179
116180
116181
116182
116183
116184
116185
116186
116187
116188
116189
116190
116191
116192
116193
116194
116195
116196
116197
116198
116199
116200
116201
116202
116203
116204
116205
116206
116207
116208
116209
116210
116211
116212
116213
116214
116215
116216
116794
116795
116796
116797
116798
116799
116800
116801
116802
116803
116804
116805
116806
116807
116808
116809
116810
116811
116812
116813
116814
116815
116816
116817
116818
116819
116820
116821
116822
116823
116824
116825
116826
116827
116828
116829
116830
116831
116832
116833
116834
116835
116836
116837
116838
116839
116840
116841
116842
116843
116844
116845
116846
116847
116848
116849
116850
116851
116852
116853
116854
116855
116856
116857
117434
117435
117436
117437
117438
117439
117440
117441
117442
117443
117444
117445
117446
117447
117448
117449
117450
117451
117452
117453
117454
117455
117456
117457
117458
117459
117460
117461
117462
117463
117464
117465
117466
117467
117468
117469
117470
117471
117472
117473
117474
117475
117476
117477
117478
117479
117480
117481
117482
117483
117484
117485
117486
117487
117488
117489
117490
117491
117492
117493
117494
117495
117496
117497
118075
118076
118077
118078
118079
118080
118081
118082
118083
118084
118085
118086
118087
118088
118089
118090
118091
118092
118093
118094
118095
118096
118097
118098
118099
118100
118101
118102
118103
118104
118105
118106
118107
118108
118109
118110
118111
118112
118113
118114
118115
118116
118117
118118
118119
118120
118121
118122
118123
118124
118125
118126
118127
118128
118129
118130
118131
118132
118133
118134
118135
118136
118137
118714
118715
118716
118717
118718
118719
118720
118721
118722
118723
118724
118725
118726
118727
118728
118729
118730
118731
118732
118733
118734
118735
118736
118737
118738
118739
118740
118741
118742
118743
118744
118745
118746
118747
118748
118749
118750
118751
118752
118753
118754
118755
118756
118757
118758
118759
118760
118761
118762
118763
118764
118765
118766
118767
118768
118769
118770
118771
118772
118773
118774
118775
118776
118777
118778
118779
118780
119353
119354
119355
119356
119357
119358
119359
119360
119361
119362
119363
119364
119365
119366
119367
119368
119369
119370
119371
119372
119373
119374
119375
119376
119377
119378
119379
119380
119381
119382
119383
119384
119385
119386
119387
119388
119389
119390
119391
119392
119393
119394
119395
119396
119397
119398
119399
119400
119401
119402
119403
119404
119405
119406
119407
119408
119409
119410
119411
119412
119413
119414
119415
119416
119417
119418
119419
119420
119993
119994
119995
119996
119997
119998
119999
120000
120001
120002
120003
120004
120005
120006
120007
120008
120009
120010
120011
120012
120013
120014
120015
120016
120017
120018
120019
120020
120021
120022
120023
120024
120025
120026
120027
120028
120029
120030
120031
120032
120033
120034
120035
120036
120037
120038
120039
120040
120041
120042
120043
120044
120045
120046
120047
120048
120049
120050
120051
120052
120053
120054
120055
120056
120057
120058
120059
120060
120061
120633
120634
120635
120636
120637
120638
120639
120640
120641
120642
120643
120644
120645
120646
120647
120648
120649
120650
120651
120652
120653
120654
120655
120656
120657
120658
120659
120660
120661
120662
120663
120664
120665
120666
120667
120668
120669
120670
120671
120672
120673
120674
120675
120676
120677
120678
120679
120680
120681
120682
120683
120684
120685
120686
120687
120688
120689
120690
120691
120692
120693
120694
120695
120696
120697
120698
120699
120700
120701
121273
121274
121275
121276
121277
121278
121279
121280
121281
121282
121283
121284
121285
121286
121287
121288
121289
121290
121291
121292
121293
121294
121295
121296
121297
121298
121299
121300
121301
121302
121303
121304
121305
121306
121307
121308
121309
121310
121311
121312
121313
121314
121315
121316
121317
121318
121319
121320
121321
121322
121323
121324
121325
121326
121327
121328
121329
121330
121331
121332
121333
121334
121335
121336
121337
121338
121339
121340
121913
121914
121915
121916
121917
121918
121919
121920
121921
121922
121923
121924
121925
121926
121927
121928
121929
121930
121931
121932
121933
121934
121935
121936
121937
121938
121939
121940
121941
121942
121943
121944
121945
121946
121947
121948
121949
121950
121951
121952
121953
121954
121955
121956
121957
121958
121959
121960
121961
121962
121963
121964
121965
121966
121967
121968
121969
121970
121971
121972
121973
121974
121975
121976
121977
121978
121979
122553
122554
122555
122556
122557
122558
122559
122560
122561
122562
122563
122564
122565
122566
122567
122568
122569
122570
122571
122572
122573
122574
122575
122576
122577
122578
122579
122580
122581
122582
122583
122584
122585
122586
122587
122588
122589
122590
122591
122592
122593
122594
122595
122596
122597
122598
122599
122600
122601
122602
122603
122604
122605
122606
122607
122608
122609
122610
122611
122612
122613
122614
122615
122616
122617
122618
122619
123193
123194
123195
123196
123197
123198
123199
123200
123201
123202
123203
123204
123205
123206
123207
123208
123209
123210
123211
123212
123213
123214
123215
123216
123217
123218
123219
123220
123221
123222
123223
123224
123225
123226
123227
123228
123229
123230
123231
123232
123233
123234
123235
123236
123237
123238
123239
123240
123241
123242
123243
123244
123245
123246
123247
123248
123249
123250
123251
123252
123253
123254
123255
123256
123257
123258
123259
123833
123834
123835
123836
123837
123838
123839
123840
123841
123842
123843
123844
123845
123846
123847
123848
123849
123850
123851
123852
123853
123854
123855
123856
123857
123858
123859
123860
123861
123862
123863
123864
123865
123866
123867
123868
123869
123870
123871
123872
123873
123874
123875
123876
123877
123878
123879
123880
123881
123882
123883
123884
123885
123886
123887
123888
123889
123890
123891
123892
123893
123894
123895
123896
123897
123898
123899
124474
124475
124476
124477
124478
124479
124480
124481
124482
124483
124484
124485
124486
124487
124488
124489
124490
124491
124492
124493
124494
124495
124496
124497
124498
124499
124500
124501
124502
124503
124504
124505
124506
124507
124508
124509
124510
124511
124512
124513
124514
124515
124516
124517
124518
124519
124520
124521
124522
124523
124524
124525
124526
124527
124528
124529
124530
124531
124532
124533
124534
124535
124536
124537
124538
124539
125115
125116
125117
125118
125119
125120
125121
125122
125123
125124
125125
125126
125127
125128
125129
125130
125131
125132
125133
125134
125135
125136
125137
125138
125139
125140
125141
125142
125143
125144
125145
125146
125147
125148
125149
125150
125151
125152
125153
125154
125155
125156
125157
125158
125159
125160
125161
125162
125163
125164
125165
125166
125167
125168
125169
125170
125171
125172
125173
125174
125175
125176
125177
125178
125179
125758
125759
125760
125761
125762
125763
125764
125765
125766
125767
125768
125769
125770
125771
125772
125773
125774
125775
125776
125777
125778
125779
125780
125781
125782
125783
125784
125785
125786
125787
125788
125789
125790
125791
125792
125793
125794
125795
125796
125797
125798
125799
125800
125801
125802
125803
125804
125805
125806
125807
125808
125809
125810
125811
125812
125813
125814
125815
125816
125817
125818
125819
125820
126397
126398
126399
126400
126401
126402
126403
126404
126405
126406
126407
126408
126409
126410
126411
126412
126413
126414
126415
126416
126417
126418
126419
126420
126421
126422
126423
126424
126425
126426
126427
126428
126429
126430
126431
126432
126433
126434
126435
126436
126437
126438
126439
126440
126441
126442
126443
126444
126445
126446
126447
126448
126449
126450
126451
126452
126453
126454
126455
126456
126457
126458
126459
126460
127037
127038
127039
127040
127041
127042
127043
127044
127045
127046
127047
127048
127049
127050
127051
127052
127053
127054
127055
127056
127057
127058
127059
127060
127061
127062
127063
127064
127065
127066
127067
127068
127069
127070
127071
127072
127073
127074
127075
127076
127077
127078
127079
127080
127081
127082
127083
127084
127085
127086
127087
127088
127089
127090
127091
127092
127093
127094
127095
127096
127097
127098
127099
127678
127679
127680
127681
127682
127683
127684
127685
127686
127687
127688
127689
127690
127691
127692
127693
127694
127695
127696
127697
127698
127699
127700
127701
127702
127703
127704
127705
127706
127707
127708
127709
127710
127711
127712
127713
127714
127715
127716
127717
127718
127719
127720
127721
127722
127723
127724
127725
127726
127727
127728
127729
127730
127731
127732
127733
127734
127735
127736
127737
127738
128314
128315
128316
128317
128318
128319
128320
128321
128322
128323
128324
128325
128326
128327
128328
128329
128330
128331
128332
128333
128334
128335
128336
128337
128338
128339
128340
128341
128342
128343
128344
128345
128346
128347
128348
128349
128350
128351
128352
128353
128354
128355
128356
128357
128358
128359
128360
128361
128362
128363
128364
128365
128366
128367
128368
128369
128370
128371
128372
128373
128374
128375
128376
128377
128378
128379
128954
128955
128956
128957
128958
128959
128960
128961
128962
128963
128964
128965
128966
128967
128968
128969
128970
128971
128972
128973
128974
128975
128976
128977
128978
128979
128980
128981
128982
128983
128984
128985
128986
128987
128988
128989
128990
128991
128992
128993
128994
128995
128996
128997
128998
128999
129000
129001
129002
129003
129004
129005
129006
129007
129008
129009
129010
129011
129012
129013
129014
129015
129016
129017
129018
129019
129595
129596
129597
129598
129599
129600
129601
129602
129603
129604
129605
129606
129607
129608
129609
129610
129611
129612
129613
129614
129615
129616
129617
129618
129619
129620
129621
129622
129623
129624
129625
129626
129627
129628
129629
129630
129631
129632
129633
129634
129635
129636
129637
129638
129639
129640
129641
129642
129643
129644
129645
129646
129647
129648
129649
129650
129651
129652
129653
129654
129655
129656
129657
129658
129659
130235
130236
130237
130238
130239
130240
130241
130242
130243
130244
130245
130246
130247
130248
130249
130250
130251
130252
130253
130254
130255
130256
130257
130258
130259
130260
130261
130262
130263
130264
130265
130266
130267
130268
130269
130270
130271
130272
130273
130274
130275
130276
130277
130278
130279
130280
130281
130282
130283
130284
130285
130286
130287
130288
130289
130290
130291
130292
130293
130294
130295
130296
130297
130298
130299
130876
130877
130878
130879
130880
130881
130882
130883
130884
130885
130886
130887
130888
130889
130890
130891
130892
130893
130894
130895
130896
130897
130898
130899
130900
130901
130902
130903
130904
130905
130906
130907
130908
130909
130910
130911
130912
130913
130914
130915
130916
130917
130918
130919
130920
130921
130922
130923
130924
130925
130926
130927
130928
130929
130930
130931
130932
130933
130934
130935
130936
130937
130938
130939
131515
131516
131517
131518
131519
131520
131521
131522
131523
131524
131525
131526
131527
131528
131529
131530
131531
131532
131533
131534
131535
131536
131537
131538
131539
131540
131541
131542
131543
131544
131545
131546
131547
131548
131549
131550
131551
131552
131553
131554
131555
131556
131557
131558
131559
131560
131561
131562
131563
131564
131565
131566
131567
131568
131569
131570
131571
131572
131573
131574
131575
131576
131577
131578
132155
132156
132157
132158
132159
132160
132161
132162
132163
132164
132165
132166
132167
132168
132169
132170
132171
132172
132173
132174
132175
132176
132177
132178
132179
132180
132181
132182
132183
132184
132185
132186
132187
132188
132189
132190
132191
132192
132193
132194
132195
132196
132197
132198
132199
132200
132201
132202
132203
132204
132205
132206
132207
132208
132209
132210
132211
132212
132213
132214
132215
132216
132217
132218
132796
132797
132798
132799
132800
132801
132802
132803
132804
132805
132806
132807
132808
132809
132810
132811
132812
132813
132814
132815
132816
132817
132818
132819
132820
132821
132822
132823
132824
132825
132826
132827
132828
132829
132830
132831
132832
132833
132834
132835
132836
132837
132838
132839
132840
132841
132842
132843
132844
132845
132846
132847
132848
132849
132850
132851
132852
132853
132854
132855
132856
132857
133435
133436
133437
133438
133439
133440
133441
133442
133443
133444
133445
133446
133447
133448
133449
133450
133451
133452
133453
133454
133455
133456
133457
133458
133459
133460
133461
133462
133463
133464
133465
133466
133467
133468
133469
133470
133471
133472
133473
133474
133475
133476
133477
133478
133479
133480
133481
133482
133483
133484
133485
133486
133487
133488
133489
133490
133491
133492
133493
133494
133495
133496
133497
134074
134075
134076
134077
134078
134079
134080
134081
134082
134083
134084
134085
134086
134087
134088
134089
134090
134091
134092
134093
134094
134095
134096
134097
134098
134099
134100
134101
134102
134103
134104
134105
134106
134107
134108
134109
134110
134111
134112
134113
134114
134115
134116
134117
134118
134119
134120
134121
134122
134123
134124
134125
134126
134127
134128
134129
134130
134131
134132
134133
134134
134135
134136
134137
134714
134715
134716
134717
134718
134719
134720
134721
134722
134723
134724
134725
134726
134727
134728
134729
134730
134731
134732
134733
134734
134735
134736
134737
134738
134739
134740
134741
134742
134743
134744
134745
134746
134747
134748
134749
134750
134751
134752
134753
134754
134755
134756
134757
134758
134759
134760
134761
134762
134763
134764
134765
134766
134767
134768
134769
134770
134771
134772
134773
134774
134775
134776
134777
135355
135356
135357
135358
135359
135360
135361
135362
135363
135364
135365
135366
135367
135368
135369
135370
135371
135372
135373
135374
135375
135376
135377
135378
135379
135380
135381
135382
135383
135384
135385
135386
135387
135388
135389
135390
135391
135392
135393
135394
135395
135396
135397
135398
135399
135400
135401
135402
135403
135404
135405
135406
135407
135408
135409
135410
135411
135412
135413
135414
135415
135416
135417
135996
135997
135998
135999
136000
136001
136002
136003
136004
136005
136006
136007
136008
136009
136010
136011
136012
136013
136014
136015
136016
136017
136018
136019
136020
136021
136022
136023
136024
136025
136026
136027
136028
136029
136030
136031
136032
136033
136034
136035
136036
136037
136038
136039
136040
136041
136042
136043
136044
136045
136046
136047
136048
136049
136050
136051
136052
136053
136054
136055
136056
136057
136058
136636
136637
136638
136639
136640
136641
136642
136643
136644
136645
136646
136647
136648
136649
136650
136651
136652
136653
136654
136655
136656
136657
136658
136659
136660
136661
136662
136663
136664
136665
136666
136667
136668
136669
136670
136671
136672
136673
136674
136675
136676
136677
136678
136679
136680
136681
136682
136683
136684
136685
136686
136687
136688
136689
136690
136691
136692
136693
136694
136695
136696
136697
136698
136699
137275
137276
137277
137278
137279
137280
137281
137282
137283
137284
137285
137286
137287
137288
137289
137290
137291
137292
137293
137294
137295
137296
137297
137298
137299
137300
137301
137302
137303
137304
137305
137306
137307
137308
137309
137310
137311
137312
137313
137314
137315
137316
137317
137318
137319
137320
137321
137322
137323
137324
137325
137326
137327
137328
137329
137330
137331
137332
137333
137334
137335
137336
137337
137338
137339
137915
137916
137917
137918
137919
137920
137921
137922
137923
137924
137925
137926
137927
137928
137929
137930
137931
137932
137933
137934
137935
137936
137937
137938
137939
137940
137941
137942
137943
137944
137945
137946
137947
137948
137949
137950
137951
137952
137953
137954
137955
137956
137957
137958
137959
137960
137961
137962
137963
137964
137965
137966
137967
137968
137969
137970
137971
137972
137973
137974
137975
137976
137977
137978
138555
138556
138557
138558
138559
138560
138561
138562
138563
138564
138565
138566
138567
138568
138569
138570
138571
138572
138573
138574
138575
138576
138577
138578
138579
138580
138581
138582
138583
138584
138585
138586
138587
138588
138589
138590
138591
138592
138593
138594
138595
138596
138597
138598
138599
138600
138601
138602
138603
138604
138605
138606
138607
138608
138609
138610
138611
138612
138613
138614
138615
138616
138617
139194
139195
139196
139197
139198
139199
139200
139201
139202
139203
139204
139205
139206
139207
139208
139209
139210
139211
139212
139213
139214
139215
139216
139217
139218
139219
139220
139221
139222
139223
139224
139225
139226
139227
139228
139229
139230
139231
139232
139233
139234
139235
139236
139237
139238
139239
139240
139241
139242
139243
139244
139245
139246
139247
139248
139249
139250
139251
139252
139253
139254
139255
139256
139257
139834
139835
139836
139837
139838
139839
139840
139841
139842
139843
139844
139845
139846
139847
139848
139849
139850
139851
139852
139853
139854
139855
139856
139857
139858
139859
139860
139861
139862
139863
139864
139865
139866
139867
139868
139869
139870
139871
139872
139873
139874
139875
139876
139877
139878
139879
139880
139881
139882
139883
139884
139885
139886
139887
139888
139889
139890
139891
139892
139893
139894
139895
139896
139897
140474
140475
140476
140477
140478
140479
140480
140481
140482
140483
140484
140485
140486
140487
140488
140489
140490
140491
140492
140493
140494
140495
140496
140497
140498
140499
140500
140501
140502
140503
140504
140505
140506
140507
140508
140509
140510
140511
140512
140513
140514
140515
140516
140517
140518
140519
140520
140521
140522
140523
140524
140525
140526
140527
140528
140529
140530
140531
140532
140533
140534
140535
140536
140537
141114
141115
141116
141117
141118
141119
141120
141121
141122
141123
141124
141125
141126
141127
141128
141129
141130
141131
141132
141133
141134
141135
141136
141137
141138
141139
141140
141141
141142
141143
141144
141145
141146
141147
141148
141149
141150
141151
141152
141153
141154
141155
141156
141157
141158
141159
141160
141161
141162
141163
141164
141165
141166
141167
141168
141169
141170
141171
141172
141173
141174
141175
141176
141177
141754
141755
141756
141757
141758
141759
141760
141761
141762
141763
141764
141765
141766
141767
141768
141769
141770
141771
141772
141773
141774
141775
141776
141777
141778
141779
141780
141781
141782
141783
141784
141785
141786
141787
141788
141789
141790
141791
141792
141793
141794
141795
141796
141797
141798
141799
141800
141801
141802
141803
141804
141805
141806
141807
141808
141809
141810
141811
141812
141813
141814
141815
141816
141817
142393
142394
142395
142396
142397
142398
142399
142400
142401
142402
142403
142404
142405
142406
142407
142408
142409
142410
142411
142412
142413
142414
142415
142416
142417
142418
142419
142420
142421
142422
142423
142424
142425
142426
142427
142428
142429
142430
142431
142432
142433
142434
142435
142436
142437
142438
142439
142440
142441
142442
142443
142444
142445
142446
142447
142448
142449
142450
142451
142452
142453
142454
142455
142456
142457
143030
143031
143032
143033
143034
143035
143036
143037
143038
143039
143040
143041
143042
143043
143044
143045
143046
143047
143048
143049
143050
143051
143052
143053
143054
143055
143056
143057
143058
143059
143060
143061
143062
143063
143064
143065
143066
143067
143068
143069
143070
143071
143072
143073
143074
143075
143076
143077
143078
143079
143080
143081
143082
143083
143084
143085
143086
143087
143088
143089
143090
143091
143092
143093
143094
143095
143096
143097
143098
143670
143671
143672
143673
143674
143675
143676
143677
143678
143679
143680
143681
143682
143683
143684
143685
143686
143687
143688
143689
143690
143691
143692
143693
143694
143695
143696
143697
143698
143699
143700
143701
143702
143703
143704
143705
143706
143707
143708
143709
143710
143711
143712
143713
143714
143715
143716
143717
143718
143719
143720
143721
143722
143723
143724
143725
143726
143727
143728
143729
143730
143731
143732
143733
143734
143735
143736
143737
143738
144310
144311
144312
144313
144314
144315
144316
144317
144318
144319
144320
144321
144322
144323
144324
144325
144326
144327
144328
144329
144330
144331
144332
144333
144334
144335
144336
144337
144338
144339
144340
144341
144342
144343
144344
144345
144346
144347
144348
144349
144350
144351
144352
144353
144354
144355
144356
144357
144358
144359
144360
144361
144362
144363
144364
144365
144366
144367
144368
144369
144370
144371
144372
144373
144374
144375
144376
144377
144950
144951
144952
144953
144954
144955
144956
144957
144958
144959
144960
144961
144962
144963
144964
144965
144966
144967
144968
144969
144970
144971
144972
144973
144974
144975
144976
144977
144978
144979
144980
144981
144982
144983
144984
144985
144986
144987
144988
144989
144990
144991
144992
144993
144994
144995
144996
144997
144998
144999
145000
145001
145002
145003
145004
145005
145006
145007
145008
145009
145010
145011
145012
145013
145014
145015
145016
145017
145589
145590
145591
145592
145593
145594
145595
145596
145597
145598
145599
145600
145601
145602
145603
145604
145605
145606
145607
145608
145609
145610
145611
145612
145613
145614
145615
145616
145617
145618
145619
145620
145621
145622
145623
145624
145625
145626
145627
145628
145629
145630
145631
145632
145633
145634
145635
145636
145637
145638
145639
145640
145641
145642
145643
145644
145645
145646
145647
145648
145649
145650
145651
145652
145653
145654
145655
145656
145657
146229
146230
146231
146232
146233
146234
146235
146236
146237
146238
146239
146240
146241
146242
146243
146244
146245
146246
146247
146248
146249
146250
146251
146252
146253
146254
146255
146256
146257
146258
146259
146260
146261
146262
146263
146264
146265
146266
146267
146268
146269
146270
146271
146272
146273
146274
146275
146276
146277
146278
146279
146280
146281
146282
146283
146284
146285
146286
146287
146288
146289
146290
146291
146292
146293
146294
146295
146296
146297
146872
146873
146874
146875
146876
146877
146878
146879
146880
146881
146882
146883
146884
146885
146886
146887
146888
146889
146890
146891
146892
146893
146894
146895
146896
146897
146898
146899
146900
146901
146902
146903
146904
146905
146906
146907
146908
146909
146910
146911
146912
146913
146914
146915
146916
146917
146918
146919
146920
146921
146922
146923
146924
146925
146926
146927
146928
146929
146930
146931
146932
146933
146934
146935
146936
146937
147512
147513
147514
147515
147516
147517
147518
147519
147520
147521
147522
147523
147524
147525
147526
147527
147528
147529
147530
147531
147532
147533
147534
147535
147536
147537
147538
147539
147540
147541
147542
147543
147544
147545
147546
147547
147548
147549
147550
147551
147552
147553
147554
147555
147556
147557
147558
147559
147560
147561
147562
147563
147564
147565
147566
147567
147568
147569
147570
147571
147572
147573
147574
147575
147576
147577
148153
148154
148155
148156
148157
148158
148159
148160
148161
148162
148163
148164
148165
148166
148167
148168
148169
148170
148171
148172
148173
148174
148175
148176
148177
148178
148179
148180
148181
148182
148183
148184
148185
148186
148187
148188
148189
148190
148191
148192
148193
148194
148195
148196
148197
148198
148199
148200
148201
148202
148203
148204
148205
148206
148207
148208
148209
148210
148211
148212
148213
148214
148215
148216
148217
148795
148796
148797
148798
148799
148800
148801
148802
148803
148804
148805
148806
148807
148808
148809
148810
148811
148812
148813
148814
148815
148816
148817
148818
148819
148820
148821
148822
148823
148824
148825
148826
148827
148828
148829
148830
148831
148832
148833
148834
148835
148836
148837
148838
148839
148840
148841
148842
148843
148844
148845
148846
148847
148848
148849
148850
148851
148852
148853
148854
148855
148856
148857
149436
149437
149438
149439
149440
149441
149442
149443
149444
149445
149446
149447
149448
149449
149450
149451
149452
149453
149454
149455
149456
149457
149458
149459
149460
149461
149462
149463
149464
149465
149466
149467
149468
149469
149470
149471
149472
149473
149474
149475
149476
149477
149478
149479
149480
149481
149482
149483
149484
149485
149486
149487
149488
149489
149490
149491
149492
149493
149494
149495
149496
149497
149498
150075
150076
150077
150078
150079
150080
150081
150082
150083
150084
150085
150086
150087
150088
150089
150090
150091
150092
150093
150094
150095
150096
150097
150098
150099
150100
150101
150102
150103
150104
150105
150106
150107
150108
150109
150110
150111
150112
150113
150114
150115
150116
150117
150118
150119
150120
150121
150122
150123
150124
150125
150126
150127
150128
150129
150130
150131
150132
150133
150134
150135
150136
150137
150138
150715
150716
150717
150718
150719
150720
150721
150722
150723
150724
150725
150726
150727
150728
150729
150730
150731
150732
150733
150734
150735
150736
150737
150738
150739
150740
150741
150742
150743
150744
150745
150746
150747
150748
150749
150750
150751
150752
150753
150754
150755
150756
150757
150758
150759
150760
150761
150762
150763
150764
150765
150766
150767
150768
150769
150770
150771
150772
150773
150774
150775
150776
150777
151354
151355
151356
151357
151358
151359
151360
151361
151362
151363
151364
151365
151366
151367
151368
151369
151370
151371
151372
151373
151374
151375
151376
151377
151378
151379
151380
151381
151382
151383
151384
151385
151386
151387
151388
151389
151390
151391
151392
151393
151394
151395
151396
151397
151398
151399
151400
151401
151402
151403
151404
151405
151406
151407
151408
151409
151410
151411
151412
151413
151414
151415
151416
151417
151994
151995
151996
151997
151998
151999
152000
152001
152002
152003
152004
152005
152006
152007
152008
152009
152010
152011
152012
152013
152014
152015
152016
152017
152018
152019
152020
152021
152022
152023
152024
152025
152026
152027
152028
152029
152030
152031
152032
152033
152034
152035
152036
152037
152038
152039
152040
152041
152042
152043
152044
152045
152046
152047
152048
152049
152050
152051
152052
152053
152054
152055
152056
152057
152634
152635
152636
152637
152638
152639
152640
152641
152642
152643
152644
152645
152646
152647
152648
152649
152650
152651
152652
152653
152654
152655
152656
152657
152658
152659
152660
152661
152662
152663
152664
152665
152666
152667
152668
152669
152670
152671
152672
152673
152674
152675
152676
152677
152678
152679
152680
152681
152682
152683
152684
152685
152686
152687
152688
152689
152690
152691
152692
152693
152694
152695
152696
153274
153275
153276
153277
153278
153279
153280
153281
153282
153283
153284
153285
153286
153287
153288
153289
153290
153291
153292
153293
153294
153295
153296
153297
153298
153299
153300
153301
153302
153303
153304
153305
153306
153307
153308
153309
153310
153311
153312
153313
153314
153315
153316
153317
153318
153319
153320
153321
153322
153323
153324
153325
153326
153327
153328
153329
153330
153331
153332
153333
153334
153335
153336
153914
153915
153916
153917
153918
153919
153920
153921
153922
153923
153924
153925
153926
153927
153928
153929
153930
153931
153932
153933
153934
153935
153936
153937
153938
153939
153940
153941
153942
153943
153944
153945
153946
153947
153948
153949
153950
153951
153952
153953
153954
153955
153956
153957
153958
153959
153960
153961
153962
153963
153964
153965
153966
153967
153968
153969
153970
153971
153972
153973
153974
153975
153976
154554
154555
154556
154557
154558
154559
154560
154561
154562
154563
154564
154565
154566
154567
154568
154569
154570
154571
154572
154573
154574
154575
154576
154577
154578
154579
154580
154581
154582
154583
154584
154585
154586
154587
154588
154589
154590
154591
154592
154593
154594
154595
154596
154597
154598
154599
154600
154601
154602
154603
154604
154605
154606
154607
154608
154609
154610
154611
154612
154613
154614
154615
154616
155194
155195
155196
155197
155198
155199
155200
155201
155202
155203
155204
155205
155206
155207
155208
155209
155210
155211
155212
155213
155214
155215
155216
155217
155218
155219
155220
155221
155222
155223
155224
155225
155226
155227
155228
155229
155230
155231
155232
155233
155234
155235
155236
155237
155238
155239
155240
155241
155242
155243
155244
155245
155246
155247
155248
155249
155250
155251
155252
155253
155254
155255
155256
155834
155835
155836
155837
155838
155839
155840
155841
155842
155843
155844
155845
155846
155847
155848
155849
155850
155851
155852
155853
155854
155855
155856
155857
155858
155859
155860
155861
155862
155863
155864
155865
155866
155867
155868
155869
155870
155871
155872
155873
155874
155875
155876
155877
155878
155879
155880
155881
155882
155883
155884
155885
155886
155887
155888
155889
155890
155891
155892
155893
155894
155895
155896
155897
156473
156474
156475
156476
156477
156478
156479
156480
156481
156482
156483
156484
156485
156486
156487
156488
156489
156490
156491
156492
156493
156494
156495
156496
156497
156498
156499
156500
156501
156502
156503
156504
156505
156506
156507
156508
156509
156510
156511
156512
156513
156514
156515
156516
156517
156518
156519
156520
156521
156522
156523
156524
156525
156526
156527
156528
156529
156530
156531
156532
156533
156534
156535
156536
156537
156538
157113
157114
157115
157116
157117
157118
157119
157120
157121
157122
157123
157124
157125
157126
157127
157128
157129
157130
157131
157132
157133
157134
157135
157136
157137
157138
157139
157140
157141
157142
157143
157144
157145
157146
157147
157148
157149
157150
157151
157152
157153
157154
157155
157156
157157
157158
157159
157160
157161
157162
157163
157164
157165
157166
157167
157168
157169
157170
157171
157172
157173
157174
157175
157176
157177
157178
157754
157755
157756
157757
157758
157759
157760
157761
157762
157763
157764
157765
157766
157767
157768
157769
157770
157771
157772
157773
157774
157775
157776
157777
157778
157779
157780
157781
157782
157783
157784
157785
157786
157787
157788
157789
157790
157791
157792
157793
157794
157795
157796
157797
157798
157799
157800
157801
157802
157803
157804
157805
157806
157807
157808
157809
157810
157811
157812
157813
157814
157815
158394
158395
158396
158397
158398
158399
158400
158401
158402
158403
158404
158405
158406
158407
158408
158409
158410
158411
158412
158413
158414
158415
158416
158417
158418
158419
158420
158421
158422
158423
158424
158425
158426
158427
158428
158429
158430
158431
158432
158433
158434
158435
158436
158437
158438
158439
158440
158441
158442
158443
158444
158445
158446
158447
158448
158449
158450
158451
158452
158453
158454
158455
158456
159034
159035
159036
159037
159038
159039
159040
159041
159042
159043
159044
159045
159046
159047
159048
159049
159050
159051
159052
159053
159054
159055
159056
159057
159058
159059
159060
159061
159062
159063
159064
159065
159066
159067
159068
159069
159070
159071
159072
159073
159074
159075
159076
159077
159078
159079
159080
159081
159082
159083
159084
159085
159086
159087
159088
159089
159090
159091
159092
159093
159094
159095
159096
159674
159675
159676
159677
159678
159679
159680
159681
159682
159683
159684
159685
159686
159687
159688
159689
159690
159691
159692
159693
159694
159695
159696
159697
159698
159699
159700
159701
159702
159703
159704
159705
159706
159707
159708
159709
159710
159711
159712
159713
159714
159715
159716
159717
159718
159719
159720
159721
159722
159723
159724
159725
159726
159727
159728
159729
159730
159731
159732
159733
159734
159735
159736
160314
160315
160316
160317
160318
160319
160320
160321
160322
160323
160324
160325
160326
160327
160328
160329
160330
160331
160332
160333
160334
160335
160336
160337
160338
160339
160340
160341
160342
160343
160344
160345
160346
160347
160348
160349
160350
160351
160352
160353
160354
160355
160356
160357
160358
160359
160360
160361
160362
160363
160364
160365
160366
160367
160368
160369
160370
160371
160372
160373
160374
160375
160376
160955
160956
160957
160958
160959
160960
160961
160962
160963
160964
160965
160966
160967
160968
160969
160970
160971
160972
160973
160974
160975
160976
160977
160978
160979
160980
160981
160982
160983
160984
160985
160986
160987
160988
160989
160990
160991
160992
160993
160994
160995
160996
160997
160998
160999
161000
161001
161002
161003
161004
161005
161006
161007
161008
161009
161010
161011
161012
161013
161014
161015
161016
161596
161597
161598
161599
161600
161601
161602
161603
161604
161605
161606
161607
161608
161609
161610
161611
161612
161613
161614
161615
161616
161617
161618
161619
161620
161621
161622
161623
161624
161625
161626
161627
161628
161629
161630
161631
161632
161633
161634
161635
161636
161637
161638
161639
161640
161641
161642
161643
161644
161645
161646
161647
161648
161649
161650
161651
161652
161653
161654
161655
162236
162237
162238
162239
162240
162241
162242
162243
162244
162245
162246
162247
162248
162249
162250
162251
162252
162253
162254
162255
162256
162257
162258
162259
162260
162261
162262
162263
162264
162265
162266
162267
162268
162269
162270
162271
162272
162273
162274
162275
162276
162277
162278
162279
162280
162281
162282
162283
162284
162285
162286
162287
162288
162289
162290
162291
162292
162293
162294
162295
162874
162875
162876
162877
162878
162879
162880
162881
162882
162883
162884
162885
162886
162887
162888
162889
162890
162891
162892
162893
162894
162895
162896
162897
162898
162899
162900
162901
162902
162903
162904
162905
162906
162907
162908
162909
162910
162911
162912
162913
162914
162915
162916
162917
162918
162919
162920
162921
162922
162923
162924
162925
162926
162927
162928
162929
162930
162931
162932
162933
162934
162935
163514
163515
163516
163517
163518
163519
163520
163521
163522
163523
163524
163525
163526
163527
163528
163529
163530
163531
163532
163533
163534
163535
163536
163537
163538
163539
163540
163541
163542
163543
163544
163545
163546
163547
163548
163549
163550
163551
163552
163553
163554
163555
163556
163557
163558
163559
163560
163561
163562
163563
163564
163565
163566
163567
163568
163569
163570
163571
163572
163573
163574
163575
164154
164155
164156
164157
164158
164159
164160
164161
164162
164163
164164
164165
164166
164167
164168
164169
164170
164171
164172
164173
164174
164175
164176
164177
164178
164179
164180
164181
164182
164183
164184
164185
164186
164187
164188
164189
164190
164191
164192
164193
164194
164195
164196
164197
164198
164199
164200
164201
164202
164203
164204
164205
164206
164207
164208
164209
164210
164211
164212
164213
164214
164215
164794
164795
164796
164797
164798
164799
164800
164801
164802
164803
164804
164805
164806
164807
164808
164809
164810
164811
164812
164813
164814
164815
164816
164817
164818
164819
164820
164821
164822
164823
164824
164825
164826
164827
164828
164829
164830
164831
164832
164833
164834
164835
164836
164837
164838
164839
164840
164841
164842
164843
164844
164845
164846
164847
164848
164849
164850
164851
164852
164853
164854
164855
164856
165433
165434
165435
165436
165437
165438
165439
165440
165441
165442
165443
165444
165445
165446
165447
165448
165449
165450
165451
165452
165453
165454
165455
165456
165457
165458
165459
165460
165461
165462
165463
165464
165465
165466
165467
165468
165469
165470
165471
165472
165473
165474
165475
165476
165477
165478
165479
165480
165481
165482
165483
165484
165485
165486
165487
165488
165489
165490
165491
165492
165493
165494
165495
165496
166073
166074
166075
166076
166077
166078
166079
166080
166081
166082
166083
166084
166085
166086
166087
166088
166089
166090
166091
166092
166093
166094
166095
166096
166097
166098
166099
166100
166101
166102
166103
166104
166105
166106
166107
166108
166109
166110
166111
166112
166113
166114
166115
166116
166117
166118
166119
166120
166121
166122
166123
166124
166125
166126
166127
166128
166129
166130
166131
166132
166133
166134
166135
166136
166713
166714
166715
166716
166717
166718
166719
166720
166721
166722
166723
166724
166725
166726
166727
166728
166729
166730
166731
166732
166733
166734
166735
166736
166737
166738
166739
166740
166741
166742
166743
166744
166745
166746
166747
166748
166749
166750
166751
166752
166753
166754
166755
166756
166757
166758
166759
166760
166761
166762
166763
166764
166765
166766
166767
166768
166769
166770
166771
166772
166773
166774
166775
166776
167353
167354
167355
167356
167357
167358
167359
167360
167361
167362
167363
167364
167365
167366
167367
167368
167369
167370
167371
167372
167373
167374
167375
167376
167377
167378
167379
167380
167381
167382
167383
167384
167385
167386
167387
167388
167389
167390
167391
167392
167393
167394
167395
167396
167397
167398
167399
167400
167401
167402
167403
167404
167405
167406
167407
167408
167409
167410
167411
167412
167413
167414
167415
167993
167994
167997
167998
167999
168000
168001
168002
168003
168004
168005
168006
168007
168008
168009
168010
168011
168012
168013
168014
168015
168016
168017
168018
168019
168020
168021
168022
168023
168024
168025
168026
168027
168028
168029
168030
168031
168032
168033
168034
168035
168036
168037
168038
168039
168040
168041
168042
168043
168044
168045
168046
168047
168048
168049
168050
168051
168052
168053
168054
168055
168056
168637
168638
168639
168640
168641
168642
168643
168644
168645
168646
168647
168648
168649
168650
168651
168652
168653
168654
168655
168656
168657
168658
168659
168660
168661
168662
168663
168664
168665
168666
168667
168668
168669
168670
168671
168672
168673
168674
168675
168676
168677
168678
168679
168680
168681
168682
168683
168684
168685
168686
168687
168688
168689
168690
168691
168692
168693
168694
168695
168696
169277
169278
169279
169280
169281
169282
169283
169284
169285
169286
169287
169288
169289
169290
169291
169292
169293
169294
169295
169296
169297
169298
169299
169300
169301
169302
169303
169304
169305
169306
169307
169308
169309
169310
169311
169312
169313
169314
169315
169316
169317
169318
169319
169320
169321
169322
169323
169324
169325
169326
169327
169328
169329
169330
169331
169332
169333
169334
169335
169336
169337
169915
169916
169917
169918
169919
169920
169921
169922
169923
169924
169925
169926
169927
169928
169929
169930
169931
169932
169933
169934
169935
169936
169937
169938
169939
169940
169941
169942
169943
169944
169945
169946
169947
169948
169949
169950
169951
169952
169953
169954
169955
169956
169957
169958
169959
169960
169961
169962
169963
169964
169965
169966
169967
169968
169969
169970
169971
169972
169973
169974
169975
169976
169977
170554
170555
170556
170557
170558
170559
170560
170561
170562
170563
170564
170565
170566
170567
170568
170569
170570
170571
170572
170573
170574
170575
170576
170577
170578
170579
170580
170581
170582
170583
170584
170585
170586
170587
170588
170589
170590
170591
170592
170593
170594
170595
170596
170597
170598
170599
170600
170601
170602
170603
170604
170605
170606
170607
170608
170609
170610
170611
170612
170613
170614
171194
171195
171196
171197
171198
171199
171200
171201
171202
171203
171204
171205
171206
171207
171208
171209
171210
171211
171212
171213
171214
171215
171216
171217
171218
171219
171220
171221
171222
171223
171224
171225
171226
171227
171228
171229
171230
171231
171232
171233
171234
171235
171236
171237
171238
171239
171240
171241
171242
171243
171244
171245
171246
171247
171248
171249
171250
171251
171252
171253
171835
171836
171837
171838
171839
171840
171841
171842
171843
171844
171845
171846
171847
171848
171849
171850
171851
171852
171853
171854
171855
171856
171857
171858
171859
171860
171861
171862
171863
171864
171865
171866
171867
171868
171869
171870
171871
171872
171873
171874
171875
171876
171877
171878
171879
171880
171881
171882
171883
171884
171885
171886
171887
171888
171889
171890
171891
171892
171893
172475
172476
172477
172478
172479
172480
172481
172482
172483
172484
172485
172486
172487
172488
172489
172490
172491
172492
172493
172494
172495
172496
172497
172498
172499
172500
172501
172502
172503
172504
172505
172506
172507
172508
172509
172510
172511
172512
172513
172514
172515
172516
172517
172518
172519
172520
172521
172522
172523
172524
172525
172526
172527
172528
172529
172530
172531
172532
173115
173116
173117
173118
173119
173120
173121
173122
173123
173124
173125
173126
173127
173128
173129
173130
173131
173132
173133
173134
173135
173136
173137
173138
173139
173140
173141
173142
173143
173144
173145
173146
173147
173148
173149
173150
173151
173152
173153
173154
173155
173156
173157
173158
173159
173160
173161
173162
173163
173164
173165
173166
173167
173168
173169
173170
173171
173172
173173
173755
173756
173757
173758
173759
173760
173761
173762
173763
173764
173765
173766
173767
173768
173769
173770
173771
173772
173773
173774
173775
173776
173777
173778
173779
173780
173781
173782
173783
173784
173785
173786
173787
173788
173789
173790
173791
173792
173793
173794
173795
173796
173797
173798
173799
173800
173801
173802
173803
173804
173805
173806
173807
173808
173809
173810
173811
173812
173813
173814
174395
174396
174397
174398
174399
174400
174401
174402
174403
174404
174405
174406
174407
174408
174409
174410
174411
174412
174413
174414
174415
174416
174417
174418
174419
174420
174421
174422
174423
174424
174425
174426
174427
174428
174429
174430
174431
174432
174433
174434
174435
174436
174437
174438
174439
174440
174441
174442
174443
174444
174445
174446
174447
174448
174449
174450
174451
174452
174453
174454
175037
175038
175039
175040
175041
175042
175043
175044
175045
175046
175047
175048
175049
175050
175051
175052
175053
175054
175055
175056
175057
175058
175059
175060
175061
175062
175063
175064
175065
175066
175067
175068
175069
175070
175071
175072
175073
175074
175075
175076
175077
175078
175079
175080
175081
175082
175083
175084
175085
175086
175087
175088
175089
175090
175091
175092
175093
175094
175678
175679
175680
175681
175682
175683
175684
175685
175686
175687
175688
175689
175690
175691
175692
175693
175694
175695
175696
175697
175698
175699
175700
175701
175702
175703
175704
175705
175706
175707
175708
175709
175710
175711
175712
175713
175714
175715
175716
175717
175718
175719
175720
175721
175722
175723
175724
175725
175726
175727
175728
175729
175730
175731
175732
175733
175734
175735
176317
176318
176319
176320
176321
176322
176323
176324
176325
176326
176327
176328
176329
176330
176331
176332
176333
176334
176335
176336
176337
176338
176339
176340
176341
176342
176343
176344
176345
176346
176347
176348
176349
176350
176351
176352
176353
176354
176355
176356
176357
176358
176359
176360
176361
176362
176363
176364
176365
176366
176367
176368
176369
176370
176371
176372
176373
176374
176375
176957
176958
176959
176960
176961
176962
176963
176964
176965
176966
176967
176968
176969
176970
176971
176972
176973
176974
176975
176976
176977
176978
176979
176980
176981
176982
176983
176984
176985
176986
176987
176988
176989
176990
176991
176992
176993
176994
176995
176996
176997
176998
176999
177000
177001
177002
177003
177004
177005
177006
177007
177008
177009
177010
177011
177012
177013
177014
177599
177600
177601
177602
177603
177604
177605
177606
177607
177608
177609
177610
177611
177612
177613
177614
177615
177616
177617
177618
177619
177620
177621
177622
177623
177624
177625
177626
177627
177628
177629
177630
177631
177632
177633
177634
177635
177636
177637
177638
177639
177640
177641
177642
177643
177644
177645
177646
177647
177648
177649
177650
177651
178239
178240
178241
178242
178243
178244
178245
178246
178247
178248
178249
178250
178251
178252
178253
178254
178255
178256
178257
178258
178259
178260
178261
178262
178263
178264
178265
178266
178267
178268
178269
178270
178271
178272
178273
178274
178275
178276
178277
178278
178279
178280
178281
178282
178283
178284
178285
178286
178287
178288
178289
178290
178291
178879
178880
178881
178882
178883
178884
178885
178886
178887
178888
178889
178890
178891
178892
178893
178894
178895
178896
178897
178898
178899
178900
178901
178902
178903
178904
178905
178906
178907
178908
178909
178910
178911
178912
178913
178914
178915
178916
178917
178918
178919
178920
178921
178922
178923
178924
178925
178926
178927
178928
178929
178930
178931
179519
179520
179521
179522
179523
179524
179525
179526
179527
179528
179529
179530
179531
179532
179533
179534
179535
179536
179537
179538
179539
179540
179541
179542
179543
179544
179545
179546
179547
179548
179549
179550
179551
179552
179553
179554
179555
179556
179557
179558
179559
179560
179561
179562
179563
179564
179565
179566
179567
179568
179569
179570
179571
180160
180161
180162
180163
180164
180165
180166
180167
180168
180169
180170
180171
180172
180173
180174
180175
180176
180177
180178
180179
180180
180181
180182
180183
180184
180185
180186
180187
180188
180189
180190
180191
180192
180193
180194
180195
180196
180197
180198
180199
180200
180201
180202
180203
180204
180205
180206
180207
180208
180209
180210
180799
180800
180801
180802
180803
180804
180805
180806
180807
180808
180809
180810
180811
180812
180813
180814
180815
180816
180817
180818
180819
180820
180821
180822
180823
180824
180825
180826
180827
180828
180829
180830
180831
180832
180833
180834
180835
180836
180837
180838
180839
180840
180841
180842
180843
180844
180845
180846
180847
180848
180849
180850
181438
181439
181440
181441
181442
181443
181444
181445
181446
181447
181448
181449
181450
181451
181452
181453
181454
181455
181456
181457
181458
181459
181460
181461
181462
181463
181464
181465
181466
181467
181468
181469
181470
181471
181472
181473
181474
181475
181476
181477
181478
181479
181480
181481
181482
181483
181484
181485
181486
181487
181488
181489
182078
182079
182080
182081
182082
182083
182084
182085
182086
182087
182088
182089
182090
182091
182092
182093
182094
182095
182096
182097
182098
182099
182100
182101
182102
182103
182104
182105
182106
182107
182108
182109
182110
182111
182112
182113
182114
182115
182116
182117
182118
182119
182120
182121
182122
182123
182124
182125
182126
182127
182128
182129
182130
182131
182132
182133
182718
182719
182720
182721
182722
182723
182724
182725
182726
182727
182728
182729
182730
182731
182732
182733
182734
182735
182736
182737
182738
182739
182740
182741
182742
182743
182744
182745
182746
182747
182748
182749
182750
182751
182752
182753
182754
182755
182756
182757
182758
182759
182760
182761
182762
182763
182764
182765
182766
182767
182768
182769
182770
182771
182772
182773
183356
183357
183358
183359
183360
183361
183362
183363
183364
183365
183366
183367
183368
183369
183370
183371
183372
183373
183374
183375
183376
183377
183378
183379
183380
183381
183382
183383
183384
183385
183386
183387
183388
183389
183390
183391
183392
183393
183394
183395
183396
183397
183398
183399
183400
183401
183402
183403
183404
183405
183406
183407
183408
183409
183410
183411
183412
183413
183996
183997
183998
183999
184000
184001
184002
184003
184004
184005
184006
184007
184008
184009
184010
184011
184012
184013
184014
184015
184016
184017
184018
184019
184020
184021
184022
184023
184024
184025
184026
184027
184028
184029
184030
184031
184032
184033
184034
184035
184036
184037
184038
184039
184040
184041
184042
184043
184044
184045
184046
184047
184048
184049
184050
184051
184052
184053
184636
184637
184638
184639
184640
184641
184642
184643
184644
184645
184646
184647
184648
184649
184650
184651
184652
184653
184654
184655
184656
184657
184658
184659
184660
184661
184662
184663
184664
184665
184666
184667
184668
184669
184670
184671
184672
184673
184674
184675
184676
184677
184678
184679
184680
184681
184682
184683
184684
184685
184686
184687
184688
184689
184690
184691
184692
185276
185277
185278
185279
185280
185281
185282
185283
185284
185285
185286
185287
185288
185289
185290
185291
185292
185293
185294
185295
185296
185297
185298
185299
185300
185301
185302
185303
185304
185305
185306
185307
185308
185309
185310
185311
185312
185313
185314
185315
185316
185317
185318
185319
185320
185321
185322
185323
185324
185325
185326
185327
185328
185329
185330
185331
185332
185917
185918
185919
185920
185921
185922
185923
185924
185925
185926
185927
185928
185929
185930
185931
185932
185933
185934
185935
185936
185937
185938
185939
185940
185941
185942
185943
185944
185945
185946
185947
185948
185949
185950
185951
185952
185953
185954
185955
185956
185957
185958
185959
185960
185961
185962
185963
185964
185965
185966
185967
185968
185969
185970
185971
185972
186557
186558
186559
186560
186561
186562
186563
186564
186565
186566
186567
186568
186569
186570
186571
186572
186573
186574
186575
186576
186577
186578
186579
186580
186581
186582
186583
186584
186585
186586
186587
186588
186589
186590
186591
186592
186593
186594
186595
186596
186597
186598
186599
186600
186601
186602
186603
186604
186605
186606
186607
186608
186609
186610
186611
186612
187197
187198
187199
187200
187201
187202
187203
187204
187205
187206
187207
187208
187209
187210
187211
187212
187213
187214
187215
187216
187217
187218
187219
187220
187221
187222
187223
187224
187225
187226
187227
187228
187229
187230
187231
187232
187233
187234
187235
187236
187237
187238
187239
187240
187241
187242
187243
187244
187245
187246
187247
187248
187249
187250
187251
187252
187253
187837
187838
187839
187840
187841
187842
187843
187844
187845
187846
187847
187848
187849
187850
187851
187852
187853
187854
187855
187856
187857
187858
187859
187860
187861
187862
187863
187864
187865
187866
187867
187868
187869
187870
187871
187872
187873
187874
187875
187876
187877
187878
187879
187880
187881
187882
187883
187884
187885
187886
187887
187888
187889
187890
187891
187892
187893
187894
188476
188477
188478
188479
188480
188481
188482
188483
188484
188485
188486
188487
188488
188489
188490
188491
188492
188493
188494
188495
188496
188497
188498
188499
188500
188501
188502
188503
188504
188505
188506
188507
188508
188509
188510
188511
188512
188513
188514
188515
188516
188517
188518
188519
188520
188521
188522
188523
188524
188525
188526
188527
188528
188529
188530
188531
188532
188533
188534
188535
189114
189115
189116
189117
189118
189119
189120
189121
189122
189123
189124
189125
189126
189127
189128
189129
189130
189131
189132
189133
189134
189135
189136
189137
189138
189139
189140
189141
189142
189143
189144
189145
189146
189147
189148
189149
189150
189151
189152
189153
189154
189155
189156
189157
189158
189159
189160
189161
189162
189163
189164
189165
189166
189167
189168
189169
189170
189171
189172
189173
189174
189754
189755
189756
189757
189758
189759
189760
189761
189762
189763
189764
189765
189766
189767
189768
189769
189770
189771
189772
189773
189774
189775
189776
189777
189778
189779
189780
189781
189782
189783
189784
189785
189786
189787
189788
189789
189790
189791
189792
189793
189794
189795
189796
189797
189798
189799
189800
189801
189802
189803
189804
189805
189806
189807
189808
189809
189810
189811
189812
189813
189814
190394
190395
190396
190397
190398
190399
190400
190401
190402
190403
190404
190405
190406
190407
190408
190409
190410
190411
190412
190413
190414
190415
190416
190417
190418
190419
190420
190421
190422
190423
190424
190425
190426
190427
190428
190429
190430
190431
190432
190433
190434
190435
190436
190437
190438
190439
190440
190441
190442
190443
190444
190445
190446
190447
190448
190449
190450
190451
190452
190453
191035
191036
191037
191038
191039
191040
191041
191042
191043
191044
191045
191046
191047
191048
191049
191050
191051
191052
191053
191054
191055
191056
191057
191058
191059
191060
191061
191062
191063
191064
191065
191066
191067
191068
191069
191070
191071
191072
191073
191074
191075
191076
191077
191078
191079
191080
191081
191082
191083
191084
191085
191086
191087
191088
191089
191090
191091
191092
191093
191676
191677
191678
191679
191680
191681
191682
191683
191684
191685
191686
191687
191688
191689
191690
191691
191692
191693
191694
191695
191696
191697
191698
191699
191700
191701
191702
191703
191704
191705
191706
191707
191708
191709
191710
191711
191712
191713
191714
191715
191716
191717
191718
191719
191720
191721
191722
191723
191724
191725
191726
191727
191728
191729
191730
191731
191732
191733
192315
192316
192317
192318
192319
192320
192321
192322
192323
192324
192325
192326
192327
192328
192329
192330
192331
192332
192333
192334
192335
192336
192337
192338
192339
192340
192341
192342
192343
192344
192345
192346
192347
192348
192349
192350
192351
192352
192353
192354
192355
192356
192357
192358
192359
192360
192361
192362
192363
192364
192365
192366
192367
192368
192369
192370
192371
192372
192955
192956
192957
192958
192959
192960
192961
192962
192963
192964
192965
192966
192967
192968
192969
192970
192971
192972
192973
192974
192975
192976
192977
192978
192979
192980
192981
192982
192983
192984
192985
192986
192987
192988
192989
192990
192991
192992
192993
192994
192995
192996
192997
192998
192999
193000
193001
193002
193003
193004
193005
193006
193007
193008
193009
193010
193011
193012
193595
193596
193597
193598
193599
193600
193601
193602
193603
193604
193605
193606
193607
193608
193609
193610
193611
193612
193613
193614
193615
193616
193617
193618
193619
193620
193621
193622
193623
193624
193625
193626
193627
193628
193629
193630
193631
193632
193633
193634
193635
193636
193637
193638
193639
193640
193641
193642
193643
193644
193645
193646
193647
193648
193649
193650
193651
194235
194236
194237
194238
194239
194240
194241
194242
194243
194244
194245
194246
194247
194248
194249
194250
194251
194252
194253
194254
194255
194256
194257
194258
194259
194260
194261
194262
194263
194264
194265
194266
194267
194268
194269
194270
194271
194272
194273
194274
194275
194276
194277
194278
194279
194280
194281
194282
194283
194284
194285
194286
194287
194288
194289
194290
194291
194292
194876
194877
194878
194879
194880
194881
194882
194883
194884
194885
194886
194887
194888
194889
194890
194891
194892
194893
194894
194895
194896
194897
194898
194899
194900
194901
194902
194903
194904
194905
194906
194907
194908
194909
194910
194911
194912
194913
194914
194915
194916
194917
194918
194919
194920
194921
194922
194923
194924
194925
194926
194927
194928
194929
194930
194931
194932
195516
195517
195518
195519
195520
195521
195522
195523
195524
195525
195526
195527
195528
195529
195530
195531
195532
195533
195534
195535
195536
195537
195538
195539
195540
195541
195542
195543
195544
195545
195546
195547
195548
195549
195550
195551
195552
195553
195554
195555
195556
195557
195558
195559
195560
195561
195562
195563
195564
195565
195566
195567
195568
195569
195570
195571
195572
195573
196157
196158
196159
196160
196161
196162
196163
196164
196165
196166
196167
196168
196169
196170
196171
196172
196173
196174
196175
196176
196177
196178
196179
196180
196181
196182
196183
196184
196185
196186
196187
196188
196189
196190
196191
196192
196193
196194
196195
196196
196197
196198
196199
196200
196201
196202
196203
196204
196205
196206
196207
196208
196209
196210
196211
196212
196213
196214
196797
196798
196799
196800
196801
196802
196803
196804
196805
196806
196807
196808
196809
196810
196811
196812
196813
196814
196815
196816
196817
196818
196819
196820
196821
196822
196823
196824
196825
196826
196827
196828
196829
196830
196831
196832
196833
196834
196835
196836
196837
196838
196839
196840
196841
196842
196843
196844
196845
196846
196847
196848
196849
196850
196851
196852
196853
196854
197437
197438
197439
197440
197441
197442
197443
197444
197445
197446
197447
197448
197449
197450
197451
197452
197453
197454
197455
197456
197457
197458
197459
197460
197461
197462
197463
197464
197465
197466
197467
197468
197469
197470
197471
197472
197473
197474
197475
197476
197477
197478
197479
197480
197481
197482
197483
197484
197485
197486
197487
197488
197489
197490
197491
197492
197493
197494
198078
198079
198080
198081
198082
198083
198084
198085
198086
198087
198088
198089
198090
198091
198092
198093
198094
198095
198096
198097
198098
198099
198100
198101
198102
198103
198104
198105
198106
198107
198108
198109
198110
198111
198112
198113
198114
198115
198116
198117
198118
198119
198120
198121
198122
198123
198124
198125
198126
198127
198128
198129
198130
198131
198132
198133
198718
198719
198720
198721
198722
198723
198724
198725
198726
198727
198728
198729
198730
198731
198732
198733
198734
198735
198736
198737
198738
198739
198740
198741
198742
198743
198744
198745
198746
198747
198748
198749
198750
198751
198752
198753
198754
198755
198756
198757
198758
198759
198760
198761
198762
198763
198764
198765
198766
198767
198768
198769
198770
198771
198772
199358
199359
199360
199361
199362
199363
199364
199365
199366
199367
199368
199369
199370
199371
199372
199373
199374
199375
199376
199377
199378
199379
199380
199381
199382
199383
199384
199385
199386
199387
199388
199389
199390
199391
199392
199393
199394
199395
199396
199397
199398
199399
199400
199401
199402
199403
199404
199405
199406
199407
199408
199409
199410
199411
199999
200000
200001
200002
200003
200004
200005
200006
200007
200008
200009
200010
200011
200012
200013
200014
200015
200016
200017
200018
200019
200020
200021
200022
200023
200024
200025
200026
200027
200028
200029
200030
200031
200032
200033
200034
200035
200036
200037
200038
200039
200040
200041
200042
200043
200044
200045
200046
200047
200048
200049
200640
200641
200642
200643
200644
200645
200646
200647
200648
200649
200650
200651
200652
200653
200654
200655
200656
200657
200658
200659
200660
200661
200662
200663
200664
200665
200666
200667
200668
200669
200670
200671
200672
200673
200674
200675
200676
200677
200678
200679
200680
200681
200682
200683
200684
200685
200686
200687
200688
201282
201283
201284
201285
201286
201287
201288
201289
201290
201291
201292
201293
201294
201295
201296
201297
201298
201299
201300
201301
201302
201303
201304
201305
201306
201307
201308
201309
201310
201311
201312
201313
201314
201315
201316
201317
201318
201319
201320
201321
201322
201323
201324
201325
201326
201327
201328
201923
201924
201925
201926
201927
201928
201929
201930
201931
201932
201933
201934
201935
201936
201937
201938
201939
201940
201941
201942
201943
201944
201945
201946
201947
201948
201949
201950
201951
201952
201953
201954
201955
201956
201957
201958
201959
201960
201961
201962
201963
201964
201965
201966
202565
202566
202567
202568
202569
202570
202571
202572
202573
202574
202575
202576
202577
202578
202579
202580
202581
202582
202583
202584
202585
202586
202587
202588
202589
202590
202591
202592
202593
202594
202595
202596
202597
202598
202599
202600
202601
202602
202603
202604
203208
203209
203210
203211
203212
203213
203214
203215
203216
203217
203218
203219
203220
203221
203222
203223
203224
203225
203226
203227
203228
203229
203230
203231
203232
203233
203234
203235
203236
203237
203238
203239
203240
203241
203242
203243
203850
203851
203852
203853
203854
203855
203856
203857
203858
203859
203860
203861
203862
203863
203864
203865
203866
203867
203868
203869
203870
203871
203872
203873
203874
203875
203876
203877
203878
203879
203880
203881
204494
204495
204496
204497
204498
204499
204500
204501
204502
204503
204504
204505
204506
204507
204508
204509
204510
204511
204512
204513
204514
204515
204516
204517
204518
205140
205141
205142
205143
205144
205145
205146
205147
205148
205149
205150
205151
205152
205153
