118031
118032
118656
118657
118658
118659
118661
118662
118663
118664
118665
118666
118667
118668
118669
118670
118671
118672
118673
118674
118679
118680
118681
118682
118683
118684
118685
118686
119296
119297
119298
119299
119300
119301
119302
119303
119304
119305
119306
119307
119308
119309
119310
119311
119312
119313
119314
119315
119316
119317
119318
119319
119320
119321
119322
119323
119324
119325
119326
119327
119328
119329
119330
119934
119935
119936
119937
119938
119939
119940
119941
119942
119943
119944
119945
119946
119947
119948
119949
119950
119951
119952
119953
119954
119955
119956
119957
119958
119959
119960
119961
119962
119963
119964
119965
119966
119967
119968
119969
119970
120573
120574
120575
120576
120577
120578
120579
120580
120581
120582
120583
120584
120585
120586
120587
120588
120589
120590
120591
120592
120593
120594
120595
120596
120597
120598
120599
120600
120601
120602
120603
120604
120605
120606
120607
120608
120609
120610
120611
121209
121210
121211
121212
121213
121214
121215
121216
121217
121218
121219
121220
121221
121222
121223
121224
121225
121226
121227
121228
121229
121230
121231
121232
121233
121234
121235
121236
121237
121238
121239
121240
121241
121242
121243
121244
121245
121246
121247
121248
121249
121250
121251
121252
121848
121849
121850
121851
121852
121853
121854
121855
121856
121857
121858
121859
121860
121861
121862
121863
121864
121865
121866
121867
121868
121869
121870
121871
121872
121873
121874
121875
121876
121877
121878
121879
121880
121881
121882
121883
121884
121885
121886
121887
121888
121889
121890
121891
121892
121893
121894
122487
122488
122489
122490
122491
122492
122493
122494
122495
122496
122497
122498
122499
122500
122501
122502
122503
122504
122505
122506
122507
122508
122509
122510
122511
122512
122513
122514
122515
122516
122517
122518
122519
122520
122521
122522
122523
122524
122525
122526
122527
122528
122529
122530
122531
122532
122533
122534
122535
123125
123126
123127
123128
123129
123130
123131
123132
123133
123134
123135
123136
123137
123138
123139
123140
123141
123142
123143
123144
123145
123146
123147
123148
123149
123150
123151
123152
123153
123154
123155
123156
123157
123158
123159
123160
123161
123162
123163
123164
123165
123166
123167
123168
123169
123170
123171
123172
123173
123174
123175
123765
123766
123767
123768
123769
123770
123771
123772
123773
123774
123775
123776
123777
123778
123779
123780
123781
123782
123783
123784
123785
123786
123787
123788
123789
123790
123791
123792
123793
123794
123795
123796
123797
123798
123799
123800
123801
123802
123803
123804
123805
123806
123807
123808
123809
123810
123811
123812
123813
123814
124405
124406
124407
124408
124409
124410
124411
124412
124413
124414
124415
124416
124417
124418
124419
124420
124421
124422
124423
124424
124425
124426
124427
124428
124429
124430
124431
124432
124433
124434
124435
124436
124437
124438
124439
124440
124441
124442
124443
124444
124445
124446
124447
124448
124449
124450
124451
124452
124453
125046
125047
125048
125049
125050
125051
125052
125053
125054
125055
125056
125057
125058
125059
125060
125061
125062
125063
125064
125065
125066
125067
125068
125069
125070
125071
125072
125073
125074
125075
125076
125077
125078
125079
125080
125081
125082
125083
125084
125085
125086
125087
125088
125089
125090
125091
125092
125686
125687
125688
125689
125690
125691
125692
125693
125694
125695
125696
125697
125698
125699
125700
125701
125702
125703
125704
125705
125706
125707
125708
125709
125710
125711
125712
125713
125714
125715
125716
125717
125718
125719
125720
125721
125722
125723
125724
125725
125726
125727
125729
125730
125731
125732
126326
126327
126328
126329
126330
126331
126332
126333
126334
126335
126336
126337
126338
126339
126340
126341
126342
126343
126344
126345
126346
126347
126348
126349
126350
126351
126352
126353
126354
126355
126356
126357
126358
126359
126363
126364
126365
126366
126967
126968
126969
126970
126971
126972
126973
126974
126975
126976
126977
126978
126979
126980
126981
126982
126983
126984
126985
126986
126987
126988
126989
126990
126991
126992
126993
126994
126995
126996
126997
126998
127005
127006
127609
127610
127611
127612
127613
127614
127615
127616
127617
127618
127619
127620
127621
127622
127623
127624
127625
127626
127627
127628
127629
127630
127631
127632
127633
127634
127635
127636
127637
127638
127649
127650
128248
128249
128250
128251
128252
128253
128254
128255
128256
128257
128258
128259
128260
128261
128262
128263
128264
128265
128266
128267
128268
128269
128270
128271
128272
128273
128274
128275
128276
128277
128278
128286
128287
128288
128289
128290
128888
128889
128890
128891
128892
128893
128894
128895
128896
128897
128898
128899
128900
128901
128902
128903
128904
128905
128906
128907
128908
128909
128910
128911
128912
128913
128914
128915
128916
128917
128921
128922
128923
128924
128925
128926
128927
128928
128929
128930
129524
129525
129526
129527
129528
129529
129530
129531
129532
129533
129534
129535
129536
129537
129538
129539
129540
129541
129542
129543
129544
129545
129546
129547
129548
129549
129550
129551
129552
129553
129554
129555
129556
129557
129558
129559
129560
129561
129562
129563
129564
129565
129566
129567
129568
129569
129570
129571
129572
130164
130165
130166
130167
130168
130169
130170
130171
130172
130173
130174
130175
130176
130177
130178
130179
130180
130181
130182
130183
130184
130185
130186
130187
130188
130189
130190
130191
130192
130193
130194
130195
130196
130197
130198
130199
130200
130201
130202
130203
130204
130205
130206
130207
130208
130209
130210
130211
130212
130803
130804
130805
130806
130807
130808
130809
130810
130811
130812
130813
130814
130815
130816
130817
130818
130819
130820
130821
130822
130823
130824
130825
130826
130827
130828
130829
130830
130831
130832
130833
130834
130835
130836
130837
130838
130839
130840
130841
130842
130843
130844
130845
130846
130847
130848
130849
130850
130851
130852
131443
131444
131445
131446
131447
131448
131449
131450
131451
131452
131453
131454
131455
131456
131457
131458
131459
131460
131461
131462
131463
131464
131465
131466
131467
131468
131469
131470
131471
131472
131473
131474
131475
131476
131477
131478
131479
131480
131481
131482
131483
131484
131485
131486
131487
131488
131489
131490
131491
132083
132084
132085
132086
132087
132088
132089
132090
132091
132092
132093
132094
132095
132096
132097
132098
132099
132100
132101
132102
132103
132104
132105
132106
132107
132108
132109
132110
132111
132112
132113
132114
132115
132116
132117
132118
132119
132120
132121
132122
132123
132124
132125
132126
132127
132128
132129
132130
132131
132722
132723
132724
132725
132726
132727
132728
132729
132730
132731
132732
132733
132734
132735
132736
132737
132738
132739
132740
132741
132742
132743
132744
132745
132746
132747
132748
132749
132750
132751
132752
132753
132754
132755
132756
132757
132758
132759
132760
132761
132762
132763
132764
132765
132766
132767
132768
132769
132770
132771
132772
132773
132774
133362
133363
133364
133365
133366
133367
133368
133369
133370
133371
133372
133373
133374
133375
133376
133377
133378
133379
133380
133381
133382
133383
133384
133385
133386
133387
133388
133389
133390
133391
133392
133393
133394
133395
133396
133397
133398
133399
133400
133401
133402
133403
133404
133405
133406
133407
133408
133409
133410
133411
133412
133413
133414
133415
134002
134003
134004
134005
134006
134007
134008
134009
134010
134011
134012
134013
134014
134015
134016
134017
134018
134019
134020
134021
134022
134023
134024
134025
134026
134027
134028
134029
134030
134031
134032
134033
134034
134035
134036
134037
134038
134039
134040
134041
134042
134043
134044
134045
134046
134047
134048
134049
134050
134051
134052
134053
134054
134055
134056
134642
134643
134644
134645
134646
134647
134648
134649
134650
134651
134652
134653
134654
134655
134656
134657
134658
134659
134660
134661
134662
134663
134664
134665
134666
134667
134668
134669
134670
134671
134672
134673
134674
134675
134676
134677
134678
134679
134680
134681
134682
134683
134684
134685
134686
134687
134688
134689
134690
134691
134692
134693
134694
134695
134696
134697
135282
135283
135284
135285
135286
135287
135288
135289
135290
135291
135292
135293
135294
135295
135296
135297
135298
135299
135300
135301
135302
135303
135304
135305
135306
135307
135308
135309
135310
135311
135312
135313
135314
135315
135316
135317
135318
135319
135320
135321
135322
135323
135324
135325
135326
135327
135328
135329
135330
135331
135332
135333
135334
135335
135336
135337
135922
135923
135924
135925
135926
135927
135928
135929
135930
135931
135932
135933
135934
135935
135936
135937
135938
135939
135940
135941
135942
135943
135944
135945
135946
135947
135948
135949
135950
135951
135952
135953
135954
135955
135956
135957
135958
135959
135960
135961
135962
135963
135964
135965
135966
135967
135968
135969
135970
135971
135972
135973
135974
135975
135976
135977
136563
136564
136565
136566
136567
136568
136569
136570
136571
136572
136573
136574
136575
136576
136577
136578
136579
136580
136581
136582
136583
136584
136585
136586
136587
136588
136589
136590
136591
136592
136593
136594
136595
136596
136597
136598
136599
136600
136601
136602
136603
136604
136605
136606
136607
136608
136609
136610
136611
136612
136613
136614
136615
136616
136617
137203
137204
137205
137206
137207
137208
137209
137210
137211
137212
137213
137214
137215
137216
137217
137218
137219
137220
137221
137222
137223
137224
137225
137226
137227
137228
137229
137230
137231
137232
137233
137234
137235
137236
137237
137238
137239
137240
137241
137242
137243
137244
137245
137246
137247
137248
137249
137250
137251
137252
137253
137254
137255
137256
137257
137844
137845
137846
137847
137848
137849
137850
137851
137852
137853
137854
137855
137856
137857
137858
137859
137860
137861
137862
137863
137864
137865
137866
137867
137868
137869
137870
137871
137872
137873
137874
137875
137876
137877
137878
137879
137880
137881
137882
137883
137884
137885
137886
137887
137888
137889
137890
137891
137892
137893
137894
137895
137896
137897
138484
138485
138486
138487
138488
138489
138490
138491
138492
138493
138494
138495
138496
138497
138498
138499
138500
138501
138502
138503
138504
138505
138506
138507
138508
138509
138510
138511
138512
138513
138514
138515
138516
138517
138518
138519
138520
138521
138522
138523
138524
138525
138526
138527
138528
138529
138530
138531
138532
138533
138534
138535
138536
139125
139126
139127
139128
139129
139130
139131
139132
139133
139134
139135
139136
139137
139138
139139
139140
139141
139142
139143
139144
139145
139146
139147
139148
139149
139150
139151
139152
139153
139154
139155
139156
139157
139158
139159
139160
139161
139162
139163
139164
139165
139166
139167
139168
139169
139170
139171
139172
139173
139174
139175
139176
139765
139766
139767
139768
139769
139770
139771
139772
139773
139774
139775
139776
139777
139778
139779
139780
139781
139782
139783
139784
139785
139786
139787
139788
139789
139790
139791
139792
139793
139794
139795
139796
139797
139798
139799
139800
139801
139802
139803
139804
139805
139806
139807
139808
139809
139810
139811
139812
139813
139814
139815
139816
140406
140407
140408
140409
140410
140411
140412
140413
140414
140415
140416
140417
140418
140419
140420
140421
140422
140423
140424
140425
140426
140427
140428
140429
140430
140431
140432
140433
140434
140435
140436
140437
140438
140439
140440
140441
140442
140443
140444
140445
140446
140447
140448
140449
140450
140451
140452
140453
140454
140455
140456
140457
141046
141047
141048
141049
141050
141051
141052
141053
141054
141055
141056
141057
141058
141059
141060
141061
141062
141063
141064
141065
141066
141067
141068
141069
141070
141071
141072
141073
141074
141075
141076
141077
141078
141079
141080
141081
141082
141083
141084
141085
141086
141087
141088
141089
141090
141091
141092
141093
141094
141095
141096
141097
141098
141686
141687
141688
141689
141690
141691
141692
141693
141694
141695
141696
141697
141698
141699
141700
141701
141702
141703
141704
141705
141706
141707
141708
141709
141710
141711
141712
141713
141714
141715
141716
141717
141718
141719
141720
141721
141722
141723
141724
141725
141726
141727
141728
141729
141730
141731
141732
141733
141734
141735
141736
141737
141738
142325
142326
142327
142328
142329
142330
142331
142332
142333
142334
142335
142336
142337
142338
142339
142340
142341
142342
142343
142344
142345
142346
142347
142348
142349
142350
142351
142352
142353
142354
142355
142356
142357
142358
142359
142360
142361
142362
142363
142364
142365
142366
142367
142368
142369
142370
142371
142372
142373
142374
142375
142376
142377
142378
142965
142966
142967
142968
142969
142970
142971
142972
142973
142974
142975
142976
142977
142978
142979
142980
142981
142982
142983
142984
142985
142986
142987
142988
142989
142990
142991
142992
142993
142994
142995
142996
142997
142998
142999
143000
143001
143002
143003
143004
143005
143006
143007
143008
143009
143010
143011
143012
143013
143014
143015
143016
143017
143018
143604
143605
143606
143607
143608
143609
143610
143611
143612
143613
143614
143615
143616
143617
143618
143619
143620
143621
143622
143623
143624
143625
143626
143627
143628
143629
143630
143631
143632
143633
143634
143635
143636
143637
143638
143639
143640
143641
143642
143643
143644
143645
143646
143647
143648
143649
143650
143651
143652
143653
143654
143655
143656
143657
143658
144244
144245
144246
144247
144248
144249
144250
144251
144252
144253
144254
144255
144256
144257
144258
144259
144260
144261
144262
144263
144264
144265
144266
144267
144268
144269
144270
144271
144272
144273
144274
144275
144276
144277
144278
144279
144280
144281
144282
144283
144284
144285
144286
144287
144288
144289
144290
144291
144292
144293
144294
144295
144296
144297
144298
144885
144886
144887
144888
144889
144890
144891
144892
144893
144894
144895
144896
144897
144898
144899
144900
144901
144902
144903
144904
144905
144906
144907
144908
144909
144910
144911
144912
144913
144914
144915
144916
144917
144918
144919
144920
144921
144922
144923
144924
144925
144926
144927
144928
144929
144930
144931
144932
144933
144934
144935
144936
144937
144938
145524
145525
145526
145527
145528
145529
145530
145531
145532
145533
145534
145535
145536
145537
145538
145539
145540
145541
145542
145543
145544
145545
145546
145547
145548
145549
145550
145551
145552
145553
145554
145555
145556
145557
145558
145559
145560
145561
145562
145563
145564
145565
145566
145567
145568
145569
145570
145571
145572
145573
145574
145575
145576
145577
145578
146164
146165
146166
146167
146168
146169
146170
146171
146172
146173
146174
146175
146176
146177
146178
146179
146180
146181
146182
146183
146184
146185
146186
146187
146188
146189
146190
146191
146192
146193
146194
146195
146196
146197
146198
146199
146200
146201
146202
146203
146204
146205
146206
146207
146208
146209
146210
146211
146212
146213
146214
146215
146216
146217
146804
146805
146806
146807
146808
146809
146810
146811
146812
146813
146814
146815
146816
146817
146818
146819
146820
146821
146822
146823
146824
146825
146826
146827
146828
146829
146830
146831
146832
146833
146834
146835
146836
146837
146838
146839
146840
146841
146842
146843
146844
146845
146846
146847
146848
146849
146850
146851
146852
146853
146854
146855
146856
147445
147446
147447
147448
147449
147450
147451
147452
147453
147454
147455
147456
147457
147458
147459
147460
147461
147462
147463
147464
147465
147466
147467
147468
147469
147470
147471
147472
147473
147474
147475
147476
147477
147478
147479
147480
147481
147482
147483
147484
147485
147486
147487
147488
147489
147490
147491
147492
147493
147494
147495
147496
148085
148086
148087
148088
148089
148090
148091
148092
148093
148094
148095
148096
148097
148098
148099
148100
148101
148102
148103
148104
148105
148106
148107
148108
148109
148110
148111
148112
148113
148114
148115
148116
148117
148118
148119
148120
148121
148122
148123
148124
148125
148126
148127
148128
148129
148130
148131
148132
148133
148134
148135
148723
148724
148725
148726
148727
148728
148729
148730
148731
148732
148733
148734
148735
148736
148737
148738
148739
148740
148741
148742
148743
148744
148745
148746
148747
148748
148749
148750
148751
148752
148753
148754
148755
148756
148757
148758
148759
148760
148761
148762
148763
148764
148765
148766
148767
148768
148769
148770
148771
148772
148773
148774
148775
149363
149364
149365
149366
149367
149368
149369
149370
149371
149372
149373
149374
149375
149376
149377
149378
149379
149380
149381
149382
149383
149384
149385
149386
149387
149388
149389
149390
149391
149392
149393
149394
149395
149396
149397
149398
149399
149400
149401
149402
149403
149404
149405
149406
149407
149408
149409
149410
149411
149412
149413
149414
149415
150003
150004
150005
150006
150007
150008
150009
150010
150011
150012
150013
150014
150015
150016
150017
150018
150019
150020
150021
150022
150023
150024
150025
150026
150027
150028
150029
150030
150031
150032
150033
150034
150035
150036
150037
150038
150039
150040
150041
150042
150043
150044
150045
150046
150047
150048
150049
150050
150051
150052
150053
150054
150643
150644
150645
150646
150647
150648
150649
150650
150651
150652
150653
150654
150655
150656
150657
150658
150659
150660
150661
150662
150663
150664
150665
150666
150667
150668
150669
150670
150671
150672
150673
150674
150675
150676
150677
150678
150679
150680
150681
150682
150683
150684
150685
150686
150687
150688
150689
150690
150691
150692
150693
150694
151282
151283
151284
151285
151286
151287
151288
151289
151290
151291
151292
151293
151294
151295
151296
151297
151298
151299
151300
151301
151302
151303
151304
151305
151306
151307
151308
151309
151310
151311
151312
151313
151314
151315
151316
151317
151318
151319
151320
151321
151322
151323
151324
151325
151326
151327
151328
151329
151330
151331
151332
151333
151334
151922
151923
151924
151925
151926
151927
151928
151929
151930
151931
151932
151933
151934
151935
151936
151937
151938
151939
151940
151941
151942
151943
151944
151945
151946
151947
151948
151949
151950
151951
151952
151953
151954
151955
151956
151957
151958
151959
151960
151961
151962
151963
151964
151965
151966
151967
151968
151969
151970
151971
151972
151973
151974
152562
152563
152564
152565
152566
152567
152568
152569
152570
152571
152572
152573
152574
152575
152576
152577
152578
152579
152580
152581
152582
152583
152584
152585
152586
152587
152588
152589
152590
152591
152592
152593
152594
152595
152596
152597
152598
152599
152600
152601
152602
152603
152604
152605
152606
152607
152608
152609
152610
152611
152612
152613
153203
153204
153205
153206
153207
153208
153209
153210
153211
153212
153213
153214
153215
153216
153217
153218
153219
153220
153221
153222
153223
153224
153225
153226
153227
153228
153229
153230
153231
153232
153233
153234
153235
153236
153237
153238
153239
153240
153241
153242
153243
153244
153245
153246
153247
153248
153249
153250
153251
153252
153253
153254
153843
153844
153845
153846
153847
153848
153849
153850
153851
153852
153853
153854
153855
153856
153857
153858
153859
153860
153861
153862
153863
153864
153865
153866
153867
153868
153869
153870
153871
153872
153873
153874
153875
153876
153877
153878
153879
153880
153881
153882
153883
153884
153885
153886
153887
153888
153889
153890
153891
153892
153893
153894
154484
154485
154486
154487
154488
154489
154490
154491
154492
154493
154494
154495
154496
154497
154498
154499
154500
154501
154502
154503
154504
154505
154506
154507
154508
154509
154510
154511
154512
154513
154514
154515
154516
154517
154518
154519
154520
154521
154522
154523
154524
154525
154526
154527
154528
154529
154530
154531
154532
154533
154534
155124
155125
155126
155127
155128
155129
155130
155131
155132
155133
155134
155135
155136
155137
155138
155139
155140
155141
155142
155143
155144
155145
155146
155147
155148
155149
155150
155151
155152
155153
155154
155155
155156
155157
155158
155159
155160
155161
155162
155163
155164
155165
155166
155167
155168
155169
155170
155171
155172
155173
155174
155766
155767
155768
155769
155770
155771
155772
155773
155774
155775
155776
155777
155778
155779
155780
155781
155782
155783
155784
155785
155786
155787
155788
155789
155790
155791
155792
155793
155794
155795
155796
155797
155798
155799
155800
155801
155802
155803
155804
155805
155806
155807
155808
155809
155810
155811
155812
155813
155814
156406
156407
156408
156409
156410
156411
156412
156413
156414
156415
156416
156417
156418
156419
156420
156421
156422
156423
156424
156425
156426
156427
156428
156429
156430
156431
156432
156433
156434
156435
156436
156437
156438
156439
156440
156441
156442
156443
156444
156445
156446
156447
156448
156449
156450
156451
156452
156453
156454
157046
157047
157048
157049
157050
157051
157052
157053
157054
157055
157056
157057
157058
157059
157060
157061
157062
157063
157064
157065
157066
157067
157068
157069
157070
157071
157072
157073
157074
157075
157076
157077
157078
157079
157080
157081
157082
157083
157084
157085
157086
157087
157088
157089
157090
157686
157687
157688
157689
157690
157691
157692
157693
157694
157695
157696
157697
157698
157699
157700
157701
157702
157703
157704
157705
157706
157707
157708
157709
157710
157711
157712
157713
157714
157715
157716
157717
157718
157719
157720
157721
157722
157723
157724
157725
157726
157727
157728
157729
157730
158326
158327
158328
158329
158330
158331
158332
158333
158334
158335
158336
158337
158338
158339
158340
158341
158342
158343
158344
158345
158346
158347
158348
158349
158350
158351
158352
158353
158354
158355
158356
158357
158358
158359
158360
158361
158362
158363
158364
158365
158366
158367
158368
158369
158370
158966
158967
158968
158969
158970
158971
158972
158973
158974
158975
158976
158977
158978
158979
158980
158981
158982
158983
158984
158985
158986
158987
158988
158989
158990
158991
158992
158993
158994
158995
158996
158997
158998
158999
159000
159001
159002
159003
159004
159005
159006
159007
159008
159009
159010
159011
159607
159608
159609
159610
159611
159612
159613
159614
159615
159616
159617
159618
159619
159620
159621
159622
159623
159624
159625
159626
159627
159628
159629
159630
159631
159632
159633
159634
159635
159636
159637
159638
159639
159640
159641
159642
159643
159644
159645
159646
159647
159648
159649
159650
159651
160247
160248
160249
160250
160251
160252
160253
160254
160255
160256
160257
160258
160259
160260
160261
160262
160263
160264
160265
160266
160267
160268
160269
160270
160271
160272
160273
160274
160275
160276
160277
160278
160279
160280
160281
160282
160283
160284
160285
160286
160287
160288
160289
160290
160291
160294
160295
160887
160888
160889
160890
160891
160892
160893
160894
160895
160896
160897
160898
160899
160900
160901
160902
160903
160904
160905
160906
160907
160908
160909
160910
160911
160912
160913
160914
160915
160916
160917
160918
160919
160920
160921
160922
160923
160924
160925
160926
160927
160928
160929
160930
160931
160932
160933
160934
160935
161527
161528
161529
161530
161531
161532
161533
161534
161535
161536
161537
161538
161539
161540
161541
161542
161543
161544
161545
161546
161547
161548
161549
161550
161551
161552
161553
161554
161555
161556
161557
161558
161559
161560
161561
161562
161563
161564
161565
161566
161567
161568
161569
161570
161571
161572
161573
161574
161575
161576
162167
162168
162169
162170
162171
162172
162173
162174
162175
162176
162177
162178
162179
162180
162181
162182
162183
162184
162185
162186
162187
162188
162189
162190
162191
162192
162193
162194
162195
162196
162197
162198
162199
162200
162201
162202
162203
162204
162205
162206
162207
162208
162209
162210
162211
162212
162213
162214
162215
162216
162806
162807
162808
162809
162810
162811
162812
162813
162814
162815
162816
162817
162818
162819
162820
162821
162822
162823
162824
162825
162826
162827
162828
162829
162830
162831
162832
162833
162834
162835
162836
162837
162838
162839
162840
162841
162842
162843
162844
162845
162846
162847
162848
162849
162850
162851
162852
162853
162854
162855
162856
162857
162858
163446
163447
163448
163449
163450
163451
163452
163453
163454
163455
163456
163457
163458
163459
163460
163461
163462
163463
163464
163465
163466
163467
163468
163469
163470
163471
163472
163473
163474
163475
163476
163477
163478
163479
163480
163481
163482
163483
163484
163485
163486
163487
163488
163489
163490
163491
163492
163493
163494
163495
163496
163497
163498
164086
164087
164088
164089
164090
164091
164092
164093
164094
164095
164096
164097
164098
164099
164100
164101
164102
164103
164104
164105
164106
164107
164108
164109
164110
164111
164112
164113
164114
164115
164116
164117
164118
164119
164120
164121
164122
164123
164124
164125
164126
164127
164128
164129
164130
164131
164132
164133
164134
164135
164136
164137
164138
164727
164728
164729
164730
164731
164732
164733
164734
164735
164736
164737
164738
164739
164740
164741
164742
164743
164744
164745
164746
164747
164748
164749
164750
164751
164752
164753
164754
164755
164756
164757
164758
164759
164760
164761
164762
164763
164764
164765
164766
164767
164768
164769
164770
164771
164772
164773
164774
164775
164776
164777
164778
164779
165367
165368
165369
165370
165371
165372
165373
165374
165375
165376
165377
165378
165379
165380
165381
165382
165383
165384
165385
165386
165387
165388
165389
165390
165391
165392
165393
165394
165395
165396
165397
165398
165399
165400
165401
165402
165403
165404
165405
165406
165407
165408
165409
165410
165411
165412
165413
165414
165415
165416
165417
165418
165419
166008
166009
166010
166011
166012
166013
166014
166015
166016
166017
166018
166019
166020
166021
166022
166023
166024
166025
166026
166027
166028
166029
166030
166031
166032
166033
166034
166035
166036
166037
166038
166039
166040
166041
166042
166043
166044
166045
166046
166047
166048
166049
166050
166051
166052
166053
166054
166055
166056
166057
166058
166059
166648
166649
166650
166651
166652
166653
166654
166655
166656
166657
166658
166659
166660
166661
166662
166663
166664
166665
166666
166667
166668
166669
166670
166671
166672
166673
166674
166675
166676
166677
166678
166679
166680
166681
166682
166683
166684
166685
166686
166687
166688
166689
166690
166691
166692
166693
166694
166695
166696
166697
166698
166699
167289
167290
167291
167292
167293
167294
167295
167296
167297
167298
167299
167300
167301
167302
167303
167304
167305
167306
167307
167308
167309
167310
167311
167312
167313
167314
167315
167316
167317
167318
167319
167320
167321
167322
167323
167324
167325
167326
167327
167328
167329
167330
167331
167332
167333
167334
167335
167336
167337
167338
167929
167930
167931
167932
167933
167934
167935
167936
167937
167938
167939
167940
167941
167942
167943
167944
167945
167946
167947
167948
167949
167950
167951
167952
167953
167954
167955
167956
167957
167958
167959
167960
167961
167962
167963
167964
167965
167966
167967
167968
167969
167970
167971
167972
167973
167974
167975
167976
167977
167978
168569
168570
168571
168572
168573
168574
168575
168576
168577
168578
168579
168580
168581
168582
168583
168584
168585
168586
168587
168588
168589
168590
168591
168592
168593
168594
168595
168596
168597
168598
168599
168600
168601
168602
168603
168604
168605
168606
168607
168608
168609
168610
168611
168612
168613
168614
168615
168616
168617
168618
169209
169210
169211
169212
169213
169214
169215
169216
169217
169218
169219
169220
169221
169222
169223
169224
169225
169226
169227
169228
169229
169230
169231
169232
169233
169234
169235
169236
169237
169238
169239
169240
169241
169242
169243
169244
169245
169246
169247
169248
169249
169250
169251
169252
169253
169254
169255
169256
169257
169849
169850
169851
169852
169853
169854
169855
169856
169857
169858
169859
169860
169861
169862
169863
169864
169865
169866
169867
169868
169869
169870
169871
169872
169873
169874
169875
169876
169877
169878
169879
169880
169881
169882
169883
169884
169885
169886
169887
169888
169889
169890
169891
169892
169893
169894
169895
169896
169897
170489
170490
170491
170492
170493
170494
170495
170496
170497
170498
170499
170500
170501
170502
170503
170504
170505
170506
170507
170508
170509
170510
170511
170512
170513
170514
170515
170516
170517
170518
170519
170520
170521
170522
170523
170524
170525
170526
170527
170528
170529
170530
170531
170532
170533
170534
170535
170536
170537
171128
171129
171130
171131
171132
171133
171134
171135
171136
171137
171138
171139
171140
171141
171142
171143
171144
171145
171146
171147
171148
171149
171150
171151
171152
171153
171154
171155
171156
171157
171158
171159
171160
171161
171162
171163
171164
171165
171166
171167
171168
171169
171170
171171
171172
171173
171174
171175
171176
171177
171768
171769
171770
171771
171772
171773
171774
171775
171776
171777
171778
171779
171780
171781
171782
171783
171784
171785
171786
171787
171788
171789
171790
171791
171792
171793
171794
171795
171796
171797
171798
171799
171800
171801
171802
171803
171804
171805
171806
171807
171808
171809
171810
171811
171812
171813
171814
171815
171816
171817
172408
172409
172410
172411
172412
172413
172414
172415
172416
172417
172418
172419
172420
172421
172422
172423
172424
172425
172426
172427
172428
172429
172430
172431
172432
172433
172434
172435
172436
172437
172438
172439
172440
172441
172442
172443
172444
172445
172446
172447
172448
172449
172450
172451
172452
172453
172454
172455
172456
172457
173048
173049
173050
173051
173052
173053
173054
173055
173056
173057
173058
173059
173060
173061
173062
173063
173064
173065
173066
173067
173068
173069
173070
173071
173072
173073
173074
173075
173076
173077
173078
173079
173080
173081
173082
173083
173084
173085
173086
173087
173088
173089
173090
173091
173092
173093
173094
173095
173096
173097
173688
173689
173690
173691
173692
173693
173694
173695
173696
173697
173698
173699
173700
173701
173702
173703
173704
173705
173706
173707
173708
173709
173710
173711
173712
173713
173714
173715
173716
173717
173718
173719
173720
173721
173722
173723
173724
173725
173726
173727
173728
173729
173730
173731
173732
173733
173734
173735
173736
173737
174329
174330
174331
174332
174333
174334
174335
174336
174337
174338
174339
174340
174341
174342
174343
174344
174345
174346
174347
174348
174349
174350
174351
174352
174353
174354
174355
174356
174357
174358
174359
174360
174361
174362
174363
174364
174365
174366
174367
174368
174369
174370
174371
174372
174373
174374
174375
174376
174377
174378
174969
174970
174971
174972
174973
174974
174975
174976
174977
174978
174979
174980
174981
174982
174983
174984
174985
174986
174987
174988
174989
174990
174991
174992
174993
174994
174995
174996
174997
174998
174999
175000
175001
175002
175003
175004
175005
175006
175007
175008
175009
175010
175011
175012
175013
175014
175015
175016
175017
175018
175019
175608
175609
175610
175611
175612
175613
175614
175615
175616
175617
175618
175619
175620
175621
175622
175623
175624
175625
175626
175627
175628
175629
175630
175631
175632
175633
175634
175635
175636
175637
175638
175639
175640
175641
175642
175643
175644
175645
175646
175647
175648
175649
175650
175651
175652
175653
175654
175655
175656
175657
175658
175659
176248
176249
176250
176251
176252
176253
176254
176255
176256
176257
176258
176259
176260
176261
176262
176263
176264
176265
176266
176267
176268
176269
176270
176271
176272
176273
176274
176275
176276
176277
176278
176279
176280
176281
176282
176283
176284
176285
176286
176287
176288
176289
176290
176291
176292
176293
176294
176295
176296
176297
176298
176299
176889
176890
176891
176892
176893
176894
176895
176896
176897
176898
176899
176900
176901
176902
176903
176904
176905
176906
176907
176908
176909
176910
176911
176912
176913
176914
176915
176916
176917
176918
176919
176920
176921
176922
176923
176924
176925
176926
176927
176928
176929
176930
176931
176932
176933
176934
176935
176936
176937
176938
176939
177529
177530
177531
177532
177533
177534
177535
177536
177537
177538
177539
177540
177541
177542
177543
177544
177545
177546
177547
177548
177549
177550
177551
177552
177553
177554
177555
177556
177557
177558
177559
177560
177561
177562
177563
177564
177565
177566
177567
177568
177569
177570
177571
177572
177573
177574
177575
177576
177577
177578
177579
178169
178170
178171
178172
178173
178174
178175
178176
178177
178178
178179
178180
178181
178182
178183
178184
178185
178186
178187
178188
178189
178190
178191
178192
178193
178194
178195
178196
178197
178198
178199
178200
178201
178202
178203
178204
178205
178206
178207
178208
178209
178210
178211
178212
178213
178214
178215
178216
178217
178218
178219
178809
178810
178811
178812
178813
178814
178815
178816
178817
178818
178819
178820
178821
178822
178823
178824
178825
178826
178827
178828
178829
178830
178831
178832
178833
178834
178835
178836
178837
178838
178839
178840
178841
178842
178843
178844
178845
178846
178847
178848
178849
178850
178851
178852
178853
178854
178855
178856
178857
178858
178859
179450
179451
179452
179453
179454
179455
179456
179457
179458
179459
179460
179461
179462
179463
179464
179465
179466
179467
179468
179469
179470
179471
179472
179473
179474
179475
179476
179477
179478
179479
179480
179481
179482
179483
179484
179485
179486
179487
179488
179489
179490
179491
179492
179493
179494
179495
179496
179497
179498
179499
180090
180091
180092
180093
180094
180095
180096
180097
180098
180099
180100
180101
180102
180103
180104
180105
180106
180107
180108
180109
180110
180111
180112
180113
180114
180115
180116
180117
180118
180119
180120
180121
180122
180123
180124
180125
180126
180127
180128
180129
180130
180131
180132
180133
180134
180135
180136
180137
180138
180731
180732
180733
180734
180735
180736
180737
180738
180739
180740
180741
180742
180743
180744
180745
180746
180747
180748
180749
180750
180751
180752
180753
180754
180755
180756
180757
180758
180759
180760
180761
180762
180763
180764
180765
180766
180767
180768
180769
180770
180771
180772
180773
180774
180775
180776
180777
180778
180779
181369
181370
181371
181372
181373
181374
181375
181376
181377
181378
181379
181380
181381
181382
181383
181384
181385
181386
181387
181388
181389
181390
181391
181392
181393
181394
181395
181396
181397
181398
181399
181400
181401
181402
181403
181404
181405
181406
181407
181408
181409
181410
181411
181412
181413
181414
181415
181416
181417
181418
181419
182009
182010
182011
182012
182013
182014
182015
182016
182017
182018
182019
182020
182021
182022
182023
182024
182025
182026
182027
182028
182029
182030
182031
182032
182033
182034
182035
182036
182037
182038
182039
182040
182041
182042
182043
182044
182045
182046
182047
182048
182049
182050
182051
182052
182053
182054
182055
182056
182057
182058
182059
182060
182649
182650
182651
182652
182653
182654
182655
182656
182657
182658
182659
182660
182661
182662
182663
182664
182665
182666
182667
182668
182669
182670
182671
182672
182673
182674
182675
182676
182677
182678
182679
182680
182681
182682
182683
182684
182685
182686
182687
182688
182689
182690
182691
182692
182693
182694
182695
182696
182697
182698
182699
182700
183289
183290
183291
183292
183293
183294
183295
183296
183297
183298
183299
183300
183301
183302
183303
183304
183305
183306
183307
183308
183309
183310
183311
183312
183313
183314
183315
183316
183317
183318
183319
183320
183321
183322
183323
183324
183325
183326
183327
183328
183329
183330
183331
183332
183333
183334
183335
183336
183337
183338
183339
183340
183928
183929
183930
183931
183932
183933
183934
183935
183936
183937
183938
183939
183940
183941
183942
183943
183944
183945
183946
183947
183948
183949
183950
183951
183952
183953
183954
183955
183956
183957
183958
183959
183960
183961
183962
183963
183964
183965
183966
183967
183968
183969
183970
183971
183972
183973
183974
183975
183976
183977
183978
183979
183980
184568
184569
184570
184571
184572
184573
184574
184575
184576
184577
184578
184579
184580
184581
184582
184583
184584
184585
184586
184587
184588
184589
184590
184591
184592
184593
184594
184595
184596
184597
184598
184599
184600
184601
184602
184603
184604
184605
184606
184607
184608
184609
184610
184611
184612
184613
184614
184615
184616
184617
184618
184619
184620
185209
185210
185211
185212
185213
185214
185215
185216
185217
185218
185219
185220
185221
185222
185223
185224
185225
185226
185227
185228
185229
185230
185231
185232
185233
185234
185235
185236
185237
185238
185239
185240
185241
185242
185243
185244
185245
185246
185247
185248
185249
185250
185251
185252
185253
185254
185255
185256
185257
185258
185259
185260
185849
185850
185851
185852
185853
185854
185855
185856
185857
185858
185859
185860
185861
185862
185863
185864
185865
185866
185867
185868
185869
185870
185871
185872
185873
185874
185875
185876
185877
185878
185879
185880
185881
185882
185883
185884
185885
185886
185887
185888
185889
185890
185891
185892
185893
185894
185895
185896
185897
185898
185899
185900
185901
186489
186490
186491
186492
186493
186494
186495
186496
186497
186498
186499
186500
186501
186502
186503
186504
186505
186506
186507
186508
186509
186510
186511
186512
186513
186514
186515
186516
186517
186518
186519
186520
186521
186522
186523
186524
186525
186526
186527
186528
186529
186530
186531
186532
186533
186534
186535
186536
186537
186538
186539
186540
186541
187129
187130
187131
187132
187133
187134
187135
187136
187137
187138
187139
187140
187141
187142
187143
187144
187145
187146
187147
187148
187149
187150
187151
187152
187153
187154
187155
187156
187157
187158
187159
187160
187161
187162
187163
187164
187165
187166
187167
187168
187169
187170
187171
187172
187173
187174
187175
187176
187177
187178
187179
187180
187770
187771
187772
187773
187774
187775
187776
187777
187778
187779
187780
187781
187782
187783
187784
187785
187786
187787
187788
187789
187790
187791
187792
187793
187794
187795
187796
187797
187798
187799
187800
187801
187802
187803
187804
187805
187806
187807
187808
187809
187810
187811
187812
187813
187814
187815
187816
187817
187818
188411
188412
188413
188414
188415
188416
188417
188418
188419
188420
188421
188422
188423
188424
188425
188426
188427
188428
188429
188430
188431
188432
188433
188434
188435
188436
188437
188438
188439
188440
188441
188442
188443
188444
188445
188446
188447
188448
188449
188450
188451
188452
188453
188454
188455
188456
188457
188458
189051
189052
189053
189054
189055
189056
189057
189058
189059
189060
189061
189062
189063
189064
189065
189066
189067
189068
189069
189070
189071
189072
189073
189074
189075
189076
189077
189078
189079
189080
189081
189082
189083
189084
189085
189086
189087
189088
189089
189090
189091
189092
189093
189094
189095
189096
189097
189098
189691
189692
189693
189694
189695
189696
189697
189698
189699
189700
189701
189702
189703
189704
189705
189706
189707
189708
189709
189710
189711
189712
189713
189714
189715
189716
189717
189718
189719
189720
189721
189722
189723
189724
189725
189726
189727
189728
189729
189730
189731
189732
189733
189734
189735
189736
189737
189738
190331
190332
190333
190334
190335
190336
190337
190338
190339
190340
190341
190342
190343
190344
190345
190346
190347
190348
190349
190350
190351
190352
190353
190354
190355
190356
190357
190358
190359
190360
190361
190362
190363
190364
190365
190366
190367
190368
190369
190370
190371
190372
190373
190374
190375
190376
190377
190378
190971
190972
190973
190974
190975
190976
190977
190978
190979
190980
190981
190982
190983
190984
190985
190986
190987
190988
190989
190990
190991
190992
190993
190994
190995
190996
190997
190998
190999
191000
191001
191002
191003
191004
191005
191006
191007
191008
191009
191010
191011
191012
191013
191014
191015
191016
191017
191018
191610
191611
191612
191613
191614
191615
191616
191617
191618
191619
191620
191621
191622
191623
191624
191625
191626
191627
191628
191629
191630
191631
191632
191633
191634
191635
191636
191637
191638
191639
191640
191641
191642
191643
191644
191645
191646
191647
191648
191649
191650
191651
191652
191653
191654
191655
191656
191657
191658
192250
192251
192252
192253
192254
192255
192256
192257
192258
192259
192260
192261
192262
192263
192264
192265
192266
192267
192268
192269
192270
192271
192272
192273
192274
192275
192276
192277
192278
192279
192280
192281
192282
192283
192284
192285
192286
192287
192288
192289
192290
192291
192292
192293
192294
192295
192296
192297
192298
192890
192891
192892
192893
192894
192895
192896
192897
192898
192899
192900
192901
192902
192903
192904
192905
192906
192907
192908
192909
192910
192911
192912
192913
192914
192915
192916
192917
192918
192919
192920
192921
192922
192923
192924
192925
192926
192927
192928
192929
192930
192931
192932
192933
192934
192935
192936
192937
192938
192939
193530
193531
193532
193533
193534
193535
193536
193537
193538
193539
193540
193541
193542
193543
193544
193545
193546
193547
193548
193549
193550
193551
193552
193553
193554
193555
193556
193557
193558
193559
193560
193561
193562
193563
193564
193565
193566
193567
193568
193569
193570
193571
193572
193573
193574
193575
193576
193577
193578
193579
194170
194171
194172
194173
194174
194175
194176
194177
194178
194179
194180
194181
194182
194183
194184
194185
194186
194187
194188
194189
194190
194191
194192
194193
194194
194195
194196
194197
194198
194199
194200
194201
194202
194203
194204
194205
194206
194207
194208
194209
194210
194211
194212
194213
194214
194215
194216
194217
194218
194219
194810
194811
194812
194813
194814
194815
194816
194817
194818
194819
194820
194821
194822
194823
194824
194825
194826
194827
194828
194829
194830
194831
194832
194833
194834
194835
194836
194837
194838
194839
194840
194841
194842
194843
194844
194845
194846
194847
194848
194849
194850
194851
194852
194853
194854
194855
194856
194857
194858
194859
195450
195451
195452
195453
195454
195455
195456
195457
195458
195459
195460
195461
195462
195463
195464
195465
195466
195467
195468
195469
195470
195471
195472
195473
195474
195475
195476
195477
195478
195479
195480
195481
195482
195483
195484
195485
195486
195487
195488
195489
195490
195491
195492
195493
195494
195495
195496
195497
195498
196090
196091
196092
196093
196094
196095
196096
196097
196098
196099
196100
196101
196102
196103
196104
196105
196106
196107
196108
196109
196110
196111
196112
196113
196114
196115
196116
196117
196118
196119
196120
196121
196122
196123
196124
196125
196126
196127
196128
196129
196130
196131
196132
196133
196134
196135
196136
196137
196138
196730
196731
196732
196733
196734
196735
196736
196737
196738
196739
196740
196741
196742
196743
196744
196745
196746
196747
196748
196749
196750
196751
196752
196753
196754
196755
196756
196757
196758
196759
196760
196761
196762
196763
196764
196765
196766
196767
196768
196769
196770
196771
196772
196773
196774
196775
196776
196777
196778
196779
197370
197371
197372
197373
197374
197375
197376
197377
197378
197379
197380
197381
197382
197383
197384
197385
197386
197387
197388
197389
197390
197391
197392
197393
197394
197395
197396
197397
197398
197399
197400
197401
197402
197403
197404
197405
197406
197407
197408
197409
197410
197411
197412
197413
197414
197415
197416
197417
197418
197419
197420
198012
198013
198014
198015
198016
198017
198018
198019
198020
198021
198022
198023
198024
198025
198026
198027
198028
198029
198030
198031
198032
198033
198034
198035
198036
198037
198038
198039
198040
198041
198042
198043
198044
198045
198046
198047
198048
198049
198050
198051
198052
198053
198054
198055
198056
198057
198058
198059
198060
198652
198653
198654
198655
198656
198657
198658
198659
198660
198661
198662
198663
198664
198665
198666
198667
198668
198669
198670
198671
198672
198673
198674
198675
198676
198677
198678
198679
198680
198681
198682
198683
198684
198685
198686
198687
198688
198689
198690
198691
198692
198693
198694
198695
198696
198697
198698
198699
198700
199292
199293
199294
199295
199296
199297
199298
199299
199300
199301
199302
199303
199304
199305
199306
199307
199308
199309
199310
199311
199312
199313
199314
199315
199316
199317
199318
199319
199320
199321
199322
199323
199324
199325
199326
199327
199328
199329
199330
199331
199332
199333
199334
199335
199336
199337
199338
199339
199340
199932
199933
199934
199935
199936
199937
199938
199939
199940
199941
199942
199943
199944
199945
199946
199947
199948
199949
199950
199951
199952
199953
199954
199955
199956
199957
199958
199959
199960
199961
199962
199963
199964
199965
199966
199967
199968
199969
199970
199971
199972
199973
199974
199975
199976
199977
199978
199979
199980
200572
200573
200574
200575
200576
200577
200578
200579
200580
200581
200582
200583
200584
200585
200586
200587
200588
200589
200590
200591
200592
200593
200594
200595
200596
200597
200598
200599
200600
200601
200602
200603
200604
200605
200606
200607
200608
200609
200610
200611
200612
200613
200614
200615
200616
200617
200618
200619
200620
201212
201213
201214
201215
201216
201217
201218
201219
201220
201221
201222
201223
201224
201225
201226
201227
201228
201229
201230
201231
201232
201233
201234
201235
201236
201237
201238
201239
201240
201241
201242
201243
201244
201245
201246
201247
201248
201249
201250
201251
201252
201253
201254
201255
201256
201257
201258
201259
201852
201853
201854
201855
201856
201857
201858
201859
201860
201861
201862
201863
201864
201865
201866
201867
201868
201869
201870
201871
201872
201873
201874
201875
201876
201877
201878
201879
201880
201881
201882
201883
201884
201885
201886
201887
201888
201889
201890
201891
201892
201893
201894
201895
201896
201897
201898
202492
202493
202494
202495
202496
202497
202498
202499
202500
202501
202502
202503
202504
202505
202506
202507
202508
202509
202510
202511
202512
202513
202514
202515
202516
202517
202518
202519
202520
202521
202522
202523
202524
202525
202526
202527
202528
202529
202530
202531
202532
202533
202534
202535
202536
202537
202538
203132
203133
203134
203135
203136
203137
203138
203139
203140
203141
203142
203143
203144
203145
203146
203147
203148
203149
203150
203151
203152
203153
203154
203155
203156
203157
203158
203159
203160
203161
203162
203163
203164
203165
203166
203167
203168
203169
203170
203171
203172
203173
203174
203175
203176
203177
203178
203772
203773
203774
203775
203776
203777
203778
203779
203780
203781
203782
203783
203784
203785
203786
203787
203788
203789
203790
203791
203792
203793
203794
203795
203796
203797
203798
203799
203800
203801
203802
203803
203804
203805
203806
203807
203808
203809
203810
203811
203812
203813
203814
203815
203816
203817
203818
204412
204413
204414
204415
204416
204417
204418
204419
204420
204421
204422
204423
204424
204425
204426
204427
204428
204429
204430
204431
204432
204433
204434
204435
204436
204437
204438
204439
204440
204441
204442
204443
204444
204445
204446
204447
204448
204449
204450
204451
204452
204453
204454
204455
204456
204457
204458
205052
205053
205054
205055
205056
205057
205058
205059
205060
205061
205062
205063
205064
205065
205066
205067
205068
205069
205070
205071
205072
205073
205074
205075
205076
205077
205078
205079
205080
205081
205082
205083
205084
205085
205086
205087
205088
205089
205090
205091
205092
205093
205094
205095
205096
205097
205098
205099
205692
205693
205694
205695
205696
205697
205698
205699
205700
205701
205702
205703
205704
205705
205706
205707
205708
205709
205710
205711
205712
205713
205714
205715
205716
205717
205718
205719
205720
205721
205722
205723
205724
205725
205726
205727
205728
205729
205730
205731
205732
205733
205734
205735
205736
205737
205738
205739
206331
206332
206333
206334
206335
206336
206337
206338
206339
206340
206341
206342
206343
206344
206345
206346
206347
206348
206349
206350
206351
206352
206353
206354
206355
206356
206357
206358
206359
206360
206361
206362
206363
206364
206365
206366
206367
206368
206369
206370
206371
206372
206373
206374
206375
206376
206377
206378
206379
206380
206971
206972
206973
206974
206975
206976
206977
206978
206979
206980
206981
206982
206983
206984
206985
206986
206987
206988
206989
206990
206991
206992
206993
206994
206995
206996
206997
206998
206999
207000
207001
207002
207003
207004
207005
207006
207007
207008
207009
207010
207011
207012
207013
207014
207015
207016
207017
207018
207019
207020
207611
207612
207613
207614
207615
207616
207617
207618
207619
207620
207621
207622
207623
207624
207625
207626
207627
207628
207629
207630
207631
207632
207633
207634
207635
207636
207637
207638
207639
207640
207641
207642
207643
207644
207645
207646
207647
207648
207649
207650
207651
207652
207653
207654
207655
207656
207657
207658
207659
207660
208251
208252
208253
208254
208255
208256
208257
208258
208259
208260
208261
208262
208263
208264
208265
208266
208267
208268
208269
208270
208271
208272
208273
208274
208275
208276
208277
208278
208279
208280
208281
208282
208283
208284
208285
208286
208287
208288
208289
208290
208291
208292
208293
208294
208295
208296
208297
208298
208299
208300
208891
208892
208893
208894
208895
208896
208897
208898
208899
208900
208901
208902
208903
208904
208905
208906
208907
208908
208909
208910
208911
208912
208913
208914
208915
208916
208917
208918
208919
208920
208921
208922
208923
208924
208925
208926
208927
208928
208929
208930
208931
208932
208933
208934
208935
208936
208937
208938
208939
208940
209531
209532
209533
209534
209535
209536
209537
209538
209539
209540
209541
209542
209543
209544
209545
209546
209547
209548
209549
209550
209551
209552
209553
209554
209555
209556
209557
209558
209559
209560
209561
209562
209563
209564
209565
209566
209567
209568
209569
209570
209571
209572
209573
209574
209575
209576
209577
209578
209579
210171
210172
210173
210174
210175
210176
210177
210178
210179
210180
210181
210182
210183
210184
210185
210186
210187
210188
210189
210190
210191
210192
210193
210194
210195
210196
210197
210198
210199
210200
210201
210202
210203
210204
210205
210206
210207
210208
210209
210210
210211
210212
210213
210214
210215
210216
210217
210218
210219
210220
210811
210812
210813
210814
210815
210816
210817
210818
210819
210820
210821
210822
210823
210824
210825
210826
210827
210828
210829
210830
210831
210832
210833
210834
210835
210836
210837
210838
210839
210840
210841
210842
210843
210844
210845
210846
210847
210848
210849
210850
210851
210852
210853
210854
210855
210856
210857
210858
210859
210860
210861
211452
211453
211454
211455
211456
211457
211458
211459
211460
211461
211462
211463
211464
211465
211466
211467
211468
211469
211470
211471
211472
211473
211474
211475
211476
211477
211478
211479
211480
211481
211482
211483
211484
211485
211486
211487
211488
211489
211490
211491
211492
211493
211494
211495
211496
211497
211498
211499
211500
211501
212092
212093
212094
212095
212096
212097
212098
212099
212100
212101
212102
212103
212104
212105
212106
212107
212108
212109
212110
212111
212112
212113
212114
212115
212116
212117
212118
212119
212120
212121
212122
212123
212124
212125
212126
212127
212128
212129
212130
212131
212132
212133
212134
212135
212136
212137
212138
212139
212140
212141
212732
212733
212734
212735
212736
212737
212738
212739
212740
212741
212742
212743
212744
212745
212746
212747
212748
212749
212750
212751
212752
212753
212754
212755
212756
212757
212758
212759
212760
212761
212762
212763
212764
212765
212766
212767
212768
212769
212770
212771
212772
212773
212774
212775
212776
212777
212778
212779
212780
213372
213373
213374
213375
213376
213377
213378
213379
213380
213381
213382
213383
213384
213385
213386
213387
213388
213389
213390
213391
213392
213393
213394
213395
213396
213397
213398
213399
213400
213401
213402
213403
213404
213405
213406
213407
213408
213409
213410
213411
213412
213413
213414
213415
213416
213417
213418
213419
213420
214011
214012
214013
214014
214015
214016
214017
214018
214019
214020
214021
214022
214023
214024
214025
214026
214027
214028
214029
214030
214031
214032
214033
214034
214035
214036
214037
214038
214039
214040
214041
214042
214043
214044
214045
214046
214047
214048
214049
214050
214051
214052
214053
214054
214055
214056
214057
214058
214059
214060
214651
214652
214653
214654
214655
214656
214657
214658
214659
214660
214661
214662
214663
214664
214665
214666
214667
214668
214669
214670
214671
214672
214673
214674
214675
214676
214677
214678
214679
214680
214681
214682
214683
214684
214685
214686
214687
214688
214689
214690
214691
214692
214693
214694
214695
214696
214697
214698
214699
214700
215292
215293
215294
215295
215296
215297
215298
215299
215300
215301
215302
215303
215304
215305
215306
215307
215308
215309
215310
215311
215312
215313
215314
215315
215316
215317
215318
215319
215320
215321
215322
215323
215324
215325
215326
215327
215328
215329
215330
215331
215332
215333
215334
215335
215336
215337
215338
215339
215933
215934
215935
215936
215937
215938
215939
215940
215941
215942
215943
215944
215945
215946
215947
215948
215949
215950
215951
215952
215953
215954
215955
215956
215957
215958
215959
215960
215961
215962
215963
215964
215965
215966
215967
215968
215969
215970
215971
215972
215973
215974
215975
215976
215977
215978
215979
216574
216575
216576
216577
216578
216579
216580
216581
216582
216583
216584
216585
216586
216587
216588
216589
216590
216591
216592
216593
216594
216595
216596
216597
216598
216599
216600
216601
216602
216603
216604
216605
216606
216607
216608
216609
216610
216611
216612
216613
216614
216615
216616
216617
216618
216619
217214
217215
217216
217217
217218
217219
217220
217221
217222
217223
217224
217225
217226
217227
217228
217229
217230
217231
217232
217233
217234
217235
217236
217237
217238
217239
217240
217241
217242
217243
217244
217245
217246
217247
217248
217249
217250
217251
217252
217253
217254
217255
217256
217257
217258
217259
217856
217857
217858
217859
217860
217861
217862
217863
217864
217865
217866
217867
217868
217869
217870
217871
217872
217873
217874
217875
217876
217877
217878
217879
217880
217881
217882
217883
217884
217885
217886
217887
217888
217889
217890
217891
217892
217893
217894
217895
217896
217897
217898
218495
218496
218497
218498
218499
218500
218501
218502
218503
218504
218505
218506
218507
218508
218509
218510
218511
218512
218513
218514
218515
218516
218517
218518
218519
218520
218521
218522
218523
218524
218525
218526
218527
218528
218529
218530
218531
218532
218533
218534
218535
218536
218537
219136
219137
219138
219139
219140
219141
219142
219143
219144
219145
219146
219147
219148
219149
219150
219151
219152
219153
219154
219155
219156
219157
219158
219159
219160
219161
219162
219163
219164
219165
219166
219167
219168
219169
219170
219171
219172
219173
219174
219175
219176
219177
219777
219778
219779
219780
219781
219782
219783
219784
219785
219786
219787
219788
219789
219790
219791
219792
219793
219794
219795
219796
219797
219798
219799
219800
219801
219802
219803
219804
219805
219806
219807
219808
219809
219810
219811
219812
219813
219814
219815
220419
220420
220421
220422
220423
220424
220425
220426
220427
220428
220429
220430
220431
220432
220433
220434
220435
220436
220437
220438
220439
220440
220441
220442
220443
220444
220445
220446
220447
220448
220449
220450
220451
220452
220453
221060
221061
221062
221063
221064
221065
221066
221067
221068
221069
221070
221071
221072
221073
221074
221075
221076
221077
221078
221079
221080
221081
221082
221083
221084
221085
221086
221087
221088
221089
221090
221091
221702
221703
221704
221705
221706
221707
221708
221709
221710
221711
221712
221713
221714
221715
221716
221717
221718
221719
221720
221721
221722
221723
221724
221725
221726
221727
221728
222344
222345
222346
222347
222348
222349
222350
222351
222352
222353
222354
222355
222356
222357
222358
222359
222360
222361
222362
222363
222364
222988
222989
222990
222991
222992
222993
222994
222995
222996
222997
222998
