167948
167949
167950
167951
167955
167956
168588
168589
168590
168591
168592
168593
168594
168595
168596
169228
169229
169230
169231
169232
169233
169234
169235
169236
169865
169866
169867
169868
169869
169870
169871
169872
169873
169874
169875
169876
169877
170505
170506
170507
170508
170509
170510
170511
170512
170513
170514
170515
170516
170517
171145
171146
171147
171148
171149
171150
171151
171152
171153
171154
171155
171156
171157
171785
171786
171787
171788
171789
171790
171791
171792
171793
171794
171795
171796
171797
172425
172426
172427
172428
172429
172430
172431
172432
172433
172434
172435
172436
172437
172438
172439
172443
172444
173061
173062
173063
173064
173065
173066
173067
173068
173069
173070
173071
173072
173073
173074
173075
173076
173077
173078
173079
173080
173081
173082
173083
173084
173085
173700
173701
173702
173703
173704
173705
173706
173707
173708
173709
173710
173711
173712
173713
173714
173715
173716
173717
173718
173719
173720
173721
173722
173723
173724
173725
174339
174340
174341
174342
174343
174344
174345
174346
174347
174348
174349
174350
174351
174352
174353
174354
174355
174356
174357
174358
174359
174360
174361
174362
174363
174364
174365
174368
174369
174370
174979
174980
174981
174982
174983
174984
174985
174986
174987
174988
174989
174990
174991
174992
174993
174994
174995
174996
174997
174998
174999
175000
175001
175002
175003
175004
175005
175006
175007
175008
175009
175010
175011
175619
175620
175621
175622
175623
175624
175625
175626
175627
175628
175629
175630
175631
175632
175633
175634
175635
175636
175637
175638
175639
175640
175641
175642
175643
175644
175645
175646
175647
175648
175649
175650
175651
175652
176259
176260
176261
176262
176263
176264
176265
176266
176267
176268
176269
176270
176271
176272
176273
176274
176275
176276
176277
176278
176279
176280
176281
176282
176283
176284
176285
176286
176287
176288
176289
176290
176291
176292
176899
176900
176901
176902
176903
176904
176905
176906
176907
176908
176909
176910
176911
176912
176913
176914
176915
176916
176917
176918
176919
176920
176921
176922
176923
176924
176925
176926
176930
176931
176932
177543
177544
177545
177546
177547
177548
177549
177550
177551
177552
177553
177554
177555
177556
177557
177558
177559
177560
177561
177562
177563
177564
177565
177566
178183
178184
178185
178186
178187
178188
178189
178190
178191
178192
178193
178194
178195
178196
178197
178198
178199
178200
178201
178202
178203
178204
178205
178206
178824
178825
178826
178827
178828
178829
178830
178831
178832
178833
178834
178835
178836
178837
178838
178839
178840
178841
178842
178843
178844
178845
178846
179463
179464
179465
179466
179467
179468
179469
179470
179471
179472
179473
179474
179475
179476
179477
179478
179479
179480
179481
179482
179483
179484
179485
179486
180103
180104
180105
180106
180107
180108
180109
180110
180111
180112
180113
180114
180115
180116
180117
180118
180119
180120
180121
180122
180123
180124
180125
180126
180741
180742
180743
180744
180745
180746
180747
180748
180749
180750
180751
180752
180753
180754
180755
180756
180757
180758
180759
180760
180761
180762
180763
180764
180765
180766
181380
181381
181382
181383
181384
181385
181386
181387
181388
181389
181390
181391
181392
181393
181394
181395
181396
181397
181398
181399
181400
181401
181402
181403
181404
181405
181406
182020
182021
182022
182023
182024
182025
182026
182027
182028
182029
182030
182031
182032
182033
182034
182035
182036
182037
182038
182039
182040
182041
182042
182043
182044
182045
182660
182661
182662
182663
182664
182665
182666
182667
182668
182669
182670
182671
182672
182673
182674
182675
182676
182677
182678
182679
182680
182681
182682
182683
182684
182685
183301
183302
183303
183304
183305
183306
183307
183308
183309
183310
183311
183312
183313
183314
183315
183316
183317
183318
183319
183320
183321
183322
183323
183324
183940
183941
183942
183943
183944
183945
183946
183947
183948
183949
183950
183951
183952
183953
183954
183955
183956
183957
183958
183959
183960
183961
183962
183963
183964
184576
184577
184580
184581
184582
184583
184584
184585
184586
184587
184588
184589
184590
184591
184592
184593
184594
184595
184596
184597
184598
184599
184600
184601
184602
184603
184604
185216
185217
185218
185219
185220
185221
185222
185223
185224
185225
185226
185227
185228
185229
185230
185231
185232
185233
185234
185235
185236
185237
185238
185239
185240
185241
185242
185243
185244
185245
185856
185857
185858
185859
185860
185861
185862
185863
185864
185865
185866
185867
185868
185869
185870
185871
185872
185873
185874
185875
185876
185877
185878
185879
185880
185883
185884
185885
186497
186498
186499
186500
186501
186502
186503
186504
186505
186506
186507
186508
186509
186510
186511
186512
186513
186514
186515
186516
186517
186518
186519
187139
187140
187141
187142
187143
187144
187145
187146
187147
187148
187149
187150
187151
187152
187153
187154
187155
187156
187157
187162
187163
187164
187777
187778
187779
187780
187781
187782
187783
187784
187785
187786
187787
187788
187789
187790
187791
187792
187793
187794
187795
187796
187797
187801
187802
187803
187804
188417
188418
188419
188420
188421
188422
188423
188424
188425
188426
188427
188428
188429
188430
188431
188432
188433
188434
188435
188436
188437
188441
188442
188443
188444
188445
189056
189057
189058
189059
189060
189061
189062
189063
189064
189065
189066
189067
189068
189069
189070
189071
189072
189073
189074
189075
189076
189080
189081
189082
189083
189084
189085
189696
189697
189698
189699
189700
189701
189702
189703
189704
189705
189706
189707
189708
189709
189710
189711
189712
189713
189714
189715
189716
189720
189721
189722
189723
190336
190337
190338
190339
190340
190341
190342
190343
190344
190345
190346
190347
190348
190349
190350
190351
190352
190353
190354
190355
190356
190360
190361
190362
190363
190978
190979
190980
190981
190982
190983
190984
190985
190986
190987
190988
190989
190990
190991
190992
190993
190994
190995
190996
191000
191001
191002
191003
191618
191619
191620
191621
191622
191623
191624
191625
191626
191627
191628
191629
191630
191631
191632
191633
191634
191635
191636
191640
191641
191642
192258
192259
192260
192261
192262
192263
192264
192265
192266
192267
192268
192269
192270
192271
192272
192273
192274
192275
192276
192902
192903
192904
192905
192906
192907
192908
192909
192910
192911
192912
192913
192914
192915
193544
193545
193546
193547
193550
193551
193552
193553
193554
193555
194184
194185
194186
194194
194195
200547
200548
200549
200550
200551
200552
201187
201188
201189
201190
201191
201192
201828
201829
201830
201831
201832
202468
202469
202470
202471
202472
203108
203109
203110
203111
203112
203748
203749
203750
203751
203752
203753
204379
204380
204381
204388
204389
204390
204391
204392
204393
205018
205019
205020
205021
205022
205023
205025
205026
205027
205028
205029
205030
205031
205032
205033
205658
205659
205660
205661
205662
205663
205665
205666
205667
205668
205669
205670
205671
205672
206302
206303
206304
206305
206306
206307
206308
206309
206310
206311
206312
206942
206943
206944
206945
206946
206947
206948
206949
206950
206951
207585
207586
207587
207588
207589
207590
207591
208226
208227
208228
208229
208230
208866
208867
208868
208869
208870
208871
209506
209507
209508
209509
209510
209511
209512
209516
209517
209518
209519
209520
210147
210148
210149
210150
210151
210152
210156
210157
210158
210159
210160
210161
210787
210788
210789
210790
210791
210797
210798
210799
210800
210801
211421
211422
211423
211424
211425
211426
211427
211428
211429
211430
211431
211437
211438
211439
211440
211441
211442
212060
212061
212062
212063
212064
212065
212066
212067
212068
212069
212070
212071
212078
212079
212080
212081
212082
212083
212700
212701
212702
212703
212704
212705
212706
212707
212708
212709
212710
212711
212718
212719
212720
212721
212722
212723
212724
212725
212726
213337
213338
213339
213340
213341
213342
213343
213344
213345
213346
213347
213348
213349
213350
213351
213359
213360
213361
213362
213363
213364
213365
213366
213367
213368
213369
213370
213976
213977
213978
213979
213980
213981
213982
213983
213984
213985
213986
213987
213988
213989
213990
213998
213999
214000
214001
214002
214003
214004
214005
214006
214007
214008
214009
214010
214616
214617
214618
214619
214620
214621
214622
214623
214624
214625
214626
214627
214628
214629
214630
214636
214637
214638
214639
214640
214641
214642
214643
214644
214645
214646
214647
214648
214649
215256
215257
215258
215259
215260
215261
215262
215263
215264
215265
215266
215267
215268
215269
215270
215271
215276
215277
215278
215279
215280
215281
215282
215283
215284
215285
215286
215287
215288
215289
215896
215897
215898
215899
215900
215901
215902
215903
215904
215905
215906
215907
215908
215909
215910
215911
215914
215915
215916
215917
215918
215919
215920
215921
215922
215923
215924
215925
215926
215927
215928
216536
216537
216538
216539
216540
216541
216542
216543
216544
216545
216546
216547
216548
216549
216550
216551
216552
216553
216554
216555
216556
216557
216558
216559
216560
216561
216562
216563
216564
216565
216566
216567
216568
217176
217177
217178
217179
217182
217183
217184
217185
217186
217187
217188
217189
217190
217191
217192
217193
217194
217195
217196
217197
217198
217199
217200
217201
217202
217203
217204
217205
217206
217207
217208
217816
217817
217822
217823
217824
217825
217826
217827
217828
217829
217830
217831
217832
217833
217834
217835
217836
217837
217838
217839
217840
217841
217842
217843
217844
217845
217846
217847
217848
217849
217850
217851
217852
218463
218464
218465
218466
218467
218468
218469
218470
218471
218472
218473
218474
218475
218476
218477
218478
218479
218480
218481
218482
218483
218484
218485
218486
218487
218488
218489
218490
218491
218492
219103
219104
219105
219106
219107
219108
219109
219110
219111
219112
219113
219114
219115
219116
219117
219118
219119
219120
219121
219122
219123
219124
219125
219126
219127
219128
219129
219130
219131
219132
219740
219741
219742
219743
219744
219745
219746
219747
219748
219749
219750
219751
219752
219753
219754
219755
219756
219757
219758
219759
219760
219761
219762
219763
219764
219765
219766
219767
219768
219769
219770
219771
219772
219808
219809
220380
220381
220382
220383
220384
220385
220386
220387
220388
220389
220390
220391
220392
220393
220394
220395
220396
220397
220398
220399
220400
220401
220402
220403
220404
220405
220406
220407
220408
220409
220410
220411
220412
220448
220449
221020
221021
221022
221023
221024
221025
221026
221027
221028
221029
221030
221031
221032
221033
221034
221035
221036
221037
221038
221039
221040
221041
221042
221043
221044
221045
221046
221047
221048
221049
221050
221051
221087
221088
221089
221659
221660
221661
221662
221663
221664
221665
221666
221667
221668
221669
221670
221671
221672
221673
221674
221675
221676
221677
221678
221679
221680
221681
221682
221683
221684
221685
221686
221687
221688
221689
221690
221728
222299
222300
222301
222302
222303
222304
222305
222306
222307
222308
222309
222310
222311
222312
222313
222314
222315
222316
222317
222318
222319
222320
222321
222322
222323
222324
222325
222326
222327
222328
222329
222330
222940
222941
222942
222943
222944
222945
222946
222947
222948
222949
222950
222951
222952
222953
222954
222955
222956
222957
222958
222959
222960
222961
222962
222963
222964
222965
222966
222967
222968
222969
222970
222971
222972
223580
223581
223582
223583
223584
223585
223586
223587
223588
223589
223590
223591
223592
223593
223594
223595
223596
223597
223598
223599
223600
223601
223602
223603
223604
223605
223606
223607
223608
223609
223610
223611
223612
224222
224223
224224
224225
224226
224227
224228
224229
224230
224231
224232
224233
224234
224235
224236
224237
224238
224239
224240
224241
224242
224243
224244
224245
224246
224247
224248
224249
224250
224251
224252
224253
224862
224863
224864
224865
224866
224867
224868
224869
224870
224871
224872
224873
224874
224875
224876
224877
224878
224879
224880
224881
224882
224883
224884
224885
224886
224887
224888
224889
224890
224891
224892
224893
225500
225501
225502
225503
225504
225505
225506
225507
225508
225509
225510
225511
225512
225513
225514
225515
225516
225517
225518
225519
225520
225521
225522
225523
225524
225525
225526
225527
225528
225529
225530
225531
225532
225533
225534
225535
226140
226141
226142
226143
226144
226145
226146
226147
226148
226149
226150
226151
226152
226153
226154
226155
226156
226157
226158
226159
226160
226161
226162
226163
226164
226165
226166
226167
226168
226169
226170
226171
226172
226173
226174
226175
226781
226782
226783
226784
226785
226786
226787
226788
226789
226790
226791
226792
226793
226794
226795
226796
226797
226798
226799
226800
226801
226802
226803
226804
226805
226806
226807
226808
226809
226810
226811
226812
226813
226814
227421
227422
227423
227424
227425
227426
227427
227428
227429
227430
227431
227432
227433
227434
227435
227436
227437
227438
227439
227440
227441
227442
227443
227444
227445
227446
227447
227448
227449
227450
227451
227452
227453
227454
228062
228063
228064
228065
228066
228067
228068
228069
228070
228071
228072
228073
228074
228075
228076
228077
228078
228079
228080
228081
228082
228083
228084
228085
228086
228087
228088
228089
228090
228091
228092
228093
228094
228117
228702
228703
228704
228705
228706
228707
228708
228709
228710
228711
228712
228713
228714
228715
228716
228717
228718
228719
228720
228721
228722
228723
228724
228725
228726
228727
228728
228729
228730
228731
228732
228733
228734
228754
228755
228756
229342
229343
229344
229345
229346
229347
229348
229349
229350
229351
229352
229353
229354
229355
229356
229357
229358
229359
229360
229361
229362
229363
229364
229365
229366
229367
229368
229369
229370
229371
229372
229373
229394
229982
229983
229984
229985
229986
229987
229988
229989
229990
229991
229992
229993
229994
229995
229996
229997
229998
229999
230000
230001
230002
230003
230004
230005
230006
230007
230008
230009
230010
230011
230012
230624
230625
230626
230627
230628
230629
230630
230631
230632
230633
230634
230635
230636
230637
230638
230639
230640
230641
230642
230643
230644
230645
230646
230647
230648
231264
231265
231266
231267
231268
231269
231270
231271
231272
231273
231274
231275
231276
231277
231278
231279
231280
231281
231282
231283
231284
231285
231286
231287
231288
231905
231906
231907
231908
231909
231910
231911
231912
231913
231914
231915
231916
231917
231918
231919
231920
231921
231922
231923
231924
231925
231926
231927
231928
231929
232545
232546
232547
232548
232549
232550
232551
232552
232553
232554
232555
232556
232557
232558
232559
232560
232561
232562
232563
232564
232565
232566
232567
232568
232569
233187
233188
233189
233190
233191
233192
233193
233194
233195
233196
233197
233198
233199
233200
233201
233202
233203
233204
233205
233206
233207
233208
233212
233213
233828
233829
233830
233831
233832
233833
233834
233835
233836
233837
233838
233839
233840
233841
233842
233843
233844
233845
233846
233847
233848
233849
233850
233851
233852
233853
234465
234466
234467
234468
234469
234470
234471
234472
234473
234474
234475
234476
234477
234478
234479
234480
234481
234482
234483
234484
234485
234486
234487
234488
234489
234490
234491
234492
234493
235105
235106
235107
235108
235109
235110
235111
235112
235113
235114
235115
235116
235117
235118
235119
235120
235121
235122
235123
235124
235125
235126
235127
235128
235129
235130
235131
235132
235133
235134
235742
235743
235744
235745
235746
235747
235748
235749
235750
235751
235752
235753
235754
235755
235756
235757
235758
235759
235760
235761
235762
235763
235764
235765
235766
235767
235768
235769
235770
235771
235772
235773
235774
236382
236383
236384
236385
236386
236387
236388
236389
236390
236391
236392
236394
236395
236396
236397
236398
236399
236400
236401
236402
236403
236404
236405
236406
236407
236408
236409
236410
236411
236412
236413
237023
237024
237025
237026
237027
237028
237029
237030
237031
237032
237033
237034
237035
237036
237037
237038
237039
237040
237041
237042
237043
237044
237045
237046
237047
237048
237049
237050
237051
237052
237053
237662
237663
237664
237665
237666
237667
237668
237669
237670
237671
237672
237673
237674
237675
237676
237677
237678
237679
237680
237681
237682
237683
237684
237685
237686
237687
237688
237689
237690
237691
237692
238302
238303
238304
238305
238306
238307
238308
238309
238310
238311
238312
238313
238314
238315
238316
238317
238318
238319
238320
238321
238322
238323
238324
238325
238326
238327
238328
238329
238330
238331
238332
238947
238948
238949
238950
238951
238952
238953
238954
238955
238956
238957
238958
238959
238960
238961
238962
238963
238964
238965
238966
238967
238968
238969
238970
238971
238972
239590
239591
239592
239593
239594
239595
239596
239597
239598
239599
239600
239601
239602
239603
239604
239605
239606
239607
239608
239609
239610
239611
239612
240230
240231
240232
240233
240234
240235
240236
240237
240238
240239
240240
240241
240242
240243
240244
240245
240246
240247
240248
240249
240250
240251
240872
240873
240874
240875
240876
240877
240878
240879
240880
240881
240882
240883
240884
240885
240886
240887
240888
240889
240890
240891
241512
241513
241514
241515
241516
241517
241518
241519
241520
241521
241522
241523
241524
241525
241526
241527
241528
241529
241530
241531
241532
242153
242154
242155
242156
242157
242158
242159
242160
242161
242162
242163
242164
242165
242166
242167
242168
242169
242170
242171
242172
242794
242795
242796
242797
242798
242799
242800
242801
242802
242803
242804
242805
242806
242807
242808
242809
242810
242811
242812
243436
243437
243438
243439
243440
243441
243442
243443
243444
243445
243446
243447
243448
243449
244079
244080
244081
244082
244083
244084
244085
244086
244087
244088
244089
244090
244721
244722
244723
244724
244725
244726
244727
244728
244729
244730
245362
245363
245364
245365
245366
245367
245368
245369
246003
246004
246005
246006
246007
246008
