165381
165382
166021
166022
166023
166024
166661
166662
166663
166664
167301
167302
167303
167304
167938
167939
167940
167941
167942
167943
167944
167945
168565
168566
168571
168572
168574
168575
168576
168577
168578
168579
168580
168581
168582
168583
168584
168585
169204
169205
169206
169207
169208
169209
169210
169211
169212
169213
169214
169215
169216
169217
169218
169219
169220
169221
169222
169223
169224
169225
169842
169843
169844
169845
169846
169847
169848
169849
169850
169851
169852
169853
169854
169855
169856
169857
169858
169859
169860
169861
169862
169863
169864
169865
169866
170482
170483
170484
170485
170486
170487
170488
170489
170490
170491
170492
170493
170494
170495
170496
170497
170498
170499
170500
170501
170502
170503
170504
170505
170506
170507
171122
171123
171124
171125
171126
171127
171128
171129
171130
171131
171132
171133
171134
171135
171136
171137
171138
171139
171140
171141
171142
171143
171144
171145
171146
171147
171148
171149
171762
171763
171764
171765
171766
171767
171768
171769
171770
171771
171772
171773
171774
171775
171776
171777
171778
171779
171780
171781
171782
171783
171784
171785
171786
171787
171788
171789
172402
172403
172404
172405
172406
172407
172408
172409
172410
172411
172412
172413
172414
172415
172416
172417
172418
172419
172420
172421
172422
172423
172424
172425
172426
172427
172428
172429
172430
173042
173043
173044
173045
173046
173047
173048
173049
173050
173051
173057
173058
173059
173060
173061
173062
173063
173064
173065
173066
173067
173068
173069
173070
173071
173072
173073
173683
173684
173685
173686
173687
173688
173689
173690
173691
173696
173697
173698
173699
173700
173701
173702
173703
173704
173705
173706
173707
173708
173709
173710
173711
173712
173713
173714
173715
174327
174328
174329
174330
174331
174336
174337
174338
174339
174340
174341
174342
174343
174344
174345
174346
174347
174348
174349
174350
174351
174352
174353
174354
174355
174356
174357
174967
174968
174969
174970
174971
174976
174977
174978
174979
174980
174981
174982
174983
174984
174985
174986
174987
174988
174989
174990
174991
174992
174993
174994
174995
174996
174997
175607
175608
175609
175610
175611
175618
175619
175620
175621
175622
175623
175624
175625
175626
175627
175628
175629
175630
175631
175632
175633
175634
175635
175636
175637
175638
175639
176248
176249
176250
176251
176259
176260
176261
176262
176263
176264
176265
176266
176267
176268
176269
176270
176271
176272
176273
176274
176275
176276
176277
176278
176279
176280
176281
176886
176887
176888
176889
176890
176891
176892
176893
176899
176900
176901
176902
176903
176904
176905
176906
176907
176908
176909
176910
176911
176912
176913
176914
176915
176916
176917
176918
176919
176920
176921
177526
177527
177528
177529
177530
177531
177532
177533
177542
177543
177544
177545
177546
177547
177548
177549
177550
177551
177552
177553
177554
177555
177556
177557
177558
177559
177560
177561
178167
178168
178169
178170
178171
178172
178173
178182
178183
178184
178185
178186
178187
178188
178189
178190
178191
178192
178193
178194
178195
178196
178197
178198
178199
178200
178201
178822
178823
178824
178825
178826
178827
178828
178829
178830
178831
178832
178833
178834
178835
178836
178837
178838
178839
178840
178841
178842
178843
178844
179461
179462
179463
179464
179465
179466
179467
179468
179469
179470
179471
179472
179473
179474
179475
179476
179477
179478
179479
179480
179481
179482
179483
179484
180100
180101
180102
180103
180104
180105
180106
180107
180108
180109
180110
180111
180112
180113
180114
180115
180116
180117
180118
180119
180120
180121
180122
180123
180124
180125
180126
180127
180740
180741
180742
180743
180744
180745
180746
180747
180748
180749
180750
180751
180752
180753
180754
180755
180756
180757
180758
180759
180760
180761
180762
180763
180764
180765
180766
180767
180768
180769
181381
181382
181383
181384
181385
181386
181387
181388
181389
181390
181391
181392
181393
181394
181395
181396
181397
181398
181399
181400
181401
181402
181403
181404
181405
181406
181407
181408
181409
181410
182021
182022
182023
182024
182025
182026
182027
182028
182029
182030
182031
182032
182033
182034
182035
182036
182037
182038
182039
182040
182041
182042
182043
182044
182045
182046
182047
182048
182049
182050
182661
182662
182663
182664
182665
182666
182667
182668
182669
182670
182671
182672
182673
182674
182675
182676
182677
182678
182679
182680
182681
182682
182683
182684
182685
182686
182687
182688
182689
182690
182691
183301
183302
183303
183304
183305
183306
183307
183308
183309
183310
183311
183312
183313
183314
183315
183316
183317
183318
183319
183320
183321
183322
183323
183324
183325
183326
183327
183328
183329
183330
183331
183940
183941
183942
183943
183944
183945
183946
183947
183948
183949
183950
183951
183952
183953
183954
183955
183956
183957
183958
183959
183960
183961
183962
183963
183964
183965
183966
183967
183968
183969
183970
183971
183976
183977
183978
183979
184580
184581
184582
184583
184584
184585
184586
184587
184588
184589
184590
184591
184592
184593
184594
184595
184596
184597
184598
184599
184600
184601
184602
184603
184604
184605
184606
184607
184608
184609
184610
184611
184612
184613
184614
184615
184616
184617
184618
184619
184620
185220
185221
185222
185223
185224
185225
185226
185227
185228
185229
185230
185231
185232
185233
185234
185235
185236
185237
185238
185239
185240
185241
185242
185243
185244
185245
185246
185247
185248
185249
185250
185251
185252
185253
185254
185255
185256
185257
185258
185259
185260
185261
185861
185862
185863
185864
185865
185866
185867
185868
185869
185870
185871
185872
185873
185874
185875
185876
185877
185878
185879
185880
185881
185882
185883
185884
185885
185886
185887
185888
185889
185890
185891
185892
185893
185894
185895
185896
185897
185898
185899
185900
185901
186501
186502
186504
186505
186506
186507
186508
186509
186510
186511
186512
186513
186514
186515
186516
186517
186518
186519
186520
186521
186522
186523
186524
186525
186526
186527
186528
186529
186530
186531
186532
186533
186534
186535
186536
186537
186538
186539
186540
186541
187144
187145
187146
187147
187148
187149
187150
187151
187152
187153
187154
187155
187156
187157
187158
187159
187160
187161
187162
187163
187164
187165
187166
187167
187168
187169
187170
187171
187172
187173
187174
187175
187176
187177
187178
187179
187180
187181
187784
187785
187786
187787
187788
187789
187790
187791
187792
187793
187794
187795
187796
187797
187798
187799
187800
187801
187802
187803
187804
187805
187806
187807
187808
187809
187810
187811
187812
187813
187814
187815
187816
187817
187818
187819
187820
187821
188427
188428
188429
188430
188431
188432
188433
188434
188435
188436
188437
188438
188439
188440
188441
188442
188443
188444
188445
188446
188447
188448
188449
188450
188451
188452
188453
188454
188455
188456
188457
188458
188459
188460
188461
188462
188463
188464
189066
189067
189068
189069
189070
189071
189072
189073
189074
189075
189076
189077
189078
189079
189080
189081
189082
189083
189084
189085
189086
189087
189088
189089
189090
189091
189092
189093
189094
189095
189096
189097
189098
189099
189100
189101
189102
189103
189104
189706
189707
189708
189709
189710
189711
189712
189713
189714
189715
189716
189717
189718
189719
189720
189721
189722
189723
189724
189725
189726
189727
189728
189729
189730
189731
189732
189733
189734
189735
189736
189737
189738
189739
189740
189741
189742
189743
189744
189745
189746
190346
190347
190348
190349
190350
190351
190352
190353
190354
190355
190356
190357
190358
190359
190360
190361
190362
190363
190364
190365
190366
190367
190368
190369
190370
190371
190372
190373
190374
190375
190376
190377
190378
190379
190380
190381
190382
190383
190384
190385
190386
190387
190388
190987
190988
190989
190990
190991
190992
190993
190994
190995
190996
190997
190998
190999
191000
191001
191002
191003
191004
191005
191006
191007
191008
191009
191010
191011
191012
191013
191014
191015
191016
191017
191018
191019
191020
191021
191022
191023
191024
191025
191026
191027
191028
191628
191629
191630
191631
191632
191633
191634
191635
191636
191637
191638
191639
191640
191641
191642
191643
191644
191645
191646
191647
191648
191649
191650
191651
191652
191653
191654
191655
191656
191657
191658
191659
191660
191661
191662
191663
191664
191665
191666
191667
191668
192271
192272
192273
192274
192275
192276
192277
192278
192279
192280
192281
192282
192283
192284
192285
192286
192287
192291
192292
192293
192294
192295
192296
192297
192298
192299
192300
192301
192302
192303
192304
192305
192306
192307
192308
192911
192912
192913
192914
192915
192916
192917
192918
192919
192920
192921
192922
192923
192924
192925
192926
192931
192932
192933
192934
192935
192936
192937
192938
192939
192940
192941
192942
192943
192944
192945
192946
192947
192948
193551
193552
193553
193554
193555
193556
193557
193558
193559
193560
193561
193562
193563
193564
193565
193572
193573
193574
193575
193576
193577
193578
193579
193580
193581
193582
193583
193584
193585
193586
193587
194191
194192
194193
194194
194195
194196
194197
194198
194199
194200
194201
194202
194203
194204
194212
194213
194214
194215
194216
194217
194218
194219
194220
194221
194222
194223
194224
194225
194226
194227
194228
194229
194230
194231
194232
194831
194832
194833
194834
194835
194836
194837
194838
194839
194840
194841
194842
194853
194854
194855
194856
194857
194858
194859
194860
194861
194862
194863
194864
194865
194866
194867
194868
194869
194870
194871
194872
195472
195473
195497
195498
195499
195500
195501
195502
195503
195504
195505
195506
195507
195508
195509
195510
195511
196137
196138
196139
196140
196141
196142
196143
196144
196145
196146
196147
196148
196149
196150
196151
196776
196777
196778
196779
196780
196781
196782
196783
196784
196785
196786
196787
197415
197416
197417
197418
197419
197420
197421
197422
197423
197424
197425
197426
197427
198052
198053
198054
198055
198056
198057
198058
198059
198060
198061
198062
198063
198064
198065
198066
198067
198687
198688
198692
198693
198694
198695
198696
198697
198698
198699
198700
198701
198702
198703
198704
198705
198706
198707
199325
199326
199327
199328
199332
199333
199334
199335
199336
199337
199338
199339
199340
199341
199342
199343
199344
199345
199346
199347
199964
199965
199966
199967
199968
199969
199971
199972
199973
199974
199975
199976
199977
199978
199979
199980
199981
199982
199983
199984
199985
199986
199987
200603
200604
200605
200606
200607
200608
200609
200610
200611
200612
200613
200614
200615
200616
200617
200618
200619
200620
200621
200622
200623
200624
200625
200626
200627
200628
201238
201239
201240
201241
201242
201243
201244
201245
201246
201247
201248
201249
201250
201251
201252
201253
201254
201255
201256
201257
201258
201259
201260
201261
201262
201263
201264
201265
201266
201267
201268
201269
201877
201878
201879
201880
201881
201882
201883
201884
201885
201886
201887
201888
201889
201890
201891
201892
201893
201894
201895
201896
201897
201898
201899
201900
201901
201902
201903
201904
201905
201906
201907
201908
201909
202516
202517
202518
202519
202520
202521
202522
202523
202524
202525
202526
202527
202528
202529
202530
202531
202532
202533
202534
202535
202536
202537
202538
202539
202540
202541
202542
202543
202544
202545
202546
202547
202548
203153
203154
203156
203157
203158
203159
203160
203161
203162
203163
203164
203165
203166
203167
203168
203169
203170
203171
203172
203173
203174
203175
203176
203177
203178
203179
203180
203181
203182
203183
203184
203185
203186
203187
203188
203793
203794
203795
203796
203797
203798
203799
203800
203801
203802
203803
203804
203805
203806
203807
203808
203809
203810
203811
203812
203813
203814
203815
203816
203817
203818
203819
203820
203821
203822
203823
203824
203825
203826
203827
203828
204433
204434
204435
204436
204437
204438
204439
204440
204441
204442
204443
204444
204445
204446
204447
204448
204449
204450
204451
204452
204453
204454
204455
204456
204457
204458
204459
204460
204461
204462
204463
204464
204465
204466
204467
204468
205074
205075
205076
205077
205078
205079
205080
205081
205082
205083
205084
205085
205086
205087
205088
205089
205090
205091
205092
205093
205094
205095
205096
205097
205098
205099
205100
205101
205102
205103
205104
205105
205106
205107
205108
205714
205715
205716
205717
205718
205719
205720
205721
205722
205723
205724
205725
205726
205727
205728
205729
205730
205731
205732
205733
205734
205735
205736
205737
205738
205739
205740
205741
205742
205743
205744
205745
205746
206353
206354
206355
206356
206357
206358
206359
206360
206361
206362
206363
206364
206365
206366
206367
206368
206369
206370
206371
206372
206373
206374
206375
206376
206377
206378
206379
206380
206381
206382
206383
206384
206992
206993
206994
206995
206996
206997
206998
206999
207000
207001
207002
207003
207004
207005
207006
207007
207008
207009
207010
207011
207012
207013
207014
207015
207016
207017
207018
207019
207020
207021
207022
207023
207024
207632
207633
207634
207635
207636
207637
207638
207639
207640
207641
207642
207643
207644
207645
207646
207647
207648
207649
207650
207651
207652
207653
207654
207655
207656
207657
207658
207659
207660
207661
207662
207663
207664
207665
208275
208276
208277
208278
208279
208280
208281
208282
208283
208284
208285
208286
208287
208288
208289
208290
208291
208292
208293
208294
208295
208296
208297
208298
208299
208300
208301
208302
208303
208304
208305
208914
208915
208916
208917
208918
208919
208920
208921
208922
208923
208924
208925
208926
208927
208928
208929
208930
208931
208932
208933
208934
208935
208936
208937
208938
208939
208940
208941
208942
208943
208944
209554
209555
209556
209557
209558
209559
209560
209561
209562
209563
209564
209565
209566
209567
209568
209569
209570
209571
209572
209573
209574
209575
209576
209577
209578
209579
209580
209581
209582
209583
209584
210195
210196
210197
210198
210199
210200
210201
210202
210203
210204
210205
210206
210207
210208
210209
210210
210211
210212
210213
210214
210215
210216
210217
210218
210219
210220
210221
210222
210223
210224
210225
210836
210837
210838
210839
210840
210841
210842
210843
210844
210845
210846
210847
210848
210849
210850
210851
210852
210853
210854
210855
210856
210857
210858
210859
210860
210861
210862
210863
210864
210865
211476
211477
211478
211479
211480
211481
211482
211483
211484
211485
211486
211487
211488
211489
211490
211491
211492
211493
211494
211495
211496
211497
211498
211499
211500
211501
211502
211503
211504
211505
212117
212118
212119
212120
212121
212122
212123
212124
212125
212126
212127
212128
212129
212130
212131
212132
212133
212134
212135
212136
212137
212138
212139
212140
212141
212142
212143
212144
212757
212758
212759
212760
212761
212762
212763
212764
212765
212766
212767
212768
212769
212770
212771
212774
212775
212776
212777
212778
212779
212780
212781
213365
213398
213399
213400
213401
213402
213403
213404
213405
213406
213407
213408
213409
213410
213411
213416
213417
213418
213419
213420
213421
214005
214006
214038
214039
214040
214041
214042
214043
214044
214045
214046
214047
214048
214049
214050
214051
214057
214058
214059
214060
214061
214679
214680
214681
214682
214683
214684
214685
214686
214687
214688
214689
214690
214699
214700
215287
215319
215320
215321
215322
215323
215324
215325
215326
215327
215328
215959
215960
215961
215962
215963
215964
215965
215966
215967
215968
216599
216600
216601
216602
216603
216604
216605
217239
217240
217241
217242
217243
217244
217245
217879
217880
217881
217882
217883
217884
217885
218519
218520
218521
218522
218523
218524
218525
218526
219158
219159
219160
219161
219162
219163
219164
219165
219166
219167
219772
219798
219799
219800
219801
219802
219803
219804
219805
219806
219807
219808
220413
220439
220440
220441
220442
220443
220444
220445
220446
220447
220448
221079
221080
221081
221082
221083
221084
221085
221086
221087
221088
221721
221722
221723
221724
221725
221726
221727
221728
222361
222362
222363
222364
222365
222366
222367
223001
223002
223003
223004
223005
223006
223007
223618
223642
223643
223644
223645
223646
223647
224282
224283
224284
224285
224286
224287
224288
224922
224923
224924
224925
224926
224927
224928
225563
225564
225565
