168619
168620
169257
169258
169259
169260
169897
169898
169899
169900
169901
169902
169903
169904
170533
170534
170535
170536
170537
170538
170539
170540
170541
170542
170543
170544
171165
171166
171167
171168
171169
171170
171171
171172
171173
171174
171175
171176
171177
171178
171179
171180
171181
171182
171183
171184
171185
171186
171803
171804
171805
171806
171807
171808
171809
171810
171811
171812
171813
171814
171815
171816
171817
171818
171819
171820
171821
171822
171823
171824
171825
171826
171827
172442
172443
172444
172445
172446
172447
172448
172449
172450
172451
172452
172453
172454
172455
172456
172457
172458
172459
172460
172461
172462
172463
172464
172465
172466
172467
173082
173083
173084
173085
173086
173087
173088
173089
173090
173091
173092
173093
173094
173095
173096
173097
173098
173099
173100
173101
173102
173103
173104
173105
173106
173107
173108
173722
173723
173724
173725
173726
173727
173728
173729
173730
173731
173732
173733
173734
173735
173736
173737
173738
173739
173740
173741
173742
173743
173744
173745
173746
173747
173748
174362
174363
174364
174365
174366
174367
174368
174369
174370
174371
174372
174373
174374
174375
174376
174377
174378
174379
174380
174381
174382
174383
174384
174385
174386
174387
175007
175008
175009
175010
175011
175012
175013
175014
175015
175016
175017
175018
175019
175020
175021
175022
175023
175024
175025
175026
175647
175648
175649
175650
175651
175652
175653
175654
175655
175656
175657
175658
175659
175660
175661
175662
175663
175664
175665
176279
176280
176281
176287
176288
176289
176290
176291
176292
176293
176294
176295
176296
176297
176298
176299
176300
176301
176302
176303
176908
176909
176910
176911
176912
176913
176914
176915
176916
176917
176918
176919
176920
176921
176927
176928
176929
176930
176931
176932
176933
176934
176935
176936
176937
176938
176939
176940
176941
176942
176943
176944
177547
177548
177549
177550
177551
177552
177553
177554
177555
177556
177557
177558
177559
177560
177561
177567
177568
177569
177570
177571
177572
177573
177574
177575
177576
177577
177578
177579
177580
177581
177582
177583
177584
177585
177586
178185
178186
178187
178188
178189
178190
178191
178192
178193
178194
178195
178196
178197
178198
178199
178200
178201
178202
178203
178204
178205
178206
178211
178212
178213
178214
178215
178216
178217
178218
178219
178220
178221
178222
178223
178224
178225
178226
178825
178826
178827
178828
178829
178830
178831
178832
178833
178834
178835
178836
178837
178838
178839
178840
178841
178842
178843
178844
178845
178846
178853
178854
178855
178856
178857
178858
178859
178860
178861
178862
178863
178864
178865
178866
179464
179465
179466
179467
179468
179469
179470
179471
179472
179473
179474
179475
179476
179477
179478
179479
179480
179481
179482
179483
179484
179485
179498
179499
179500
179501
179502
179503
179504
179505
179506
180104
180105
180106
180107
180108
180109
180110
180111
180112
180113
180114
180115
180116
180117
180118
180119
180120
180121
180122
180123
180124
180125
180144
180145
180146
180741
180742
180744
180745
180746
180747
180748
180749
180750
180751
180752
180753
180754
180755
180756
180757
180758
180759
180760
180761
180762
180763
180764
180765
181379
181380
181381
181382
181383
181384
181385
181386
181387
181388
181389
181390
181391
181392
181393
181394
181395
181396
181397
181398
181399
181400
181401
181402
181403
181404
181405
182016
182017
182018
182019
182020
182021
182022
182023
182024
182025
182026
182027
182028
182029
182030
182031
182032
182033
182034
182035
182036
182037
182038
182039
182040
182041
182042
182043
182044
182655
182656
182657
182658
182659
182660
182661
182662
182663
182664
182665
182666
182667
182668
182669
182670
182671
182672
182673
182674
182675
182676
182677
182678
182679
182680
182681
182682
182683
183294
183295
183296
183297
183298
183299
183300
183301
183302
183303
183304
183305
183306
183307
183308
183309
183310
183311
183312
183313
183314
183315
183316
183317
183318
183319
183320
183321
183322
183933
183934
183935
183936
183937
183938
183939
183940
183941
183942
183943
183944
183945
183946
183947
183948
183949
183950
183951
183952
183953
183954
183955
183956
183957
183958
184572
184573
184574
184575
184576
184577
184578
184579
184580
184581
184582
184583
184584
184585
184586
184587
184588
184589
184590
184591
184592
184593
184594
184595
184596
184597
184598
185210
185211
185212
185213
185214
185215
185216
185217
185218
185219
185220
185221
185222
185223
185224
185225
185226
185227
185228
185229
185230
185231
185232
185233
185234
185235
185236
185237
185238
185850
185851
185852
185853
185854
185855
185856
185857
185858
185859
185860
185861
185862
185863
185864
185865
185866
185867
185868
185869
185870
185871
185872
185873
185874
185875
185876
185877
185878
185879
186496
186497
186498
186499
186500
186501
186502
186503
186504
186505
186506
186507
186508
186509
186510
186511
186512
186513
186514
186515
186516
186517
186518
186519
187137
187138
187139
187140
187141
187142
187143
187144
187145
187146
187147
187148
187149
187150
187151
187152
187153
187154
187155
187156
187157
187158
187159
187778
187779
187780
187781
187782
187783
187784
187785
187786
187787
187788
187789
187790
187791
187792
187793
187794
187795
187796
187797
187798
187799
188418
188419
188420
188421
188422
188423
188424
188425
188426
188427
188428
188429
188430
188431
188432
188433
188434
188435
188436
189057
189058
189059
189060
189061
189062
189063
189064
189065
189066
189067
189068
189069
189070
189071
189072
189073
189074
189075
189076
189697
189698
189699
189700
189701
189702
189703
189704
189705
189706
189707
189708
189709
189710
189720
189721
189722
189723
190335
190336
190337
190338
190339
190340
190341
190342
190343
190344
190345
190346
190347
190348
190359
190360
190361
190362
190363
190364
190365
190366
190975
190976
190977
190978
190979
190980
190981
190982
190983
190984
190985
190986
190999
191000
191001
191002
191003
191004
191005
191006
191615
191616
191617
191618
191619
191620
191621
191622
191623
191624
191625
191626
191638
191639
191640
191641
191642
191643
191644
191645
191646
192254
192255
192256
192257
192258
192259
192260
192261
192262
192263
192264
192265
192278
192279
192280
192281
192282
192283
192284
192285
192286
192894
192895
192896
192897
192898
192899
192900
192901
192902
192918
192919
192920
192921
192922
192923
192924
192925
192926
193558
193559
193560
193561
193562
193563
193564
193565
194197
194198
194199
194200
194201
194202
194203
194204
194205
194836
194837
194838
194839
194840
195476
195477
195478
195479
195480
195481
196116
196117
196118
196119
196120
196121
196756
196757
196758
196759
196760
196761
196762
196763
197389
197390
197396
197397
197398
197399
197400
197401
197402
197403
198027
198028
198029
198030
198031
198036
198037
198038
198039
198040
198041
198042
198043
198664
198665
198666
198667
198668
198669
198670
198671
198676
198677
198678
198679
198680
198681
198682
198683
198684
199304
199305
199306
199307
199308
199309
199310
199311
199312
199313
199316
199317
199318
199319
199320
199321
199322
199323
199324
199942
199943
199944
199945
199946
199947
199948
199949
199950
199951
199952
199953
199954
199955
199956
199957
199958
199959
199960
199961
199962
199963
199964
200582
200583
200584
200585
200586
200587
200588
200589
200590
200591
200592
200593
200594
200595
200596
200597
200598
200599
200600
200601
200602
200603
200604
201226
201227
201228
201229
201230
201231
201232
201233
201234
201235
201236
201237
201238
201239
201240
201241
201242
201243
201244
201866
201867
201868
201869
201870
201871
201872
201873
201874
201875
201876
202506
202507
202508
202509
202510
202511
202512
202513
202514
202515
202516
203137
203138
203146
203147
203148
203149
203150
203151
203152
203153
203154
203155
203156
203777
203778
203786
203787
203788
203789
203790
203791
203792
203793
203794
203795
203796
204417
204418
204425
204426
204427
204428
204429
204430
204431
204432
204433
204434
204435
204436
205048
205049
205057
205058
205064
205065
205066
205067
205068
205069
205070
205071
205072
205073
205074
205075
205687
205688
205689
205690
205694
205695
205697
205698
205704
205705
205706
205707
205708
205709
205710
205711
205712
205713
205714
205715
206327
206328
206329
206330
206331
206332
206333
206334
206335
206336
206337
206338
206339
206343
206344
206345
206346
206347
206348
206349
206350
206351
206352
206353
206967
206968
206969
206970
206971
206972
206973
206974
206975
206976
206977
206978
206979
206980
206981
206982
206983
206984
206985
206986
206987
206988
206989
206990
206991
206992
206993
206994
206995
207607
207608
207609
207610
207611
207612
207613
207614
207615
207616
207617
207618
207619
207620
207621
207622
207623
207624
207625
207626
207627
207628
207629
207630
207631
207632
207633
207634
207635
207636
208248
208249
208250
208251
208252
208253
208254
208255
208256
208257
208258
208259
208260
208261
208262
208263
208264
208265
208266
208267
208268
208269
208270
208271
208272
208273
208274
208275
208276
208888
208889
208890
208891
208892
208893
208894
208895
208896
208897
208898
208899
208900
208901
208903
208904
208905
208906
208907
208908
208909
208910
208911
208912
208913
208914
208915
208916
209503
209504
209528
209529
209530
209531
209532
209533
209534
209535
209536
209537
209538
209539
209540
209541
209545
209546
209547
209548
209549
209550
209551
209552
209553
209554
209555
210162
210163
210169
210170
210171
210172
210173
210174
210175
210176
210177
210178
210179
210180
210188
210189
210190
210191
210192
210193
210194
210195
210802
210803
210804
210808
210809
210810
210811
210812
210813
210814
210815
210816
210817
210818
210819
210820
210832
210833
210834
211442
211443
211444
211445
211446
211447
211448
211449
211450
211451
211452
211453
211454
211455
211456
211457
211458
211459
211473
211474
212082
212083
212084
212085
212086
212087
212088
212089
212090
212091
212092
212093
212094
212095
212096
212097
212098
212099
212113
212114
212720
212721
212722
212723
212724
212725
212726
212727
212728
212729
212730
212731
212732
212733
212734
212735
212736
212737
212738
212739
213360
213361
213362
213363
213364
213365
213366
213367
213368
213369
213370
213371
213372
213373
213374
213375
213376
213377
213378
213379
214000
214001
214002
214003
214004
214005
214006
214007
214008
214009
214010
214011
214012
214013
214014
214015
214016
214017
214018
214019
214639
214640
214641
214642
214643
214644
214645
214646
214647
214648
214649
214650
214651
214652
214653
214654
214655
214656
214657
214658
214659
215220
215279
215280
215281
215282
215283
215284
215285
215286
215287
215288
215289
215290
215291
215292
215293
215294
215295
215296
215297
215298
215299
215919
215920
215921
215922
215923
215924
215925
215926
215927
215928
215929
215930
215931
215932
215933
215934
215935
215936
215937
215938
215939
216558
216559
216560
216561
216562
216563
216564
216565
216566
216567
216568
216569
216570
216571
216572
216573
216574
216575
216576
216577
216578
216579
217198
217199
217200
217201
217202
217203
217204
217205
217206
217207
217208
217209
217210
217211
217212
217213
217214
217215
217216
217217
217218
217219
217839
217840
217841
217842
217849
217850
217851
217852
217853
217854
217855
217856
217857
217858
217859
218478
218479
218480
218489
218490
218491
218492
218493
218494
218495
218496
218497
218498
219118
219119
219120
219121
219122
219123
219124
219129
219130
219131
219132
219133
219134
219135
219136
219137
219138
219758
219759
219760
219761
219762
219763
219764
219769
219770
219771
219772
219773
219774
219775
219776
219777
219778
219790
219791
219792
220387
220388
220398
220399
220400
220401
220402
220403
220404
220405
220406
220407
220408
220409
220410
220411
220412
220413
220414
220415
220416
220417
220418
220430
220431
220432
221038
221039
221040
221041
221042
221043
221044
221045
221046
221047
221048
221049
221050
221051
221052
221053
221054
221055
221056
221057
221067
221068
221069
221070
221071
221072
221679
221680
221681
221682
221683
221684
221685
221686
221687
221688
221689
221690
221691
221692
221693
221694
221695
221696
221697
221698
221699
221707
221708
221709
221710
221711
221712
221713
222320
222321
222322
222323
222324
222325
222326
222327
222328
222329
222333
222334
222335
222336
222337
222338
222339
222340
222341
222342
222343
222346
222347
222348
222349
222350
222351
222352
222353
222354
222961
222962
222963
222964
222965
222966
222967
222973
222974
222975
222976
222977
222978
222979
222980
222981
222982
222983
222984
222985
222986
222987
222988
222989
222990
222991
222992
222993
222994
223601
223602
223603
223604
223605
223606
223607
223608
223611
223612
223613
223614
223615
223616
223617
223618
223619
223620
223621
223622
223623
223624
223625
223626
223627
223628
223629
223630
223631
223632
223633
224242
224243
224244
224245
224246
224247
224248
224251
224252
224253
224254
224255
224256
224257
224258
224259
224260
224261
224262
224263
224264
224265
224266
224267
224268
224269
224270
224882
224883
224884
224885
224886
224887
224888
224889
224890
224891
224892
224893
224894
224895
224896
224897
224898
224899
224900
224901
224902
224903
224904
224905
224906
224907
224908
224909
224910
225522
225523
225524
225525
225526
225527
225528
225529
225530
225531
225532
225533
225534
225535
225536
225537
225538
225539
225540
225541
225542
225543
225544
225545
225546
226158
226159
226160
226161
226162
226163
226164
226165
226166
226167
226168
226169
226170
226171
226172
226173
226174
226175
226176
226177
226178
226179
226180
226181
226182
226183
226184
226185
226186
226798
226799
226800
226801
226802
226803
226804
226805
226806
226807
226808
226809
226810
226811
226812
226813
226814
226815
226816
226817
226818
226819
226820
226821
226822
226823
226824
226825
226858
227438
227439
227440
227441
227442
227443
227444
227445
227446
227447
227448
227449
227450
227451
227452
227453
227454
227455
227456
227457
227458
227459
227460
227461
227462
227463
227464
227465
228076
228077
228078
228079
228080
228081
228082
228083
228084
228085
228086
228087
228088
228089
228090
228091
228092
228093
228094
228095
228096
228097
228098
228099
228100
228101
228102
228103
228136
228715
228716
228717
228718
228719
228720
228721
228722
228723
228724
228725
228726
228727
228728
228729
228730
228731
228732
228733
228734
228735
228736
228737
228738
228739
228740
228741
228742
229355
229356
229357
229358
229359
229360
229361
229362
229363
229364
229365
229366
229367
229368
229369
229370
229371
229372
229373
229374
229375
229376
229377
229378
229379
229380
229381
229382
229414
229995
229996
229997
229998
229999
230000
230001
230004
230005
230006
230007
230008
230009
230010
230011
230012
230013
230014
230015
230016
230017
230018
230019
230020
230050
230051
230052
230636
230637
230638
230639
230640
230641
230642
230645
230646
230647
230648
230649
230650
230651
230652
230653
230654
230655
230656
230657
230658
230659
230660
231276
231277
231278
231279
231280
231281
231282
231286
231287
231288
231289
231290
231291
231292
231293
231294
231295
231296
231297
231298
231299
231300
231328
231916
231917
231918
231919
231920
231921
231928
231929
231930
231931
231932
231933
231934
231935
231936
231937
231938
231939
231940
231941
231942
231968
232555
232556
232557
232558
232559
232560
232561
232562
232563
232568
232569
232570
232571
232572
232573
232574
232575
232576
232577
232578
232579
232580
232581
232582
233195
233196
233197
233198
233199
233200
233201
233202
233203
233208
233209
233210
233211
233212
233213
233214
233215
233216
233217
233218
233219
233220
233221
233222
233244
233836
233837
233838
233839
233840
233841
233842
233843
233848
233849
233850
233851
233852
233853
233854
233855
233856
233857
233858
233859
233860
233861
233862
233884
234477
234478
234479
234480
234481
234482
234483
234488
234489
234490
234491
234492
234493
234494
234495
234496
234497
234498
234499
234500
234501
234502
235117
235118
235119
235120
235121
235122
235123
235129
235130
235131
235132
235133
235134
235135
235136
235137
235138
235139
235159
235160
235161
235162
235769
235770
235771
235772
235773
235774
235775
235798
235799
235800
236407
236408
236409
236410
236411
236412
236413
236414
236415
236416
236437
237047
237048
237049
237050
237051
237052
237053
237054
237055
237056
237057
237687
237688
237689
237690
237691
237692
237693
237694
237695
237696
237697
237698
238325
238326
238327
238328
238329
238330
238331
238332
238333
238334
238335
238336
238337
238338
238965
238966
238967
238968
238969
238970
238971
238972
238973
238974
238975
238976
238977
238978
238979
239604
239605
239606
239607
239608
239609
239610
239611
239612
239613
239614
239615
239616
239617
239618
239619
240244
240245
240246
240247
240248
240249
240250
240251
240252
240253
240254
240255
240256
240257
240258
240259
240885
240886
240887
240888
240889
240890
240891
240892
240893
240894
240895
240896
240897
240898
240899
241526
241527
241528
241529
241530
241531
241532
241533
241534
241535
241536
241537
241538
241539
242167
242168
242169
242170
242171
242172
242173
242174
242175
242176
242177
242178
242811
242812
242813
242814
242815
242816
242817
242818
242824
243452
243453
243454
243455
243456
243457
243458
243461
243462
244093
244094
244095
244096
244097
244098
244099
