168590
168591
169221
169222
169223
169224
169225
169226
169227
169228
169229
169230
169231
169859
169860
169861
169862
169863
169864
169865
169866
169867
169868
169869
169870
169871
170498
170499
170500
170501
170502
170503
170504
170505
170506
170507
170508
170509
170510
170511
170512
170513
170514
170515
170516
170517
171138
171139
171140
171141
171142
171143
171144
171145
171146
171147
171148
171149
171150
171151
171152
171153
171154
171155
171156
171157
171779
171780
171781
171782
171783
171784
171785
171786
171787
171788
171789
171790
171791
171792
171793
171794
171795
171796
171797
172419
172420
172421
172422
172423
172424
172425
172426
172427
172428
172429
172430
172431
172432
172433
172434
172435
172436
173059
173060
173061
173062
173063
173064
173065
173066
173067
173068
173069
173070
173071
173072
173073
173074
173075
173079
173080
173694
173695
173696
173697
173698
173699
173700
173701
173702
173703
173704
173705
173706
173707
173708
173709
173710
173711
173712
173713
173714
173715
173716
173717
173718
173719
173720
173721
174334
174335
174336
174337
174338
174339
174340
174341
174342
174343
174344
174345
174346
174347
174348
174349
174350
174351
174352
174353
174354
174355
174356
174357
174358
174359
174360
174361
174974
174975
174976
174977
174978
174979
174980
174981
174982
174983
174984
174985
174986
174987
174988
174989
174990
174991
174992
174993
174994
174995
174996
174997
174998
174999
175000
175001
175002
175003
175614
175615
175616
175617
175618
175619
175620
175621
175622
175623
175624
175625
175626
175627
175628
175629
175630
175631
175632
175633
175634
175635
175636
175637
175638
175639
175640
175641
175642
175643
176258
176259
176260
176261
176262
176263
176264
176265
176266
176267
176268
176269
176270
176271
176272
176273
176274
176275
176276
176277
176278
176279
176280
176281
176282
176898
176899
176900
176901
176902
176903
176904
176905
176906
176907
176908
176909
176910
176911
176912
176913
176914
176915
176916
176917
176918
176919
176920
176921
177538
177539
177540
177541
177542
177543
177544
177545
177546
177547
177548
177549
177550
177551
177552
177553
177554
177555
177556
177557
177558
177559
177560
177561
178178
178179
178180
178181
178182
178183
178184
178185
178186
178187
178188
178189
178190
178191
178192
178193
178194
178195
178196
178197
178198
178199
178200
178201
178821
178822
178823
178824
178825
178826
178827
178828
178829
178830
178831
178832
178833
178834
178835
178836
178837
178838
178839
178840
179461
179462
179463
179464
179465
179466
179467
179468
179469
179470
179471
179472
179473
179474
179475
179476
179477
179478
179479
179480
180099
180100
180101
180102
180103
180104
180105
180106
180107
180108
180109
180110
180111
180112
180113
180114
180115
180116
180117
180118
180119
180739
180740
180741
180742
180743
180744
180745
180746
180747
180748
180749
180750
180751
180752
180753
180754
180755
180756
180757
181378
181379
181380
181381
181382
181383
181384
181385
181386
181387
181388
181389
181390
181391
181392
181393
181394
181395
181396
182018
182019
182020
182021
182022
182023
182024
182025
182026
182027
182028
182029
182030
182031
182032
182033
182034
182035
182036
182659
182660
182662
182663
182664
182665
182666
182667
182668
182669
182670
182671
182672
182673
182674
182675
182676
183299
183300
183307
183308
183309
183310
183311
183312
183313
183314
183315
183316
183947
183948
183949
183950
183951
183952
183953
183954
183955
183956
184587
184588
184589
184590
184591
184592
184593
184594
184595
184596
185229
185230
185231
185232
185233
185234
185235
185236
185869
185870
185871
185872
185873
185874
185875
186496
186497
186498
186499
186500
186501
186502
186503
186508
186509
186510
186511
186512
186513
186514
186515
187132
187133
187134
187136
187137
187138
187139
187140
187141
187142
187143
187148
187149
187150
187151
187152
187153
187154
187155
187771
187772
187773
187774
187775
187776
187777
187778
187779
187780
187781
187782
187783
187784
187785
187787
187788
187789
187790
187791
187792
187793
187794
187795
188410
188411
188412
188413
188414
188415
188416
188417
188418
188419
188420
188421
188422
188423
188424
188425
188426
188427
188428
188429
188430
188431
188432
188433
188434
189050
189051
189052
189053
189054
189055
189056
189057
189058
189059
189060
189061
189062
189063
189064
189065
189066
189067
189068
189069
189070
189071
189072
189073
189074
189691
189692
189693
189694
189695
189696
189697
189698
189699
189700
189701
189702
189703
189704
189705
189706
189707
189708
189709
189710
189711
189712
189713
189714
190332
190333
190334
190335
190336
190337
190338
190339
190340
190341
190342
190343
190344
190345
190346
190347
190348
190349
190350
190351
190352
190353
190354
190973
190974
190976
190977
190978
190982
190983
190984
190985
190986
190987
190988
190989
190990
190991
190992
190993
190994
191622
191623
191624
191625
191626
191627
191628
191629
191630
191631
192263
192264
192265
192266
192267
192268
192269
192270
192271
192903
192904
192905
192906
192907
192908
192909
193541
193542
193543
193544
193545
193546
193547
193548
193549
193550
194167
194168
194169
194170
194171
194172
194177
194178
194179
194180
194181
194182
194183
194184
194185
194186
194187
194188
194189
194190
194806
194807
194808
194809
194810
194811
194812
194813
194814
194815
194816
194817
194818
194819
194820
194821
194822
194823
194824
194825
194826
194827
194828
194829
194830
195446
195447
195448
195449
195450
195451
195452
195453
195454
195455
195456
195457
195458
195459
195460
195461
195462
195463
195464
195465
195466
195467
195468
195469
196086
196087
196088
196089
196090
196091
196092
196093
196094
196095
196096
196097
196098
196099
196100
196101
196102
196103
196104
196105
196106
196107
196108
196109
196728
196729
196730
196731
196732
196733
196734
196735
196736
196737
196738
196739
196740
196741
196742
196743
196744
196745
196746
196747
196748
196749
197368
197369
197370
197371
197372
197373
197374
197375
197376
197377
197378
197379
197380
197382
197383
197384
198008
198009
198010
198011
198012
198013
198014
198015
198016
198017
198018
198648
198649
198650
198651
198652
198653
198654
198655
198656
198657
198658
199289
199290
199291
199292
199293
199294
199295
199296
199297
199298
199927
199928
199929
199930
199931
199932
199933
199934
199935
199936
199937
200565
200566
200567
200568
200569
200570
200571
200572
200573
200574
200575
200576
200577
201205
201206
201207
201208
201209
201210
201211
201212
201843
201844
201845
201846
201847
201848
201849
201850
201851
201852
202483
202484
202485
202486
202487
202488
202489
202490
203123
203124
203125
203126
203127
203128
203129
203763
203764
203765
203766
203767
203768
203769
204404
204405
204406
204407
204408
204409
205700
205701
206340
206341
206978
206979
206980
206981
206982
207618
207619
207620
207621
207622
207623
208257
208258
208259
208260
208261
208262
208263
208897
208898
208899
208900
208901
208902
208903
209522
209523
209537
209538
209539
209540
209541
209542
209543
210162
210163
210164
210176
210177
210178
210179
210180
210181
210182
210183
210184
210800
210801
210802
210803
210804
210805
210806
210807
210808
210816
210817
210818
210819
210820
210821
210822
210823
210824
210825
211439
211440
211441
211442
211443
211444
211445
211446
211447
211448
211450
211451
211452
211453
211454
211455
211456
211457
211458
211459
211460
211461
211462
211463
211464
211465
212079
212080
212081
212082
212083
212084
212085
212086
212087
212088
212089
212090
212091
212092
212093
212094
212095
212096
212097
212098
212099
212100
212101
212102
212103
212104
212105
212720
212721
212722
212723
212724
212725
212726
212727
212728
212729
212730
212731
212732
212733
212734
212735
212736
212737
212738
212739
212740
212741
212742
212743
212744
212745
213360
213361
213362
213363
213364
213365
213366
213367
213368
213369
213370
213371
213372
213373
213374
213375
213376
213377
213378
213379
213380
213381
213382
213383
213384
213385
214000
214001
214002
214003
214004
214005
214006
214007
214008
214009
214010
214011
214012
214013
214014
214015
214016
214017
214018
214019
214020
214021
214022
214023
214024
214025
214638
214639
214640
214641
214642
214643
214644
214645
214646
214647
214648
214649
214650
214651
214652
214653
214654
214655
214656
214657
214658
214659
214660
214661
214662
214663
214664
214665
215276
215277
215278
215279
215280
215281
215282
215283
215284
215285
215286
215287
215288
215289
215290
215291
215292
215293
215294
215295
215296
215297
215298
215299
215300
215301
215302
215303
215304
215305
215306
215916
215917
215918
215919
215920
215921
215922
215923
215924
215925
215926
215927
215928
215929
215930
215931
215932
215933
215934
215935
215936
215937
215938
215939
215940
215941
215942
215943
215944
215945
215946
215947
216556
216557
216558
216559
216560
216561
216562
216563
216564
216565
216566
216567
216568
216569
216570
216571
216572
216573
216574
216575
216576
216577
216578
216579
216580
216581
216582
216583
216584
216585
216586
216587
217191
217192
217193
217194
217195
217196
217197
217198
217199
217200
217201
217202
217203
217204
217205
217206
217207
217208
217209
217210
217211
217212
217213
217214
217215
217216
217217
217218
217219
217220
217221
217222
217223
217224
217225
217226
217227
217829
217830
217831
217832
217833
217834
217835
217836
217837
217838
217839
217840
217841
217842
217843
217844
217845
217846
217847
217848
217849
217850
217851
217852
217853
217854
217855
217856
217857
217858
217859
217860
217861
217862
217863
217864
217865
217866
217867
218469
218470
218471
218472
218473
218474
218475
218476
218477
218478
218479
218480
218481
218482
218483
218484
218485
218486
218487
218488
218489
218490
218491
218492
218493
218494
218495
218496
218497
218498
218499
218500
218501
218502
218503
218504
218505
218506
219109
219110
219111
219112
219113
219114
219115
219116
219117
219118
219119
219120
219121
219122
219123
219124
219125
219126
219127
219128
219129
219130
219131
219132
219133
219134
219135
219136
219137
219138
219139
219140
219141
219142
219143
219144
219145
219146
219751
219752
219753
219754
219755
219756
219757
219758
219759
219760
219761
219762
219763
219764
219765
219766
219767
219768
219769
219770
219771
219772
219773
219774
219775
219776
219777
219778
219779
219780
219781
219782
219783
219784
219785
219786
220392
220393
220394
220395
220396
220397
220398
220399
220400
220401
220402
220403
220404
220405
220406
220407
220408
220409
220410
220411
220412
220413
220414
220415
220416
220417
220418
220419
220420
220421
220422
220423
220424
220425
220426
220442
221031
221032
221033
221034
221035
221036
221037
221038
221039
221040
221041
221042
221043
221044
221045
221046
221047
221048
221049
221050
221051
221052
221053
221054
221055
221056
221057
221058
221059
221060
221061
221062
221063
221064
221065
221066
221670
221671
221672
221673
221674
221675
221676
221677
221678
221679
221680
221681
221682
221683
221684
221685
221686
221687
221688
221689
221690
221691
221692
221693
221694
221695
221696
221697
221698
221699
221700
221701
221702
221703
221704
221705
221706
222310
222311
222312
222313
222314
222315
222316
222317
222318
222319
222320
222321
222322
222323
222324
222325
222326
222327
222328
222329
222330
222331
222332
222333
222334
222335
222336
222337
222338
222339
222340
222341
222342
222343
222344
222345
222346
222950
222951
222952
222953
222954
222955
222956
222957
222958
222959
222960
222961
222962
222963
222964
222965
222966
222967
222968
222969
222970
222971
222972
222973
222974
222975
222976
222977
222978
222979
222980
222981
222982
222983
222984
223590
223591
223592
223593
223594
223595
223596
223597
223598
223599
223600
223601
223602
223603
223604
223605
223606
223607
223608
223609
223610
223611
223612
223613
223614
223615
223616
223617
223618
223619
223620
223621
223622
223623
223624
223625
223626
224231
224232
224233
224234
224235
224236
224237
224238
224239
224240
224241
224242
224243
224244
224245
224246
224247
224248
224249
224250
224251
224252
224253
224254
224255
224256
224257
224258
224259
224260
224261
224262
224263
224264
224265
224266
224872
224873
224874
224875
224876
224877
224878
224879
224880
224881
224882
224883
224884
224885
224886
224887
224888
224889
224890
224891
224892
224893
224894
224895
224896
224897
224898
224899
224900
224901
224902
224903
224904
224905
224906
225514
225515
225516
225517
225518
225519
225520
225521
225522
225523
225524
225525
225526
225527
225528
225529
225530
225531
225532
225533
225534
225535
225536
225537
225538
225539
225540
225541
225542
225543
225544
225545
225546
226154
226155
226156
226157
226158
226159
226160
226161
226162
226163
226164
226165
226166
226167
226168
226169
226170
226171
226172
226173
226174
226175
226176
226177
226178
226179
226180
226181
226182
226183
226184
226185
226186
226794
226795
226796
226797
226798
226799
226800
226801
226802
226803
226804
226805
226806
226807
226808
226809
226810
226811
226812
226813
226814
226815
226816
226817
226818
226819
226820
226821
226822
226823
226824
226825
226826
227434
227435
227436
227437
227438
227439
227440
227441
227442
227443
227444
227445
227446
227447
227448
227449
227450
227451
227452
227453
227454
227455
227456
227457
227458
227459
227460
227461
227462
227463
227464
227465
227466
228074
228075
228076
228077
228078
228079
228080
228081
228082
228083
228084
228085
228086
228087
228088
228089
228090
228091
228092
228093
228094
228095
228096
228097
228098
228099
228100
228101
228102
228103
228104
228105
228713
228714
228715
228716
228717
228718
228719
228720
228721
228722
228723
228724
228725
228726
228727
228728
228729
228730
228731
228732
228733
228734
228735
228736
228737
228738
228739
228740
228741
228742
228743
228744
229353
229354
229355
229356
229357
229358
229359
229360
229361
229362
229363
229364
229365
229366
229367
229368
229369
229370
229371
229372
229373
229374
229375
229376
229377
229378
229379
229380
229381
229382
229383
229384
229993
229994
229995
229996
229997
229998
229999
230000
230001
230002
230003
230004
230005
230006
230007
230008
230009
230010
230011
230012
230013
230014
230015
230016
230017
230018
230019
230020
230021
230022
230023
230024
230633
230634
230635
230636
230637
230638
230639
230640
230641
230642
230643
230644
230645
230646
230647
230648
230649
230650
230651
230652
230653
230654
230655
230656
230657
230658
230659
230660
230661
230662
230663
231272
231273
231274
231275
231276
231277
231278
231279
231280
231281
231282
231283
231284
231285
231286
231287
231288
231289
231290
231291
231292
231293
231294
231295
231296
231297
231298
231299
231300
231301
231302
231303
231911
231912
231913
231914
231915
231916
231917
231918
231919
231920
231921
231922
231923
231924
231925
231926
231927
231928
231929
231930
231931
231932
231933
231934
231935
231936
231937
231938
231939
231940
231941
231942
231943
231944
232551
232552
232553
232554
232555
232556
232557
232558
232559
232560
232561
232562
232563
232564
232565
232566
232567
232568
232569
232570
232571
232572
232573
232574
232575
232576
232577
232578
232579
232580
232581
232582
232583
232584
232585
233192
233193
233194
233195
233196
233197
233198
233199
233200
233201
233202
233203
233204
233205
233206
233207
233208
233209
233210
233211
233212
233213
233214
233215
233216
233217
233218
233219
233220
233221
233222
233223
233224
233225
233832
233833
233834
233835
233836
233837
233838
233839
233840
233841
233842
233843
233844
233845
233846
233847
233848
233849
233850
233851
233852
233853
233854
233855
233856
233857
233858
233859
233860
233861
233862
233863
233864
233865
234471
234472
234473
234474
234475
234476
234477
234478
234479
234480
234481
234482
234483
234484
234485
234486
234487
234488
234489
234490
234491
234492
234493
234494
234495
234496
234497
234498
234499
234500
234501
234502
234503
234504
234505
234506
235111
235112
235113
235114
235115
235116
235117
235118
235119
235120
235121
235122
235123
235124
235125
235126
235127
235128
235129
235130
235131
235132
235133
235139
235140
235141
235142
235143
235144
235145
235146
235751
235752
235753
235754
235755
235756
235757
235758
235759
235760
235761
235762
235763
235764
235765
235766
235767
235768
235769
235770
235771
235772
235773
235780
235781
235782
235783
235784
235785
235786
236391
236392
236393
236394
236395
236396
236397
236398
236399
236400
236401
236402
236403
236404
236405
236406
236407
236408
236409
236410
236411
236412
236413
236420
236421
236422
236423
236424
236425
236426
237032
237033
237034
237035
237036
237037
237038
237039
237040
237041
237042
237043
237044
237045
237046
237047
237048
237049
237050
237051
237052
237053
237060
237061
237062
237063
237064
237065
237672
237673
237674
237675
237676
237677
237678
237679
237680
237681
237682
237683
237684
237685
237686
237687
237688
237689
237690
237691
237692
237693
237694
237701
237702
237703
237704
237705
238313
238314
238315
238316
238317
238318
238319
238320
238321
238322
238323
238324
238325
238326
238327
238328
238329
238330
238331
238332
238333
238334
238335
238954
238955
238956
238957
238958
238959
238960
238961
238962
238963
238964
238965
238966
238967
238968
238969
238970
238971
238972
238973
238974
238975
239595
239596
239597
239598
239599
239600
239601
239602
239603
239604
239605
239606
239607
239608
239609
239610
239611
239612
239613
239614
239615
239620
239621
239623
239624
240236
240237
240238
240239
240240
240241
240242
240243
240244
240245
240246
240247
240248
240249
240250
240251
240252
240253
240254
240255
240256
240257
240258
240260
240261
240262
240263
240264
240265
240877
240878
240879
240880
240881
240882
240883
240884
240885
240886
240887
240888
240889
240890
240891
240892
240893
240894
240895
240896
240897
240898
240899
240900
240901
240902
240903
240904
240905
241517
241518
241519
241520
241521
241522
241523
241524
241525
241526
241527
241528
241529
241530
241531
241532
241533
241534
241535
241536
241537
241538
241539
241540
241541
241542
241543
241544
241545
242158
242159
242160
242161
242162
242163
242164
242165
242166
242167
242168
242169
242170
242171
242172
242173
242174
242175
242176
242177
242178
242179
242180
242181
242182
242183
242184
242185
242186
242796
242797
242798
242799
242800
242801
242802
242803
242804
242805
242806
242807
242808
242809
242810
242811
242812
242813
242814
242815
242816
242817
242818
242819
242820
242821
242822
242823
242824
242825
242826
243435
243436
243437
243438
243439
243440
243441
243442
243443
243444
243445
243446
243447
243448
243449
243450
243451
243452
243453
243454
243455
243456
243457
243458
243459
243460
243461
243462
243463
243464
243465
244075
244076
244077
244078
244079
244080
244081
244082
244083
244084
244085
244086
244087
244088
244089
244090
244091
244092
244093
244094
244095
244096
244097
244098
244099
244100
244101
244102
244103
244104
244716
244717
244718
244719
244720
244721
244722
244723
244724
244725
244726
244727
244728
244729
244730
244731
244732
244733
244734
244735
244736
244737
244738
244739
245357
245358
245359
245360
245361
245362
245363
245364
245365
245366
245367
245368
245369
245370
245371
245372
245373
245374
245375
245376
245377
245378
245997
245998
245999
246000
246001
246002
246003
246004
246005
246006
246007
246008
246009
246010
246011
246012
246013
246014
246015
246016
246017
246018
246019
246639
246640
246642
246643
246644
246645
246646
246647
246648
246649
246650
246651
246652
246653
246654
246655
246656
246657
246658
246659
247288
247289
247290
247291
247292
247293
247294
247295
247296
247297
247298
247934
247935
247936
247937
247938
248580
248581
