180110
180111
180112
180749
180750
180751
180752
181388
181389
181390
181391
181392
181393
181394
182025
182026
182027
182028
182029
182030
182031
182032
182033
182034
182035
182664
182665
182666
182667
182668
182669
182670
182671
182672
182673
182674
182675
182676
183304
183305
183306
183307
183308
183309
183310
183311
183312
183313
183314
183315
183316
183317
183944
183945
183946
183947
183948
183949
183950
183951
183952
183953
183954
183955
183956
183957
183958
184585
184586
184587
184589
184590
184591
184592
184593
184594
184595
184596
184597
184598
185229
185230
185231
185232
185233
185234
185235
185236
185237
185238
185239
185240
185243
185244
185869
185870
185871
185872
185873
185874
185875
185876
185877
185878
185879
185880
185882
185883
185884
185885
185886
185887
185888
185889
186507
186508
186509
186510
186511
186512
186513
186514
186515
186516
186517
186518
186519
186520
186521
186522
186523
186524
186525
186526
186527
186528
186529
186530
187147
187148
187149
187150
187151
187152
187153
187154
187155
187156
187157
187158
187159
187160
187161
187162
187163
187164
187165
187166
187167
187168
187169
187170
187773
187774
187787
187788
187789
187790
187791
187792
187793
187794
187795
187796
187797
187798
187799
187800
187801
187802
187803
187804
187805
187806
187807
187808
187809
187810
187811
187812
187813
188412
188413
188414
188415
188416
188417
188418
188429
188430
188431
188432
188433
188434
188435
188436
188437
188438
188439
188440
188441
188442
188443
188444
188445
188446
188447
188448
188449
188450
188451
188452
188453
188454
189052
189053
189054
189055
189056
189057
189058
189059
189069
189070
189071
189072
189073
189074
189075
189076
189077
189078
189079
189080
189081
189082
189083
189084
189085
189086
189087
189088
189089
189090
189091
189092
189093
189094
189095
189096
189097
189098
189691
189692
189693
189694
189695
189696
189697
189698
189699
189710
189711
189712
189713
189714
189715
189716
189717
189718
189719
189720
189721
189722
189723
189724
189725
189726
189727
189728
189729
189730
189731
189732
189733
189734
189735
189736
189737
189738
189739
189740
190331
190332
190333
190334
190335
190336
190337
190338
190350
190351
190352
190353
190354
190355
190356
190357
190358
190359
190360
190361
190362
190363
190364
190365
190366
190367
190368
190369
190370
190371
190372
190373
190374
190375
190376
190377
190378
190379
190380
190381
190971
190972
190973
190974
190975
190976
190977
190978
190979
190991
190992
190993
190994
190995
190996
190997
190998
190999
191000
191001
191002
191003
191004
191005
191006
191007
191008
191009
191010
191011
191012
191013
191014
191015
191016
191017
191018
191019
191020
191021
191022
191023
191611
191612
191613
191614
191615
191616
191617
191618
191619
191620
191634
191635
191636
191637
191638
191639
191640
191641
191642
191643
191644
191645
191646
191647
191648
191649
191650
191651
191652
191653
191654
191655
191656
191657
191658
191659
191660
191661
191662
191663
191664
192252
192253
192254
192255
192256
192257
192258
192259
192260
192274
192275
192276
192277
192278
192279
192280
192281
192282
192283
192284
192285
192286
192287
192288
192289
192290
192291
192292
192293
192294
192295
192296
192297
192298
192299
192300
192301
192302
192303
192304
192892
192893
192894
192895
192896
192897
192898
192899
192900
192913
192914
192915
192916
192917
192918
192919
192920
192921
192922
192923
192924
192925
192926
192927
192928
192929
192930
192931
192932
192933
192934
192935
192936
192937
192938
192939
192940
192941
192942
192943
192944
192945
193532
193533
193534
193535
193536
193537
193538
193539
193552
193553
193554
193555
193556
193557
193558
193559
193560
193561
193562
193563
193564
193565
193566
193567
193568
193569
193570
193571
193572
193573
193574
193575
193576
193577
193578
193579
193580
193581
193582
193583
193584
193585
194175
194176
194177
194178
194179
194183
194184
194192
194193
194194
194195
194196
194197
194198
194199
194200
194201
194202
194203
194204
194205
194206
194207
194208
194209
194210
194211
194212
194213
194214
194215
194216
194217
194218
194219
194220
194221
194222
194223
194224
194225
194816
194817
194818
194819
194822
194823
194824
194825
194828
194829
194833
194834
194835
194836
194837
194838
194839
194840
194841
194842
194843
194844
194845
194846
194847
194848
194849
194850
194851
194852
194853
194854
194855
194856
194857
194858
194859
194860
194861
194862
194863
194864
194865
195457
195458
195459
195460
195461
195462
195463
195464
195465
195467
195468
195469
195474
195475
195478
195479
195480
195481
195482
195483
195484
195485
195486
195487
195488
195489
195490
195491
195492
195493
195494
195495
195496
195497
195498
195499
195500
195501
195502
195503
195504
195505
196098
196099
196100
196101
196102
196103
196104
196105
196106
196107
196108
196109
196110
196118
196119
196120
196121
196122
196123
196124
196125
196126
196127
196128
196129
196130
196131
196132
196133
196134
196135
196136
196137
196138
196139
196140
196141
196142
196143
196144
196145
196738
196739
196740
196741
196742
196743
196744
196745
196746
196747
196748
196749
196750
196758
196759
196760
196761
196762
196763
196764
196765
196766
196767
196768
196769
196770
196771
196772
196773
196774
196775
196776
196777
196778
196779
196780
196781
196782
196784
196785
197378
197379
197380
197381
197382
197383
197384
197385
197386
197387
197388
197389
197398
197399
197400
197401
197402
197403
197404
197405
197406
197407
197408
197409
197410
197411
197412
197413
197414
197415
197416
197417
197418
197419
197420
197421
197422
198018
198019
198020
198021
198022
198023
198024
198025
198026
198027
198028
198029
198030
198041
198042
198043
198044
198045
198046
198047
198048
198049
198050
198051
198052
198053
198054
198055
198056
198057
198058
198059
198060
198061
198062
198658
198659
198660
198661
198662
198663
198664
198665
198666
198667
198668
198669
198670
198671
198681
198682
198683
198684
198685
198686
198687
198688
198689
198690
198691
198692
198693
198694
198695
198696
198697
198698
198699
198700
198701
198702
199300
199301
199302
199303
199304
199305
199306
199307
199308
199309
199310
199311
199312
199313
199321
199322
199323
199324
199325
199326
199327
199328
199329
199330
199331
199332
199333
199334
199335
199336
199337
199338
199339
199340
199341
199342
199941
199942
199943
199944
199945
199946
199947
199948
199949
199950
199951
199952
199953
199954
199965
199966
199967
199968
199969
199970
199971
199972
199973
199974
199975
199976
199977
199978
199979
200583
200584
200585
200586
200587
200588
200589
200590
200591
200592
200593
200594
200605
200606
200609
200610
200611
200612
200613
200614
200615
200616
200617
200618
200619
201224
201225
201226
201227
201228
201229
201230
201231
201232
201233
201234
201249
201250
201251
201252
201253
201254
201255
201256
201257
201258
201259
201864
201865
201866
201867
201868
201869
201870
201871
201890
201891
201892
201893
201894
201895
201896
201897
201898
202504
202505
202506
202507
202508
202509
202510
202511
202530
202531
202532
202533
202534
202535
202536
202537
203144
203145
203146
203147
203148
203149
203150
203151
203171
203172
203787
203788
203789
203790
203791
203792
204427
204428
204429
204430
204431
204432
204433
205067
205068
205069
205070
205071
205072
205073
205708
205709
205710
205711
205712
205713
205714
205715
206348
206349
206350
206351
206352
206353
206354
206355
206985
206986
206987
206988
206989
206990
206991
206992
206993
206994
206995
206996
207625
207626
207627
207628
207629
207630
207631
207632
207633
207634
207635
207636
208265
208266
208267
208268
208269
208270
208271
208272
208273
208274
208275
208905
208906
208907
208908
208909
208910
208911
208912
208913
209545
209546
209548
209549
209550
209551
209552
209553
210188
210189
210190
210191
210192
216549
216550
216551
216552
216553
216554
216555
216556
216557
217189
217190
217191
217192
217193
217194
217195
217196
217197
217829
217830
217831
217832
217833
217834
217835
217836
218470
218471
218472
218473
218474
218475
219110
219111
219112
219113
219114
219115
219750
219751
219752
219753
219754
220391
220392
220393
221032
226802
227444
