161526
161527
161528
161529
162161
162162
162163
162164
162165
162166
162167
162168
162169
162170
162800
162801
162802
162803
162804
162805
162806
162807
162808
162809
162810
163438
163439
163440
163441
163442
163443
163444
163445
163446
163447
163448
163449
163450
164080
164081
164082
164083
164084
164085
164086
164087
164088
164089
164090
164091
164094
164095
164714
164715
164716
164718
164719
164720
164721
164722
164723
164724
164725
164726
164727
164728
164729
164730
164734
164735
165350
165351
165352
165353
165354
165355
165356
165357
165358
165359
165360
165361
165362
165363
165364
165365
165366
165367
165368
165369
165370
165371
165372
165988
165989
165990
165991
165992
165993
165994
165995
165996
165997
165998
165999
166000
166001
166002
166003
166004
166005
166006
166007
166008
166009
166010
166011
166012
166013
166014
166015
166016
166627
166628
166629
166630
166631
166632
166633
166634
166635
166636
166637
166638
166639
166640
166641
166642
166643
166644
166645
166646
166647
166648
166649
166650
166651
166652
166653
166654
166655
166656
166657
167267
167268
167269
167270
167271
167272
167273
167274
167275
167276
167277
167278
167279
167280
167281
167282
167283
167284
167285
167286
167287
167288
167289
167290
167291
167292
167293
167294
167295
167296
167297
167907
167908
167909
167910
167911
167912
167913
167914
167915
167916
167917
167918
167919
167920
167921
167922
167923
167924
167925
167926
167927
167928
167929
167930
167931
167932
167933
167934
167935
167936
167937
167938
167939
168546
168547
168548
168549
168550
168551
168552
168553
168554
168555
168556
168557
168558
168559
168560
168561
168562
168563
168564
168565
168566
168567
168568
168569
168570
168571
168572
168573
168574
168575
168576
168577
168578
168579
169186
169187
169188
169189
169190
169191
169192
169193
169194
169195
169196
169197
169198
169199
169200
169201
169202
169203
169204
169205
169206
169207
169208
169209
169210
169211
169212
169213
169214
169215
169216
169217
169218
169219
169220
169826
169827
169828
169829
169830
169831
169832
169833
169834
169835
169836
169837
169838
169839
169840
169841
169842
169843
169844
169845
169846
169847
169848
169849
169850
169851
169852
169853
169854
169855
169856
169857
169858
169859
169860
169861
170467
170468
170469
170470
170471
170472
170473
170474
170475
170476
170477
170478
170479
170480
170481
170482
170483
170484
170485
170486
170487
170488
170489
170490
170491
170492
170493
170494
170495
170496
170497
170498
170499
170500
170501
171107
171108
171109
171110
171111
171112
171113
171114
171115
171116
171117
171118
171119
171120
171121
171122
171123
171124
171125
171126
171127
171128
171129
171130
171131
171132
171133
171134
171135
171136
171137
171138
171139
171140
171747
171748
171749
171750
171751
171752
171753
171754
171755
171756
171757
171758
171759
171760
171761
171762
171763
171764
171765
171766
171767
171768
171769
171770
171771
171772
171773
171774
171775
171776
171777
171778
171779
171780
171781
172388
172389
172390
172391
172392
172393
172394
172395
172396
172397
172398
172399
172400
172401
172402
172403
172404
172405
172406
172407
172408
172409
172410
172411
172412
172413
172414
172415
172416
172417
172418
172419
172420
172421
172422
172423
172424
172425
172426
172427
172428
173028
173029
173030
173031
173032
173033
173034
173035
173036
173037
173038
173039
173040
173041
173042
173043
173044
173045
173046
173047
173048
173049
173050
173051
173052
173053
173054
173055
173056
173057
173058
173059
173060
173061
173062
173063
173064
173065
173066
173067
173068
173069
173070
173071
173669
173670
173671
173672
173673
173674
173675
173676
173677
173678
173679
173680
173681
173682
173683
173684
173685
173686
173687
173688
173689
173690
173691
173692
173693
173694
173695
173696
173697
173698
173699
173700
173701
173702
173703
173704
173705
173706
173707
173708
173709
173710
173711
174305
174306
174307
174308
174309
174310
174311
174312
174313
174314
174315
174316
174317
174318
174319
174320
174321
174322
174323
174324
174325
174326
174327
174328
174329
174330
174331
174332
174333
174334
174335
174336
174337
174338
174339
174340
174341
174342
174343
174344
174345
174346
174347
174348
174349
174350
174351
174352
174353
174945
174946
174947
174948
174949
174950
174951
174952
174953
174954
174955
174956
174957
174958
174959
174960
174961
174962
174963
174964
174965
174966
174967
174968
174969
174970
174971
174972
174973
174974
174975
174976
174977
174978
174979
174980
174981
174982
174983
174984
174985
174986
174987
174988
174989
174990
174991
174992
174993
174994
175586
175587
175588
175589
175590
175591
175592
175593
175594
175595
175596
175597
175598
175599
175600
175601
175602
175603
175604
175605
175606
175607
175608
175609
175610
175611
175612
175613
175614
175615
175616
175617
175618
175619
175620
175621
175622
175623
175624
175625
175626
175627
175628
175629
175630
175631
175632
175633
175634
175635
175636
176225
176226
176227
176228
176229
176230
176231
176232
176233
176234
176235
176236
176237
176238
176239
176240
176241
176242
176243
176244
176245
176246
176247
176248
176249
176250
176251
176252
176253
176254
176255
176256
176257
176258
176259
176260
176261
176262
176263
176264
176265
176266
176267
176268
176269
176270
176271
176272
176273
176274
176275
176276
176865
176866
176867
176868
176869
176870
176871
176872
176873
176874
176875
176876
176877
176878
176879
176880
176881
176882
176883
176884
176885
176886
176887
176888
176889
176890
176891
176892
176893
176894
176895
176896
176897
176898
176899
176900
176901
176902
176903
176904
176905
176906
176907
176908
176909
176910
176911
176912
176913
176914
176915
176916
176917
177505
177506
177507
177508
177509
177510
177511
177512
177513
177514
177515
177516
177517
177518
177519
177520
177521
177522
177523
177524
177525
177526
177527
177528
177529
177530
177531
177532
177533
177534
177535
177536
177537
177538
177539
177540
177541
177542
177543
177544
177545
177546
177547
177548
177549
177550
177551
177552
177553
177554
177555
177556
177557
178145
178146
178147
178148
178149
178150
178151
178152
178153
178154
178155
178156
178157
178158
178159
178160
178161
178162
178163
178164
178165
178166
178167
178168
178169
178170
178171
178172
178173
178174
178175
178176
178177
178178
178179
178180
178181
178182
178183
178184
178185
178186
178187
178188
178189
178190
178191
178192
178193
178194
178195
178196
178197
178198
178785
178786
178787
178788
178789
178790
178791
178792
178793
178794
178795
178796
178797
178798
178799
178800
178801
178802
178803
178804
178805
178806
178807
178808
178809
178810
178811
178812
178813
178814
178815
178816
178817
178818
178819
178820
178821
178822
178823
178824
178825
178826
178827
178828
178829
178830
178831
178832
178833
178834
178835
178836
178837
178838
178839
179425
179426
179427
179428
179429
179430
179431
179432
179433
179434
179435
179436
179437
179438
179439
179440
179441
179442
179443
179444
179445
179446
179447
179448
179449
179450
179451
179452
179453
179454
179455
179456
179457
179458
179459
179460
179461
179462
179463
179464
179465
179466
179467
179468
179469
179470
179471
179472
179473
179474
179475
179476
179477
179478
179479
180065
180066
180067
180068
180069
180070
180071
180072
180073
180074
180075
180076
180077
180078
180079
180080
180081
180082
180083
180084
180085
180086
180087
180088
180089
180090
180091
180092
180093
180094
180095
180096
180097
180098
180099
180100
180101
180102
180103
180104
180105
180106
180107
180108
180109
180110
180111
180112
180113
180114
180115
180116
180117
180118
180119
180120
180121
180706
180707
180708
180709
180710
180711
180712
180713
180714
180715
180716
180717
180718
180719
180720
180721
180722
180723
180724
180725
180726
180727
180728
180729
180730
180731
180732
180733
180734
180735
180736
180737
180738
180739
180740
180741
180742
180743
180744
180745
180746
180747
180748
180749
180750
180751
180752
180753
180754
180755
180756
180757
180758
180759
180760
180761
180762
181348
181349
181350
181351
181352
181353
181354
181355
181356
181357
181358
181359
181360
181361
181362
181363
181364
181365
181366
181367
181368
181369
181370
181371
181372
181373
181374
181375
181376
181377
181378
181379
181380
181381
181382
181383
181384
181385
181386
181387
181388
181389
181390
181391
181392
181393
181394
181395
181396
181397
181398
181399
181400
181401
181402
181403
181404
181990
181991
181992
181993
181994
181995
181996
181997
181998
181999
182000
182001
182002
182003
182004
182005
182006
182007
182008
182009
182010
182011
182012
182013
182014
182015
182016
182017
182018
182019
182020
182021
182022
182023
182024
182025
182026
182027
182028
182029
182030
182031
182032
182033
182034
182035
182036
182037
182038
182039
182040
182041
182042
182043
182044
182045
182630
182631
182632
182633
182634
182635
182636
182637
182638
182639
182640
182641
182642
182643
182644
182645
182646
182647
182648
182649
182650
182651
182652
182653
182654
182655
182656
182657
182658
182659
182660
182661
182662
182663
182664
182665
182666
182667
182668
182669
182670
182671
182672
182673
182674
182675
182676
182677
182678
182679
182680
182681
182682
182683
182684
182685
183270
183271
183272
183273
183274
183275
183276
183277
183278
183279
183280
183281
183282
183283
183284
183285
183286
183287
183288
183289
183290
183291
183292
183293
183294
183295
183296
183297
183298
183299
183300
183301
183302
183303
183304
183305
183306
183307
183308
183309
183310
183311
183312
183313
183314
183315
183316
183317
183318
183319
183320
183321
183322
183323
183324
183325
183326
183910
183911
183912
183913
183914
183915
183916
183917
183918
183919
183920
183921
183922
183923
183924
183925
183926
183927
183928
183929
183930
183931
183932
183933
183934
183935
183936
183937
183938
183939
183940
183941
183942
183943
183944
183945
183946
183947
183948
183949
183950
183951
183952
183953
183954
183955
183956
183957
183958
183959
183960
183961
183962
183963
183964
183965
183966
183967
184551
184552
184553
184554
184555
184556
184557
184558
184559
184560
184561
184562
184563
184564
184565
184566
184567
184568
184569
184570
184571
184572
184573
184574
184575
184576
184577
184578
184579
184580
184581
184582
184583
184584
184585
184586
184587
184588
184589
184590
184591
184592
184593
184594
184595
184596
184597
184598
184599
184600
184601
184602
184603
184604
184605
184606
184607
185187
185188
185191
185192
185193
185194
185195
185196
185197
185198
185199
185200
185201
185202
185203
185204
185205
185206
185207
185208
185209
185210
185211
185212
185213
185214
185215
185216
185217
185218
185219
185220
185221
185222
185223
185224
185225
185226
185227
185228
185229
185230
185231
185232
185233
185234
185235
185236
185237
185238
185239
185240
185241
185242
185243
185244
185245
185246
185247
185827
185828
185829
185830
185831
185832
185833
185834
185835
185836
185837
185838
185839
185840
185841
185842
185843
185844
185845
185846
185847
185848
185849
185850
185851
185852
185853
185854
185855
185856
185857
185858
185859
185860
185861
185862
185863
185864
185865
185866
185867
185868
185869
185870
185871
185872
185873
185874
185875
185876
185877
185878
185879
185880
185881
185882
185883
185884
185885
185886
185887
186467
186468
186469
186470
186471
186472
186473
186474
186475
186476
186477
186478
186479
186480
186481
186482
186483
186484
186485
186486
186487
186488
186489
186490
186491
186492
186493
186494
186495
186496
186497
186498
186499
186500
186501
186502
186503
186504
186505
186506
186507
186508
186509
186510
186511
186512
186513
186514
186515
186516
186517
186518
186519
186520
186521
186522
186523
186524
186525
186526
186527
187107
187108
187109
187110
187111
187112
187113
187114
187115
187116
187117
187118
187119
187120
187121
187122
187123
187124
187125
187126
187127
187128
187129
187130
187131
187132
187133
187134
187135
187136
187137
187138
187139
187140
187141
187142
187143
187144
187145
187146
187147
187148
187149
187150
187151
187152
187153
187154
187155
187156
187157
187158
187159
187160
187161
187162
187163
187164
187165
187166
187747
187748
187749
187750
187751
187752
187753
187754
187755
187756
187757
187758
187759
187760
187761
187762
187763
187764
187765
187766
187767
187768
187769
187770
187771
187772
187773
187774
187775
187776
187777
187778
187779
187780
187781
187782
187783
187784
187785
187786
187787
187788
187789
187790
187791
187792
187793
187794
187795
187796
187797
187798
187799
187800
187801
187802
187803
187804
187805
188387
188388
188389
188390
188391
188392
188393
188394
188395
188396
188397
188398
188399
188400
188401
188402
188403
188404
188405
188406
188407
188408
188409
188410
188411
188412
188413
188414
188415
188416
188417
188418
188419
188420
188421
188422
188423
188424
188425
188426
188427
188428
188429
188430
188431
188432
188433
188434
188435
188436
188437
188438
188439
188440
188441
188442
188443
188444
188445
188446
188447
189027
189028
189029
189030
189031
189032
189033
189034
189035
189036
189037
189038
189039
189040
189041
189042
189043
189044
189045
189046
189047
189048
189049
189050
189051
189052
189053
189054
189055
189056
189057
189058
189059
189060
189061
189062
189063
189064
189065
189066
189067
189068
189069
189070
189071
189072
189073
189074
189075
189076
189077
189078
189079
189080
189081
189082
189083
189084
189085
189086
189087
189667
189668
189669
189670
189671
189672
189673
189674
189675
189676
189677
189678
189679
189680
189681
189682
189683
189684
189685
189686
189687
189688
189689
189690
189691
189692
189693
189694
189695
189696
189697
189698
189699
189700
189701
189702
189703
189704
189705
189706
189707
189708
189709
189710
189711
189712
189713
189714
189715
189716
189717
189718
189719
189720
189721
189722
189723
189724
189725
189726
190308
190309
190310
190311
190312
190313
190314
190315
190316
190317
190318
190319
190320
190321
190322
190323
190324
190325
190326
190327
190328
190329
190330
190331
190332
190333
190334
190335
190336
190337
190338
190339
190340
190341
190342
190343
190344
190345
190346
190347
190348
190349
190350
190351
190352
190353
190354
190355
190356
190357
190358
190359
190360
190361
190362
190363
190364
190365
190366
190951
190952
190953
190954
190955
190956
190957
190958
190959
190960
190961
190962
190963
190964
190965
190966
190967
190968
190969
190970
190971
190972
190973
190974
190975
190976
190977
190978
190979
190980
190981
190982
190983
190984
190985
190986
190987
190988
190989
190990
190991
190992
190993
190994
190995
190996
190997
190998
190999
191000
191001
191002
191003
191004
191005
191006
191591
191592
191593
191594
191595
191596
191597
191598
191599
191600
191601
191602
191603
191604
191605
191606
191607
191608
191609
191610
191611
191612
191613
191614
191615
191616
191617
191618
191619
191620
191621
191622
191623
191624
191625
191626
191627
191628
191629
191630
191631
191632
191633
191634
191635
191636
191637
191638
191639
191640
191641
191642
191643
191644
191645
191646
192232
192233
192234
192235
192236
192237
192238
192239
192240
192241
192242
192243
192244
192245
192246
192247
192248
192249
192250
192251
192252
192253
192254
192255
192256
192257
192258
192259
192260
192261
192262
192263
192264
192265
192266
192267
192268
192269
192270
192271
192272
192273
192274
192275
192276
192277
192278
192279
192280
192281
192282
192283
192284
192285
192286
192872
192873
192874
192875
192876
192877
192878
192879
192880
192881
192882
192883
192884
192885
192886
192887
192888
192889
192890
192891
192892
192893
192894
192895
192896
192897
192898
192899
192900
192901
192902
192903
192904
192905
192906
192907
192908
192909
192910
192911
192912
192913
192914
192915
192916
192917
192918
192919
192920
192921
192922
192923
192924
192925
193513
193514
193515
193516
193517
193518
193519
193520
193521
193522
193523
193524
193525
193526
193527
193528
193529
193530
193531
193532
193533
193534
193535
193536
193537
193538
193539
193540
193541
193542
193543
193544
193545
193546
193547
193548
193549
193550
193551
193552
193553
193554
193555
193556
193557
193558
193559
193560
193561
193562
193563
193564
193565
194154
194155
194156
194157
194158
194159
194160
194161
194162
194163
194164
194165
194166
194167
194168
194169
194170
194171
194172
194173
194174
194175
194176
194177
194178
194179
194180
194181
194182
194183
194184
194185
194186
194187
194188
194189
194190
194191
194192
194193
194194
194195
194196
194197
194198
194199
194200
194201
194202
194203
194204
194205
194794
194795
194796
194797
194798
194799
194800
194801
194802
194803
194804
194805
194806
194807
194808
194809
194810
194811
194812
194813
194814
194815
194816
194817
194818
194819
194820
194821
194822
194823
194824
194825
194826
194827
194828
194829
194830
194831
194832
194833
194834
194835
194836
194837
194838
194839
194840
194841
194842
194843
194844
194845
195435
195436
195437
195438
195439
195440
195444
195445
195446
195447
195448
195449
195450
195451
195452
195453
195454
195455
195456
195457
195458
195459
195460
195461
195462
195463
195464
195465
195466
195467
195468
195469
195470
195471
195472
195473
195474
195475
195476
195477
195478
195479
195480
195481
195482
195483
195484
195485
195486
196075
196076
196079
196080
196084
196085
196086
196087
196088
196089
196090
196091
196092
196093
196094
196095
196096
196097
196098
196099
196100
196101
196102
196103
196104
196105
196106
196107
196108
196109
196110
196111
196112
196113
196114
196115
196116
196117
196118
196119
196120
196121
196122
196123
196124
196125
196126
196719
196720
196724
196725
196726
196727
196728
196729
196730
196731
196732
196733
196734
196735
196736
196737
196738
196739
196740
196741
196742
196743
196744
196745
196746
196747
196748
196749
196750
196751
196752
196753
196754
196755
196756
196757
196758
196759
196760
196761
196762
196763
196764
196765
197364
197365
197366
197367
197368
197369
197370
197371
197372
197373
197374
197375
197376
197377
197378
197379
197380
197381
197382
197383
197384
197385
197386
197387
197388
197389
197390
197391
197392
197393
197394
197395
197396
197397
197398
197399
197400
197401
197402
197403
197404
197405
198004
198005
198006
198007
198008
198009
198010
198011
198012
198013
198014
198015
198016
198017
198018
198019
198020
198021
198022
198023
198024
198025
198026
198027
198028
198029
198030
198031
198032
198033
198034
198035
198036
198037
198038
198039
198040
198041
198042
198043
198044
198045
198644
198645
198646
198647
198648
198649
198650
198651
198652
198653
198654
198655
198656
198657
198658
198659
198660
198661
198662
198663
198664
198665
198666
198667
198668
198669
198670
198671
198672
198673
198674
198675
198676
198677
198678
198679
198680
198681
198682
198683
198684
198685
199284
199285
199286
199287
199288
199289
199290
199291
199292
199293
199294
199295
199296
199297
199298
199299
199300
199301
199302
199303
199304
199305
199306
199307
199308
199309
199310
199311
199312
199313
199314
199315
199316
199317
199318
199319
199320
199321
199322
199323
199324
199325
199925
199926
199927
199928
199929
199930
199931
199932
199933
199934
199935
199936
199937
199938
199939
199940
199941
199942
199943
199944
199945
199946
199947
199948
199949
199950
199951
199952
199953
199954
199955
199956
199957
199958
199959
199960
199961
199962
199963
199964
199965
199966
200565
200566
200567
200568
200569
200570
200571
200572
200573
200574
200575
200576
200577
200578
200579
200580
200581
200582
200583
200584
200585
200586
200587
200588
200589
200590
200591
200592
200593
200594
200595
200596
200597
200598
200599
200600
200601
200602
200603
200604
200605
200606
200607
200608
201205
201206
201207
201208
201209
201210
201211
201212
201213
201214
201215
201216
201217
201218
201219
201220
201221
201222
201223
201224
201225
201226
201227
201228
201229
201230
201231
201232
201233
201234
201235
201236
201237
201238
201239
201240
201241
201242
201243
201244
201245
201246
201247
201248
201847
201848
201849
201850
201851
201852
201853
201854
201855
201856
201857
201858
201859
201860
201861
201862
201863
201864
201865
201866
201867
201868
201869
201870
201871
201872
201873
201874
201875
201876
201877
201878
201879
201880
201881
201882
201883
201884
201885
201886
201887
202488
202489
202490
202491
202492
202493
202494
202495
202496
202497
202498
202499
202500
202501
202502
202503
202504
202505
202506
202507
202508
202509
202510
202511
202512
202513
202514
202515
202516
202517
202518
202519
202520
202521
202522
202523
202524
202525
202526
203128
203129
203130
203131
203132
203133
203134
203135
203136
203137
203138
203139
203140
203141
203142
203143
203144
203145
203146
203147
203148
203149
203150
203151
203152
203153
203154
203155
203156
203157
203158
203159
203160
203161
203162
203163
203164
203165
203166
203769
203770
203771
203772
203773
203774
203775
203776
203777
203778
203779
203780
203781
203782
203783
203784
203785
203786
203787
203788
203789
203790
203791
203792
203793
203794
203795
203796
203797
203798
203799
203800
203801
203802
203803
203804
203805
203806
203807
203808
204410
204411
204412
204413
204414
204415
204416
204417
204418
204419
204420
204421
204422
204423
204424
204425
204426
204427
204428
204429
204430
204431
204432
204433
204434
204435
204436
204437
204438
204439
204440
204441
204442
204443
204444
204445
204446
204447
204448
205047
205048
205049
205051
205052
205053
205054
205055
205056
205057
205058
205059
205060
205061
205062
205063
205064
205065
205066
205067
205068
205069
205070
205071
205072
205073
205074
205075
205076
205077
205078
205079
205080
205081
205082
205083
205084
205085
205086
205087
205687
205688
205689
205691
205692
205693
205694
205695
205696
205697
205698
205699
205700
205701
205702
205703
205704
205705
205706
205707
205708
205709
205710
205711
205712
205713
205714
205715
205716
205717
205718
205719
205720
205721
205722
205723
205724
205725
205726
205727
206327
206328
206329
206331
206332
206333
206334
206335
206336
206337
206338
206339
206340
206341
206342
206343
206344
206345
206346
206347
206348
206349
206350
206351
206352
206353
206354
206355
206356
206357
206358
206359
206360
206361
206362
206363
206364
206365
206366
206367
206368
206958
206959
206960
206967
206968
206969
206970
206971
206972
206973
206974
206975
206976
206977
206978
206979
206980
206981
206982
206983
206984
206985
206986
206987
206988
206989
206990
206991
206992
206993
206994
206995
206996
206997
206998
206999
207000
207001
207002
207003
207004
207005
207006
207007
207008
207598
207599
207600
207601
207602
207607
207608
207609
207610
207611
207612
207613
207614
207615
207616
207617
207618
207619
207620
207621
207622
207623
207624
207625
207626
207627
207628
207629
207630
207631
207632
207633
207634
207635
207636
207637
207638
207639
207640
207641
207642
207643
207644
207645
207646
207647
207648
208239
208240
208241
208242
208247
208248
208249
208250
208251
208252
208253
208254
208255
208256
208257
208258
208259
208260
208261
208262
208263
208264
208265
208266
208267
208268
208269
208270
208271
208272
208273
208274
208275
208276
208277
208278
208279
208280
208281
208282
208283
208284
208285
208286
208879
208880
208881
208882
208887
208888
208889
208890
208891
208892
208893
208894
208895
208896
208897
208898
208899
208900
208901
208902
208903
208904
208905
208906
208907
208908
208909
208910
208911
208912
208913
208914
208915
208916
208917
208918
208919
208920
208921
208922
208923
208924
208925
208926
209519
209520
209521
209522
209523
209527
209528
209529
209530
209531
209532
209533
209534
209535
209536
209537
209538
209539
209540
209541
209542
209543
209544
209545
209546
209547
209548
209549
209550
209551
209552
209553
209554
209555
209556
209557
209558
209559
209560
209561
209562
209563
209564
209565
209566
209567
209568
210158
210159
210160
210161
210162
210163
210164
210165
210167
210168
210169
210173
210174
210175
210176
210177
210178
210179
210180
210181
210182
210183
210184
210185
210186
210187
210188
210189
210190
210191
210192
210193
210194
210195
210196
210197
210198
210199
210200
210201
210202
210203
210204
210205
210206
210207
210208
210798
210799
210800
210801
210802
210803
210804
210805
210806
210807
210808
210809
210810
210813
210814
210815
210816
210817
210818
210819
210820
210821
210822
210823
210824
210825
210826
210827
210828
210829
210830
210831
210832
210833
210834
210835
210836
210837
210838
210839
210840
210841
210842
210843
210844
210845
210846
211437
211438
211439
211440
211441
211442
211443
211444
211445
211446
211447
211448
211449
211450
211451
211453
211454
211455
211456
211457
211458
211459
211460
211461
211462
211463
211464
211465
211466
211467
211468
211469
211470
211471
211472
211473
211474
211475
211476
211477
211478
211479
211480
211481
211482
211483
211484
211485
211486
211487
212077
212078
212079
212080
212081
212082
212083
212084
212085
212086
212087
212088
212089
212090
212091
212092
212093
212094
212095
212096
212097
212098
212099
212100
212101
212102
212103
212104
212105
212106
212107
212108
212109
212110
212111
212112
212113
212114
212115
212116
212117
212118
212119
212120
212121
212122
212123
212124
212125
212126
212127
212717
212718
212719
212720
212721
212722
212723
212724
212725
212726
212727
212728
212729
212730
212731
212732
212733
212734
212735
212736
212737
212738
212739
212740
212741
212742
212743
212744
212745
212746
212747
212748
212749
212750
212751
212752
212753
212754
212755
212756
212757
212758
212759
212760
212761
212762
212763
212764
212765
212766
212767
213359
213360
213361
213362
213363
213364
213365
213366
213367
213368
213369
213370
213371
213372
213373
213374
213375
213376
213377
213378
213379
213380
213381
213382
213383
213384
213385
213386
213387
213388
213389
213390
213391
213392
213393
213394
213395
213396
213397
213398
213399
213400
213401
213402
213403
213404
213405
213406
213407
214001
214002
214003
214004
214005
214006
214007
214008
214009
214010
214011
214012
214013
214014
214015
214016
214017
214018
214019
214020
214021
214022
214023
214024
214025
214026
214027
214028
214029
214030
214031
214032
214033
214034
214035
214036
214037
214038
214039
214040
214041
214042
214043
214044
214045
214046
214047
214640
214641
214642
214643
214644
214645
214646
214647
214648
214649
214650
214651
214652
214653
214654
214655
214656
214657
214658
214659
214660
214661
214662
214663
214664
214665
214666
214667
214668
214669
214670
214671
214672
214673
214674
214675
214676
214677
214678
214679
214680
214681
214682
214683
214684
214685
214686
214687
215280
215281
215282
215283
215284
215285
215286
215287
215288
215289
215290
215291
215292
215293
215294
215295
215296
215297
215298
215299
215300
215301
215302
215303
215304
215305
215306
215307
215308
215309
215310
215311
215312
215313
215314
215315
215316
215317
215318
215319
215320
215321
215322
215323
215324
215325
215326
215327
215920
215921
215922
215923
215924
215925
215926
215927
215928
215929
215930
215931
215932
215933
215934
215935
215936
215937
215938
215939
215940
215941
215942
215943
215944
215945
215946
215947
215948
215949
215950
215951
215952
215953
215954
215955
215956
215957
215958
215959
215960
215961
215962
215963
215964
215965
215966
215967
216560
216561
216562
216563
216564
216565
216566
216567
216568
216569
216570
216571
216572
216573
216574
216575
216576
216577
216578
216579
216580
216581
216582
216583
216584
216585
216586
216587
216588
216589
216590
216591
216592
216593
216594
216595
216596
216597
216598
216599
216600
216601
216602
216603
216604
216605
216606
216607
217202
217203
217204
217205
217206
217207
217208
217209
217210
217211
217212
217213
217214
217215
217216
217217
217218
217219
217220
217221
217222
217223
217224
217225
217226
217227
217228
217229
217230
217231
217232
217233
217234
217235
217236
217237
217238
217239
217240
217241
217242
217243
217244
217245
217246
217247
217840
217841
217842
217843
217844
217845
217846
217847
217848
217849
217850
217851
217852
217853
217854
217855
217856
217857
217858
217859
217860
217861
217862
217863
217864
217865
217866
217867
217868
217869
217870
217871
217872
217873
217874
217875
217876
217877
217878
217879
217880
217881
217882
217883
217884
217885
217886
217887
218480
218481
218482
218483
218484
218485
218486
218487
218488
218489
218490
218491
218492
218493
218494
218495
218496
218497
218498
218499
218500
218501
218502
218503
218504
218505
218506
218507
218508
218509
218510
218511
218512
218513
218514
218515
218516
218517
218518
218519
218520
218521
218522
218523
218524
218525
218526
218527
219122
219123
219124
219125
219126
219127
219128
219129
219130
219131
219132
219133
219134
219135
219136
219137
219138
219139
219140
219141
219142
219143
219144
219145
219146
219147
219148
219149
219150
219151
219152
219153
219154
219155
219156
219157
219158
219159
219160
219161
219162
219163
219164
219165
219166
219167
219762
219763
219764
219765
219766
219767
219768
219769
219770
219771
219772
219773
219774
219775
219776
219777
219778
219779
219780
219781
219782
219783
219784
219785
219786
219787
219788
219789
219790
219791
219792
219793
219794
219795
219796
219797
219798
219799
219800
219801
219802
219803
219804
219805
219806
219807
220402
220403
220404
220405
220406
220407
220408
220409
220410
220411
220412
220413
220414
220415
220416
220417
220418
220419
220420
220421
220422
220423
220424
220425
220426
220427
220428
220429
220430
220431
220432
220433
220434
220435
220436
220437
220438
220439
220440
220441
220442
220443
220444
220445
220446
220447
221041
221042
221043
221044
221045
221046
221047
221048
221049
221050
221051
221052
221053
221054
221055
221056
221057
221058
221059
221060
221061
221062
221063
221064
221065
221066
221067
221068
221069
221070
221071
221072
221073
221074
221075
221076
221077
221078
221079
221080
221081
221082
221083
221084
221085
221086
221681
221682
221683
221684
221685
221686
221687
221688
221689
221690
221691
221692
221693
221694
221695
221696
221697
221698
221699
221700
221701
221702
221703
221704
221705
221706
221707
221708
221709
221710
221711
221712
221713
221714
221715
221716
221717
221718
221719
221720
221721
221722
221723
221724
221725
221726
222321
222322
222323
222324
222325
222326
222327
222328
222329
222330
222331
222332
222333
222334
222335
222336
222337
222338
222339
222340
222341
222342
222343
222344
222345
222346
222347
222348
222349
222350
222351
222352
222353
222354
222355
222356
222357
222358
222359
222360
222361
222362
222363
222364
222365
222366
222962
222963
222964
222965
222966
222967
222968
222969
222970
222971
222972
222973
222974
222975
222976
222977
222978
222979
222980
222981
222982
222983
222984
222985
222986
222987
222988
222989
222990
222991
222992
222993
222994
222995
222996
222997
222998
222999
223000
223001
223002
223003
223004
223005
223006
223602
223603
223604
223605
223606
223607
223608
223609
223610
223611
223612
223613
223614
223615
223616
223617
223618
223619
223620
223621
223622
223623
223624
223625
223626
223627
223628
223629
223630
223631
223632
223633
223634
223635
223636
223637
223638
223639
223640
223641
223642
223643
223644
223645
223646
223647
224237
224238
224239
224242
224243
224244
224245
224246
224247
224248
224249
224250
224251
224252
224253
224254
224255
224256
224257
224258
224259
224260
224261
224262
224263
224264
224265
224266
224267
224268
224269
224270
224271
224272
224273
224274
224275
224276
224277
224278
224279
224280
224281
224282
224283
224284
224285
224286
224287
224879
224882
224883
224884
224885
224886
224887
224888
224889
224890
224891
224892
224893
224894
224895
224896
224897
224898
224899
224900
224901
224902
224903
224904
224905
224906
224907
224908
224909
224910
224911
224912
224913
224914
224915
224916
224917
224918
224919
224920
224921
224922
224923
224924
224925
224926
224927
225518
225519
225522
225523
225524
225525
225526
225527
225528
225529
225530
225531
225532
225533
225534
225535
225536
225537
225538
225539
225540
225541
225542
225543
225544
225545
225546
225547
225548
225549
225550
225551
225552
225553
225554
225555
225556
225557
225558
225559
225560
225561
225562
225563
225564
225565
226160
226163
226164
226165
226166
226167
226168
226169
226170
226171
226172
226173
226174
226175
226176
226177
226178
226179
226180
226181
226182
226183
226184
226185
226186
226187
226188
226189
226190
226191
226192
226193
226194
226195
226196
226197
226198
226199
226200
226201
226202
226203
226204
226205
226801
226803
226804
226805
226806
226807
226808
226809
226810
226811
226812
226813
226814
226815
226816
226817
226818
226819
226820
226821
226822
226823
226824
226825
226826
226827
226828
226829
226830
226831
226832
226833
226834
226835
226836
226837
226838
226839
226840
226841
226842
226843
226844
226845
227442
227443
227444
227445
227446
227447
227448
227449
227450
227451
227452
227453
227454
227455
227456
227457
227458
227459
227460
227461
227462
227463
227464
227465
227466
227467
227468
227469
227470
227471
227472
227473
227474
227475
227476
227477
227478
227479
227480
227481
227482
227483
227484
228083
228084
228085
228086
228087
228088
228089
228090
228091
228092
228093
228094
228095
228096
228097
228098
228099
228100
228101
228102
228103
228104
228105
228106
228107
228108
228109
228110
228111
228112
228113
228114
228115
228116
228117
228118
228119
228120
228121
228122
228123
228124
228723
228724
228725
228726
228727
228728
228729
228730
228731
228732
228733
228734
228735
228736
228737
228738
228739
228740
228741
228742
228743
228744
228745
228746
228747
228748
228749
228750
228751
228752
228753
228754
228755
228756
228757
228758
228759
228760
228761
228762
228763
228764
229363
229364
229365
229366
229367
229368
229369
229370
229371
229372
229373
229374
229375
229376
229377
229378
229379
229380
229381
229382
229383
229384
229385
229386
229387
229388
229389
229390
229391
229392
229393
229394
229395
229396
229397
229398
229399
229400
229401
229402
229403
229404
229405
230003
230004
230005
230006
230007
230008
230009
230010
230011
230012
230013
230014
230015
230016
230017
230018
230019
230020
230021
230022
230023
230024
230025
230026
230027
230028
230029
230030
230031
230032
230033
230034
230035
230036
230037
230038
230039
230040
230041
230042
230043
230044
230045
230046
230644
230645
230646
230647
230648
230649
230650
230651
230652
230653
230654
230655
230656
230657
230658
230659
230660
230661
230662
230663
230664
230665
230666
230667
230668
230669
230670
230671
230672
230673
230674
230675
230676
230677
230678
230679
230680
230681
230682
230683
230684
230685
231285
231286
231287
231288
231289
231290
231291
231292
231293
231294
231295
231296
231297
231298
231299
231300
231301
231302
231303
231304
231305
231306
231307
231308
231309
231310
231311
231312
231313
231314
231315
231316
231317
231318
231319
231320
231321
231322
231323
231324
231325
231927
231928
231929
231930
231931
231932
231933
231934
231935
231936
231937
231938
231939
231940
231941
231942
231943
231944
231945
231946
231947
231948
231949
231950
231951
231952
231953
231954
231955
231956
231957
231958
231959
231960
231961
231962
231963
231964
231965
232569
232570
232571
232572
232573
232574
232575
232576
232577
232578
232579
232580
232581
232582
232583
232584
232585
232586
232587
232588
232589
232590
232591
232592
232593
232594
232595
232596
232597
232598
232599
232600
232601
232602
232603
232604
232605
233210
233211
233212
233213
233214
233215
233216
233217
233218
233219
233220
233221
233222
233223
233224
233225
233226
233227
233228
233229
233230
233231
233232
233233
233234
233235
233236
233237
233238
233239
233240
233241
233242
233243
233244
233851
233852
233853
233854
233855
233856
233857
233858
233859
233860
233861
233862
233863
233864
233865
233866
233867
233868
233869
233870
233871
233872
233873
233874
233875
233876
233877
233878
233879
233880
233881
233882
233883
233884
233885
234492
234493
234494
234495
234496
234497
234498
234499
234500
234501
234502
234503
234504
234505
234506
234507
234508
234509
234510
234511
234512
234513
234514
234515
234516
234517
234518
234519
234520
234521
234522
234523
234524
234525
235134
235135
235136
235137
235138
235139
235140
235141
235142
235143
235144
235145
235146
235147
235148
235149
235150
235151
235152
235153
235154
235155
235156
235157
235158
235159
235160
235161
235162
235163
235164
235165
235775
235776
235777
235778
235779
235780
235781
235782
235783
235784
235785
235786
235787
235788
235789
235790
235791
235792
235793
235794
235795
235796
235797
235798
235799
235800
235801
235802
235803
235804
236416
236417
236418
236419
236420
236421
236422
236423
236424
236425
236426
236427
236428
236429
236430
236431
236432
236433
236434
236435
236436
236437
236438
236439
236440
236441
236442
236443
237056
237057
237058
237059
237060
237061
237062
237063
237064
237065
237066
237067
237068
237069
237070
237071
237072
237073
237074
237075
237076
237077
237078
237079
237080
237081
237696
237697
237698
237699
237700
237701
237702
237703
237704
237705
237706
237707
237708
237709
237710
237711
237712
237713
237714
237715
237716
237717
237718
237719
238335
238336
238337
238338
238339
238340
238341
238342
238343
238344
238345
238346
238347
238348
238349
238350
238351
238352
238353
238354
238355
238356
238976
238977
238978
238979
238980
238981
238982
238983
238984
238985
238986
238987
238988
238989
238990
238991
238992
238993
238994
239616
239617
239618
239619
239620
239621
239622
239623
239624
239625
239626
239627
239628
239629
239630
239631
239632
240258
240259
240260
240261
240262
240263
240264
240265
240266
240267
240268
240269
240899
240900
240901
240902
240903
240904
240905
240906
240907
241541
241542
241543
241544
