176851
176852
176853
176854
176855
176856
176857
176858
176859
177491
177492
177493
177494
177495
177496
177497
177498
177499
178131
178132
178133
178134
178135
178136
178137
178138
178139
178147
178148
178149
178150
178771
178772
178773
178774
178775
178776
178777
178778
178779
178780
178781
178782
178783
178784
178785
178786
178787
178788
178789
178790
179412
179413
179414
179415
179416
179417
179418
179419
179420
179421
179422
179423
179424
179425
179426
179427
179428
179429
179430
179431
180053
180054
180055
180056
180057
180058
180059
180060
180061
180062
180063
180064
180065
180066
180067
180068
180069
180070
180071
180072
180693
180694
180695
180696
180697
180698
180699
180700
180701
180702
180703
180704
180705
180706
180707
180708
180709
180710
180711
180712
180713
181333
181334
181335
181336
181337
181338
181339
181340
181341
181342
181343
181344
181345
181346
181347
181348
181349
181350
181351
181352
181353
181354
181979
181980
181981
181982
181983
181984
181985
181986
181987
181988
181989
181990
181991
181992
181993
181994
182619
182620
182621
182622
182623
182624
182625
182626
182627
182628
182629
182630
182631
182632
182633
182634
182635
182636
183259
183260
183261
183262
183263
183264
183265
183266
183267
183268
183269
183270
183271
183272
183273
183274
183275
183276
183277
183278
183279
183899
183900
183901
183902
183903
183904
183905
183906
183907
183908
183909
183910
183911
183912
183913
183914
183915
183916
183917
183918
183919
184541
184542
184543
184544
184545
184546
184547
184548
184549
184550
184551
184552
184553
184554
184555
184556
184557
184558
185181
185182
185183
185184
185185
185186
185187
185188
185189
185190
185191
185192
185193
185194
185195
185196
185197
185198
185821
185822
185823
185824
185825
185826
185827
185828
185829
185830
185831
185833
185834
185835
185836
185837
185838
186461
186462
186463
186464
186465
186466
186467
186468
186469
186470
186471
186473
186474
186475
186476
187101
187102
187103
187104
187105
187106
187107
187108
187109
187110
187111
187721
187722
187723
187724
187741
187742
187743
187744
187745
187746
187747
187748
187749
187750
188359
188360
188361
188362
188363
188364
188365
188381
188382
188383
188384
188385
188386
188387
188388
188389
188390
188999
189000
189001
189002
189003
189004
189005
189021
189022
189023
189024
189025
189026
189027
189028
189029
189030
189639
189640
189641
189642
189643
189644
189645
189661
189662
189663
189664
189665
189666
189667
189668
190279
190280
190281
190282
190283
190284
190285
190300
190301
190302
190303
190304
190305
190306
190307
190919
190920
190921
190922
190923
190924
190925
190926
190934
190935
190936
190937
190940
190941
190942
190943
190944
190945
190946
190947
191559
191560
191561
191562
191563
191564
191565
191566
191567
191572
191573
191574
191575
191576
191577
191578
191579
191580
191581
191582
191583
191584
191585
191586
191587
192199
192200
192201
192202
192203
192204
192205
192206
192207
192212
192213
192214
192215
192216
192217
192218
192219
192220
192221
192222
192223
192224
192225
192226
192227
192840
192841
192842
192843
192844
192845
192846
192847
192852
192853
192854
192855
192856
192857
192858
192859
192860
192861
192862
192863
192864
192865
192866
192867
193480
193481
193482
193483
193484
193485
193486
193487
193492
193493
193494
193495
193496
193497
193498
193499
193500
193501
193502
193503
193504
193505
194124
194125
194126
194127
194134
194135
194136
194137
194138
194139
194140
194141
194142
194143
194144
194145
194146
194764
194765
194766
194767
194768
194769
194773
194774
194775
194776
194777
194778
194779
194780
194781
194782
194783
194784
194785
194786
194787
194788
194789
194790
194791
194792
195404
195405
195406
195407
195408
195409
195413
195414
195415
195416
195417
195418
195419
195420
195421
195422
195423
195424
195425
195426
195427
195428
195429
195430
195431
195432
196045
196046
196047
196048
196049
196054
196055
196056
196057
196058
196059
196060
196061
196062
196063
196064
196065
196066
196067
196068
196069
196070
196071
196072
196685
196686
196687
196688
196689
196690
196698
196699
196700
196701
196702
196703
196704
196705
196706
196707
196708
196709
196710
196711
197325
197326
197327
197328
197329
197330
197331
197332
197341
197342
197343
197344
197345
197346
197347
197348
197349
197350
197965
197966
197967
197968
197969
197970
197971
197972
197981
197982
197983
197984
197985
197986
197987
197988
197989
198606
198607
198608
198609
198610
198611
198612
198613
198614
198622
198623
198624
198625
198626
198627
198628
198629
198630
199246
199247
199248
199249
199250
199251
199252
199253
199254
199255
199256
199257
199262
199263
199264
199265
199266
199267
199268
199269
199270
199887
199888
199889
199890
199891
199892
199893
199894
199895
199896
199897
199903
199904
199905
199906
199907
199908
199909
199910
200530
200531
200532
200533
200534
200535
200536
200537
200538
200539
200542
200543
200544
200545
200546
200547
200548
201170
201171
201172
201173
201174
201175
201176
201177
201178
201179
201180
201181
201182
201183
201184
201185
201186
201187
201804
201805
201810
201811
201812
201813
201814
201815
201816
201817
201818
201819
201820
201821
201822
201823
201824
201825
201826
201827
202443
202444
202445
202450
202451
202452
202453
202454
202455
202456
202457
202458
202459
202460
202461
202462
202463
202464
202465
202466
202467
202468
203082
203083
203084
203085
203086
203090
203091
203092
203093
203094
203095
203096
203097
203098
203099
203100
203101
203102
203103
203104
203105
203106
203107
203108
203721
203722
203723
203724
203725
203726
203727
203728
203730
203731
203732
203733
203734
203735
203736
203737
203738
203739
203740
203741
203742
203743
203744
203745
203746
203747
203748
204362
204363
204364
204365
204366
204367
204368
204369
204370
204371
204372
204373
204374
204375
204376
204377
204378
204379
204380
204381
204382
204383
204384
204385
204386
204387
204388
204389
204390
204391
205003
205004
205005
205006
205007
205008
205009
205010
205011
205012
205013
205014
205015
205016
205017
205018
205019
205020
205021
205022
205023
205024
205025
205026
205027
205028
205029
205030
205031
205644
205645
205646
205647
205648
205649
205650
205651
205652
205653
205654
205655
205656
205657
205658
205659
205660
205661
205662
205663
205664
205665
205666
205667
205668
205669
205670
205671
206285
206286
206287
206288
206289
206290
206291
206292
206293
206294
206295
206296
206297
206298
206299
206300
206301
206302
206303
206304
206305
206306
206307
206308
206309
206310
206311
206312
206929
206930
206931
206932
206933
206934
206935
206936
206937
206938
206939
206940
206941
206942
206943
206944
206945
206946
206947
206948
206949
206950
206951
206952
206953
207572
207573
207574
207575
207576
207577
207578
207579
207580
207581
207582
207583
207584
207585
207586
207587
207588
207589
207590
207591
207592
207593
207594
208213
208214
208215
208216
208217
208218
208219
208220
208221
208222
208223
208224
208225
208226
208227
208228
208229
208230
208231
208232
208233
208234
208235
208236
208237
208238
208856
208857
208858
208859
208860
208861
208862
208863
208864
208865
208866
208867
208868
208869
208870
208871
208872
208873
208874
208875
208876
208877
208878
208879
209497
209498
209499
209500
209501
209502
209503
209504
209505
209506
209507
209508
209509
209510
209511
209512
209513
209514
209515
209516
209517
209518
209519
210140
210141
210142
210143
210144
210145
210146
210147
210148
210149
210150
210151
210152
210153
210154
210155
210156
210157
210158
210159
210160
210783
210784
210785
210786
210787
210788
210789
210790
210791
210792
210793
210794
210795
210796
210797
210798
210799
210800
210801
211426
211427
211428
211429
211430
211431
211432
211433
211434
211435
211436
211437
211438
211439
211440
211441
212069
212070
212071
212072
212073
212074
212075
212076
212077
212078
212079
212080
212081
212082
212083
212712
212713
212714
212715
212716
212717
212718
212719
212720
212721
212722
212723
212724
212725
212726
212727
213355
213356
213357
213358
213359
213360
213361
213362
213363
213364
213365
213366
213367
213368
213998
213999
214000
214001
214002
214003
214004
214005
214006
214007
