187078
187079
187080
187081
187082
187718
187719
187720
187721
187722
187723
188358
188359
188360
188361
188362
188363
188364
188998
188999
189000
189001
189002
189003
189004
189005
189014
189015
189639
189640
189641
189642
189643
189644
189645
189648
189649
189650
189651
189652
189653
189654
189655
190280
190281
190282
190283
190284
190285
190288
190289
190290
190291
190292
190293
190294
190295
190919
190920
190921
190922
190923
190924
190925
190928
190929
190930
190931
190932
190933
190934
190935
191559
191560
191561
191562
191563
191564
191565
191566
191567
191568
191569
191570
191571
191572
191573
191574
191575
191576
191577
192200
192201
192202
192203
192204
192205
192206
192207
192208
192209
192210
192211
192212
192213
192214
192215
192216
192217
192841
192842
192843
192844
192845
192846
192847
192848
192849
192850
192851
192852
192853
192854
192855
192856
192857
193482
193483
193484
193485
193486
193487
193488
193489
193490
193491
193492
193493
193494
193495
193496
193497
194123
194124
194125
194126
194127
194128
194129
194130
194131
194132
194133
194134
194135
194136
194137
194138
194764
194765
194766
194767
194768
194769
194770
194771
194772
194773
194774
194775
194776
194777
194778
195405
195406
195407
195408
195409
195410
195411
195412
195413
195414
195415
195416
195417
195418
196045
196046
196047
196048
196049
196050
196051
196052
196053
196055
196056
196057
196058
196688
196689
196690
196691
196696
196697
196698
197328
197329
197330
197331
197967
197968
197969
197970
197971
197972
198607
198608
198609
198610
198611
198612
199248
199249
199250
199251
199252
199253
199888
199889
199890
199891
199892
199893
200528
200529
200530
200531
200532
200533
200534
200535
200536
201168
201169
201170
201171
201172
201173
201174
201175
201176
201808
201809
201810
201811
201812
201813
201814
201815
201816
201817
202448
202449
202450
202451
202452
202453
202454
202455
202456
202457
202458
202459
203089
203090
203091
203092
203093
203094
203095
203096
203097
203098
203099
203100
203730
203731
203732
203733
203734
203735
203736
203737
203738
203739
203740
204372
204373
204374
204375
204376
204377
204378
204379
204380
204381
205012
205013
205014
205015
205016
205017
205018
205019
205020
205021
205653
205654
205655
205656
205657
205658
205659
205660
206295
206296
206297
206298
206936
206937
206972
207611
208237
208238
208877
208878
209517
209518
209519
210155
210156
210157
210158
210159
210795
210796
210797
210798
210799
211436
211437
211438
211439
213353
213354
213355
213992
