166660
166661
166662
166663
166664
167300
167301
167302
167303
167304
167305
167306
167939
167940
167941
167942
167943
167944
167945
167946
168556
168557
168558
168559
168560
168578
168579
168580
168581
168582
168583
168584
168585
168586
168587
169196
169197
169198
169199
169200
169218
169219
169220
169221
169222
169223
169224
169225
169226
169227
169835
169836
169837
169838
169839
169840
169841
169857
169858
169859
169860
169861
169862
169863
169864
169865
169866
169867
170475
170476
170477
170478
170479
170480
170481
170482
170483
170484
170497
170498
170499
170500
170501
170502
170503
170504
170505
170506
170507
170508
170509
171116
171117
171118
171119
171120
171121
171122
171123
171124
171137
171138
171139
171140
171141
171142
171143
171144
171145
171146
171147
171148
171149
171150
171756
171757
171758
171759
171760
171761
171762
171763
171764
171777
171778
171779
171780
171781
171782
171783
171784
171785
171786
171787
171788
171789
171790
172382
172383
172398
172399
172400
172401
172402
172403
172404
172405
172406
172415
172416
172417
172418
172419
172420
172421
172422
172423
172424
172425
172426
172427
172428
172429
172430
172431
173019
173020
173021
173022
173023
173024
173025
173038
173039
173040
173041
173042
173043
173044
173045
173046
173052
173053
173054
173055
173056
173057
173058
173059
173060
173061
173062
173063
173064
173065
173066
173067
173068
173069
173070
173071
173658
173659
173660
173661
173662
173663
173664
173665
173678
173679
173680
173681
173682
173683
173684
173685
173686
173690
173691
173692
173693
173694
173695
173696
173697
173698
173699
173700
173701
173702
173703
173704
173705
173706
173707
173708
173709
173710
173711
173712
173713
174298
174299
174300
174301
174302
174303
174304
174305
174318
174319
174320
174321
174322
174323
174324
174325
174326
174327
174329
174330
174331
174332
174333
174334
174335
174336
174337
174338
174339
174340
174341
174342
174343
174344
174345
174346
174347
174348
174349
174350
174351
174352
174353
174936
174937
174938
174939
174940
174941
174942
174943
174944
174945
174957
174958
174959
174960
174961
174962
174963
174964
174965
174966
174967
174969
174970
174971
174972
174973
174974
174975
174976
174977
174978
174979
174980
174981
174982
174983
174984
174985
174986
174987
174988
174989
174990
174991
174992
174993
174994
175576
175577
175578
175579
175580
175581
175582
175583
175584
175585
175597
175598
175599
175600
175601
175602
175603
175604
175605
175606
175607
175610
175611
175612
175613
175614
175615
175616
175617
175618
175619
175620
175621
175622
175623
175624
175625
175626
175627
175628
175629
175630
175631
175632
175633
175634
175635
175636
176216
176217
176218
176219
176220
176221
176222
176223
176224
176225
176226
176237
176238
176239
176240
176241
176242
176243
176244
176245
176246
176247
176255
176256
176257
176258
176259
176260
176261
176262
176263
176264
176265
176266
176267
176268
176269
176270
176271
176272
176273
176274
176275
176276
176856
176857
176858
176859
176860
176861
176862
176863
176864
176865
176866
176867
176868
176877
176878
176879
176880
176881
176882
176883
176884
176885
176886
176887
176888
176889
176896
176897
176898
176899
176900
176901
176902
176903
176904
176905
176906
176907
176908
176909
176910
176911
176912
176913
176914
176915
176916
176917
177496
177497
177498
177499
177500
177501
177502
177503
177504
177505
177506
177507
177508
177509
177510
177518
177519
177520
177521
177522
177523
177524
177525
177526
177527
177528
177529
177530
177531
177538
177539
177540
177541
177542
177543
177544
177545
177546
177547
177548
177549
177550
177551
177552
177553
177554
177555
177556
177557
177558
178139
178140
178141
178142
178143
178144
178145
178146
178147
178148
178149
178150
178158
178159
178160
178161
178162
178163
178164
178165
178166
178167
178168
178169
178170
178171
178178
178179
178180
178181
178182
178183
178184
178185
178186
178187
178188
178189
178190
178191
178192
178193
178194
178195
178196
178197
178198
178779
178780
178781
178782
178783
178784
178785
178786
178787
178788
178789
178790
178798
178799
178800
178801
178802
178803
178804
178805
178806
178807
178808
178809
178810
178811
178812
178813
178814
178815
178816
178817
178818
178819
178820
178821
178822
178823
178824
178825
178826
178827
178828
178829
178830
178831
178832
178833
178834
178835
178836
178837
178838
179420
179421
179422
179423
179424
179425
179426
179427
179428
179429
179430
179431
179433
179434
179435
179436
179437
179438
179439
179440
179441
179442
179443
179444
179445
179446
179447
179448
179449
179450
179451
179452
179453
179454
179455
179456
179457
179458
179459
179460
179461
179462
179463
179464
179465
179466
179467
179468
179469
179470
179471
179472
179473
179474
179475
179476
179477
179478
180062
180063
180064
180065
180066
180067
180068
180069
180070
180071
180072
180073
180074
180075
180076
180077
180078
180079
180080
180081
180082
180083
180084
180085
180086
180087
180088
180089
180090
180091
180092
180093
180094
180095
180096
180097
180098
180099
180100
180101
180102
180103
180104
180105
180106
180107
180108
180109
180110
180111
180112
180113
180114
180115
180116
180117
180118
180704
180705
180706
180707
180708
180709
180710
180711
180712
180713
180714
180715
180716
180717
180718
180719
180720
180721
180722
180723
180724
180725
180726
180727
180728
180729
180730
180731
180732
180733
180734
180735
180736
180737
180738
180739
180740
180741
180742
180743
180744
180745
180746
180747
180748
180749
180750
180751
180752
180753
180754
180755
180756
180757
181344
181345
181346
181347
181348
181349
181350
181351
181352
181353
181354
181355
181356
181357
181358
181359
181360
181365
181366
181367
181368
181369
181370
181371
181372
181373
181374
181375
181376
181377
181378
181379
181380
181381
181382
181383
181384
181385
181386
181387
181388
181389
181390
181391
181392
181393
181394
181395
181396
181397
181984
181985
181986
181987
181988
181989
181990
181991
181992
181993
181994
181995
181996
181997
181998
182006
182007
182008
182009
182010
182011
182012
182013
182014
182015
182016
182017
182018
182019
182020
182021
182022
182023
182024
182025
182026
182027
182028
182029
182030
182031
182032
182033
182034
182035
182036
182624
182625
182626
182627
182628
182629
182630
182631
182632
182633
182634
182635
182636
182637
182638
182647
182648
182649
182650
182651
182652
182653
182654
182655
182656
182657
182658
182659
182660
182661
182662
182663
182664
182665
182666
182667
182668
182669
182670
182671
182672
182673
182674
182675
182676
182677
182678
183266
183267
183268
183269
183270
183271
183272
183273
183274
183275
183276
183277
183278
183287
183288
183289
183290
183291
183292
183293
183294
183295
183296
183297
183298
183299
183300
183301
183302
183303
183304
183305
183306
183307
183308
183309
183310
183311
183312
183313
183314
183315
183316
183317
183318
183906
183907
183908
183909
183910
183911
183912
183913
183914
183915
183916
183917
183918
183928
183929
183930
183931
183932
183933
183934
183935
183936
183937
183938
183939
183940
183941
183942
183943
183944
183945
183946
183947
183948
183949
183950
183951
183952
183953
183954
183955
183956
183957
183958
183959
184546
184547
184548
184549
184550
184551
184552
184553
184554
184555
184556
184557
184558
184570
184571
184572
184573
184574
184575
184576
184577
184578
184579
184580
184581
184582
184583
184584
184585
184586
184587
184588
184589
184590
184591
184592
184593
184594
184595
184596
184597
184598
184599
185185
185186
185187
185188
185189
185190
185191
185192
185193
185194
185195
185196
185197
185198
185211
185212
185213
185214
185215
185216
185217
185218
185219
185220
185221
185222
185223
185224
185225
185226
185227
185228
185229
185230
185231
185232
185233
185234
185235
185236
185237
185238
185825
185826
185827
185828
185829
185830
185831
185832
185833
185834
185835
185836
185837
185838
185839
185840
185844
185845
185846
185847
185850
185851
185852
185853
185854
185855
185856
185857
185858
185859
185860
185861
185862
185863
185864
185865
185866
185867
185868
185869
185870
185871
185872
185873
185874
185875
185876
185877
185878
186465
186466
186467
186468
186469
186470
186471
186472
186473
186474
186475
186476
186477
186478
186479
186480
186481
186482
186483
186484
186485
186486
186487
186488
186489
186490
186491
186492
186493
186494
186495
186496
186497
186498
186499
186500
186501
186502
186503
186504
186505
186506
186507
186508
186509
186510
186511
186512
186513
186514
186515
186516
186517
186518
186519
187105
187106
187107
187108
187109
187110
187111
187112
187113
187114
187115
187116
187117
187118
187119
187120
187121
187122
187123
187124
187125
187126
187127
187128
187129
187130
187131
187132
187133
187134
187135
187136
187137
187138
187139
187140
187141
187142
187143
187144
187145
187146
187147
187148
187149
187150
187151
187152
187153
187154
187155
187156
187157
187158
187159
187746
187747
187748
187749
187750
187751
187752
187753
187754
187755
187756
187757
187758
187759
187760
187761
187762
187763
187764
187765
187766
187767
187768
187769
187770
187771
187772
187773
187774
187775
187776
187777
187778
187779
187780
187781
187782
187783
187784
187785
187786
187787
187788
187789
187790
187791
187792
187793
187794
187795
187796
187797
187798
187799
188387
188388
188389
188390
188391
188392
188393
188394
188395
188396
188397
188398
188399
188400
188401
188402
188403
188404
188405
188406
188407
188408
188409
188410
188411
188412
188413
188414
188415
188416
188417
188418
188419
188420
188421
188422
188423
188424
188425
188426
188427
188428
188429
188430
188431
188432
188433
188434
188435
188436
188437
188438
188439
189027
189028
189029
189030
189031
189032
189033
189034
189035
189036
189037
189038
189039
189040
189041
189042
189043
189044
189045
189046
189047
189048
189049
189050
189051
189052
189053
189054
189055
189056
189057
189058
189059
189060
189061
189062
189063
189064
189065
189066
189067
189068
189069
189070
189071
189072
189073
189074
189075
189076
189077
189078
189079
189667
189668
189669
189670
189671
189672
189673
189674
189675
189676
189677
189678
189679
189680
189681
189682
189683
189684
189685
189686
189687
189688
189689
189690
189691
189692
189693
189694
189695
189696
189697
189698
189699
189700
189701
189702
189703
189704
189705
189706
189707
189708
189709
189710
189711
189712
189713
189714
189715
189716
189717
189718
189719
189720
190307
190308
190309
190310
190311
190312
190313
190314
190315
190316
190317
190318
190319
190320
190321
190322
190323
190324
190325
190326
190327
190328
190329
190330
190331
190332
190333
190334
190335
190336
190337
190338
190339
190340
190341
190342
190343
190344
190345
190346
190347
190348
190349
190350
190351
190352
190353
190354
190355
190356
190357
190358
190359
190947
190948
190949
190950
190951
190952
190953
190954
190955
190956
190957
190958
190959
190960
190961
190962
190963
190964
190970
190971
190972
190973
190974
190975
190976
190977
190978
190979
190980
190981
190982
190983
190984
190985
190986
190987
190988
190989
190990
190991
190992
190993
190994
190995
190996
190997
190998
190999
191000
191586
191587
191588
191589
191590
191591
191592
191593
191594
191595
191596
191597
191598
191599
191600
191601
191602
191603
191610
191611
191612
191613
191614
191615
191616
191617
191618
191619
191620
191621
191622
191623
191624
191625
191626
191627
191628
191629
191630
191631
191632
191633
191634
191635
191636
191637
191638
191639
191640
192226
192227
192228
192229
192230
192231
192232
192233
192234
192235
192236
192237
192238
192239
192240
192241
192242
192243
192250
192251
192252
192253
192254
192255
192256
192257
192258
192259
192260
192261
192262
192263
192264
192265
192266
192267
192268
192269
192270
192271
192272
192273
192274
192275
192276
192277
192278
192279
192280
192867
192868
192869
192870
192871
192872
192873
192874
192875
192876
192877
192878
192879
192880
192891
192892
192893
192894
192895
192896
192897
192898
192899
192900
192901
192902
192903
192904
192905
192906
192907
192908
192909
192910
192911
192912
192913
192914
192915
192916
192917
192918
192919
193508
193509
193510
193511
193512
193513
193514
193515
193516
193517
193518
193519
193520
193531
193532
193533
193534
193535
193536
193537
193538
193539
193540
193541
193542
193543
193544
193545
193546
193547
193548
193549
193550
193551
193552
193553
193554
193555
193556
193557
193558
193559
194148
194149
194150
194151
194152
194153
194154
194155
194156
194157
194165
194166
194171
194172
194173
194174
194175
194176
194177
194178
194179
194180
194181
194182
194183
194184
194185
194186
194187
194188
194189
194190
194191
194192
194193
194194
194195
194196
194197
194198
194199
194788
194789
194790
194791
194792
194793
194794
194805
194806
194807
194808
194809
194810
194811
194812
194813
194814
194815
194816
194817
194818
194819
194820
194821
194822
194823
194824
194825
194826
194827
194828
194829
194830
194831
194832
194833
194834
194835
194836
194837
194838
195428
195429
195430
195431
195432
195433
195434
195445
195446
195447
195448
195449
195450
195451
195452
195453
195454
195455
195456
195457
195458
195459
195460
195461
195462
195463
195464
195465
195466
195467
195468
195469
195470
195471
195472
195473
195474
195475
195476
195477
195478
196068
196069
196070
196071
196072
196073
196085
196086
196087
196088
196089
196090
196091
196092
196093
196094
196095
196096
196097
196098
196099
196100
196101
196102
196103
196104
196105
196106
196107
196108
196109
196110
196111
196112
196113
196114
196115
196116
196117
196118
196708
196709
196710
196711
196712
196722
196723
196724
196725
196726
196727
196728
196729
196730
196731
196732
196733
196734
196735
196736
196737
196738
196739
196740
196741
196742
196743
196744
196745
196746
196747
196748
196749
196750
196751
196752
196753
196754
196755
196756
196757
197346
197347
197348
197349
197350
197351
197352
197362
197363
197364
197365
197366
197367
197368
197369
197370
197371
197372
197373
197374
197375
197376
197377
197378
197379
197380
197381
197382
197383
197384
197385
197386
197387
197388
197389
197390
197391
197392
197393
197394
197395
197396
197397
197986
197987
197988
197989
197990
197991
197992
197993
197994
197995
197996
198003
198004
198005
198006
198007
198008
198009
198010
198011
198012
198013
198014
198015
198016
198017
198018
198019
198020
198021
198022
198023
198024
198025
198026
198027
198028
198029
198030
198031
198032
198033
198034
198035
198036
198037
198627
198628
198629
198630
198631
198632
198633
198634
198635
198636
198637
198638
198639
198643
198644
198645
198646
198647
198648
198649
198650
198651
198652
198653
198654
198655
198656
198657
198658
198659
198660
198661
198662
198663
198664
198665
198666
198667
198668
198669
198670
198671
198672
198673
198674
198675
198676
198677
199268
199269
199270
199271
199272
199273
199274
199275
199276
199277
199278
199279
199280
199282
199283
199284
199285
199286
199287
199288
199289
199290
199291
199292
199293
199294
199295
199296
199297
199298
199299
199300
199301
199302
199303
199304
199305
199306
199307
199308
199309
199310
199311
199312
199313
199314
199315
199316
199317
199909
199910
199911
199912
199913
199914
199915
199916
199917
199918
199919
199920
199921
199922
199923
199924
199925
199926
199927
199928
199929
199930
199931
199932
199933
199934
199935
199936
199937
199938
199939
199940
199941
199942
199943
199944
199945
199946
199947
199948
199949
199950
199951
199952
199953
199954
199955
199956
199957
200549
200550
200551
200552
200553
200554
200555
200556
200557
200558
200559
200560
200561
200562
200563
200564
200565
200566
200567
200568
200569
200570
200571
200572
200573
200574
200575
200576
200577
200578
200579
200580
200581
200582
200583
200584
200585
200586
200587
200588
200589
200590
200591
200592
200593
200594
200595
200596
201190
201191
201192
201193
201194
201195
201196
201197
201198
201199
201200
201201
201202
201203
201204
201205
201206
201207
201208
201209
201210
201211
201212
201213
201214
201215
201216
201217
201218
201219
201220
201221
201222
201223
201224
201225
201226
201227
201228
201229
201230
201231
201232
201233
201234
201235
201236
201830
201831
201832
201833
201834
201835
201836
201837
201838
201839
201840
201841
201842
201843
201844
201845
201846
201847
201848
201849
201850
201851
201852
201853
201854
201855
201856
201857
201858
201859
201860
201861
201862
201863
201864
201865
201866
201867
201868
201869
201870
201871
201872
201873
201874
201875
201876
202468
202469
202470
202471
202472
202473
202474
202475
202476
202477
202478
202479
202480
202481
202482
202483
202484
202485
202486
202487
202488
202489
202490
202491
202492
202493
202494
202495
202496
202497
202498
202499
202500
202501
202502
202503
202504
202505
202506
202507
202508
202509
202510
202511
202512
202513
202514
202515
202516
203108
203109
203110
203111
203112
203113
203114
203115
203116
203117
203118
203119
203120
203121
203122
203123
203124
203125
203126
203127
203128
203129
203130
203131
203132
203133
203134
203135
203136
203137
203138
203139
203140
203141
203142
203143
203144
203145
203146
203147
203148
203149
203150
203151
203152
203153
203154
203155
203156
203157
203748
203749
203750
203751
203752
203753
203754
203755
203756
203757
203758
203759
203760
203761
203762
203763
203764
203765
203766
203767
203768
203769
203770
203771
203772
203773
203774
203775
203776
203777
203778
203779
203780
203781
203782
203783
203784
203785
203786
203787
203788
203789
203790
203791
203792
203793
203794
203795
203796
204387
204388
204389
204390
204391
204392
204393
204394
204395
204396
204397
204398
204399
204400
204401
204402
204403
204404
204405
204406
204407
204408
204409
204410
204411
204412
204413
204414
204415
204416
204417
204418
204419
204420
204421
204422
204423
204424
204425
204426
204427
204428
204429
204430
204431
204432
204433
204434
204435
204436
204437
205027
205028
205029
205030
205031
205032
205033
205034
205035
205036
205037
205038
205039
205040
205041
205042
205043
205044
205045
205046
205047
205048
205049
205050
205051
205052
205053
205054
205055
205056
205057
205058
205059
205060
205061
205062
205063
205064
205065
205066
205067
205068
205069
205070
205071
205072
205073
205074
205075
205076
205077
205667
205668
205669
205670
205671
205672
205673
205674
205675
205676
205677
205678
205679
205680
205681
205682
205683
205684
205685
205686
205687
205688
205689
205690
205691
205692
205693
205694
205695
205696
205697
205698
205699
205700
205701
205702
205703
205704
205705
205706
205707
205708
205709
205710
205711
205712
205713
205714
205715
205716
205717
206307
206308
206309
206310
206311
206312
206313
206314
206315
206316
206317
206318
206319
206320
206321
206322
206323
206324
206325
206326
206327
206328
206329
206330
206331
206332
206333
206334
206335
206336
206337
206338
206339
206340
206341
206342
206343
206344
206345
206346
206347
206348
206349
206350
206351
206352
206353
206354
206355
206356
206357
206947
206948
206949
206950
206951
206952
206953
206954
206955
206956
206957
206958
206959
206960
206961
206962
206963
206964
206965
206966
206967
206968
206969
206970
206971
206972
206973
206974
206975
206976
206977
206978
206979
206980
206981
206982
206983
206984
206985
206986
206987
206988
206989
206990
206991
206992
206993
206994
206995
206996
207586
207587
207588
207589
207590
207591
207592
207593
207594
207595
207596
207597
207598
207599
207600
207601
207602
207603
207604
207605
207606
207607
207608
207609
207610
207611
207612
207613
207614
207615
207616
207617
207618
207619
207620
207621
207622
207623
207624
207625
207626
207627
207628
207629
207630
207631
207632
207633
207634
207635
208226
208227
208228
208229
208230
208231
208232
208233
208234
208235
208236
208237
208238
208239
208240
208241
208242
208243
208244
208245
208246
208247
208248
208249
208250
208251
208252
208253
208254
208255
208256
208257
208258
208259
208260
208261
208262
208263
208264
208265
208266
208267
208268
208269
208270
208271
208272
208273
208274
208866
208867
208868
208869
208870
208871
208872
208873
208874
208875
208876
208877
208878
208879
208880
208881
208882
208883
208884
208885
208886
208887
208888
208889
208890
208891
208892
208893
208894
208895
208896
208897
208898
208899
208900
208901
208902
208903
208904
208905
208906
208907
208908
208909
208910
208911
208912
208913
209507
209508
209509
209510
209511
209512
209513
209514
209515
209516
209517
209518
209519
209520
209521
209522
209523
209524
209525
209526
209527
209528
209529
209530
209531
209532
209533
209534
209535
209536
209537
209538
209539
209540
209541
209542
209543
209544
209545
209546
209547
209548
209549
209550
210147
210148
210149
210150
210151
210152
210153
210154
210155
210156
210157
210158
210159
210160
210161
210162
210163
210164
210165
210166
210167
210168
210169
210170
210171
210172
210173
210174
210175
210176
210177
210178
210179
210180
210181
210182
210183
210184
210185
210186
210187
210188
210787
210788
210789
210790
210791
210792
210793
210794
210795
210796
210797
210798
210799
210800
210801
210802
210803
210804
210805
210806
210807
210808
210809
210810
210811
210812
210813
210814
210815
210816
210817
210818
210819
210820
210821
210822
210823
210824
210825
211428
211429
211430
211431
211432
211433
211434
211435
211436
211437
211438
211439
211440
211441
211442
211443
211444
211445
211446
211447
211448
211449
211450
211451
211452
211453
211454
211455
211456
211457
211458
211459
211460
211461
211462
211463
212068
212069
212070
212071
212072
212073
212074
212075
212076
212077
212078
212079
212080
212081
212082
212083
212084
212085
212086
212087
212088
212089
212090
212091
212092
212093
212094
212095
212096
212097
212098
212099
212100
212709
212710
212711
212712
212713
212714
212715
212716
212717
212718
212719
212720
212721
212722
212723
212724
212725
212726
212727
212728
212729
212730
212731
212732
212733
212734
212735
212736
212737
213349
213350
213351
213352
213353
213354
213355
213356
213357
213358
213359
213360
213361
213362
213363
213364
213365
213366
213367
213368
213369
213370
213371
213372
213373
213374
213989
213990
213991
213992
213993
213994
213995
213996
213997
213998
213999
214000
214001
214002
214003
214004
214005
214006
214007
214008
214009
214629
214630
214631
214632
214633
214634
214635
214636
214637
214638
214639
214640
214641
214642
214643
215270
215271
215272
215273
215274
215275
215276
215277
215278
215279
215910
215911
215912
215913
215914
215915
215916
