163460
163461
163462
164099
164100
164101
164102
164103
164104
164739
164740
164741
164742
164743
164744
164745
165378
165379
165380
165381
165382
165383
165384
165385
165386
165387
166018
166019
166020
166021
166022
166023
166024
166025
166026
166027
166028
166657
166658
166659
166660
166661
166662
166663
166664
166665
166666
166667
166668
166669
166670
167296
167297
167298
167299
167300
167301
167302
167303
167304
167305
167306
167307
167308
167309
167310
167311
167312
167930
167931
167932
167933
167936
167937
167938
167939
167940
167941
167942
167943
167944
167945
167946
167947
167948
167949
167950
167951
167952
167953
167954
168566
168567
168568
168569
168570
168571
168572
168573
168574
168576
168577
168578
168579
168580
168581
168582
168583
168584
168585
168586
168587
168588
168589
168590
168591
168592
168593
168594
168595
169205
169206
169207
169208
169209
169210
169211
169212
169213
169214
169215
169216
169217
169218
169219
169220
169221
169222
169223
169224
169225
169226
169227
169228
169229
169230
169231
169232
169233
169234
169235
169236
169845
169846
169847
169848
169849
169850
169851
169852
169853
169854
169855
169856
169857
169858
169859
169860
169861
169862
169863
169864
169865
169866
169867
169868
169869
169870
169871
169872
169873
169874
169875
169876
169877
170483
170484
170485
170486
170487
170488
170489
170490
170491
170492
170493
170494
170495
170496
170497
170498
170499
170500
170501
170502
170503
170504
170505
170506
170507
170508
170509
170510
170511
170512
170513
170514
170515
170516
170517
170518
171123
171124
171125
171126
171127
171128
171129
171130
171131
171132
171133
171134
171135
171136
171137
171138
171139
171140
171141
171142
171143
171144
171145
171146
171147
171148
171149
171150
171151
171152
171153
171154
171155
171156
171157
171158
171159
171160
171763
171764
171765
171766
171767
171768
171769
171770
171771
171772
171773
171774
171775
171776
171777
171778
171779
171780
171781
171782
171783
171784
171785
171786
171787
171788
171789
171790
171791
171792
171793
171794
171795
171796
171797
171798
171799
171800
171801
172408
172409
172410
172411
172412
172413
172414
172415
172416
172417
172418
172419
172420
172421
172422
172423
172424
172425
172426
172427
172428
172429
172430
172431
172432
172433
172434
172435
172436
172437
172438
172439
172440
172441
173050
173051
173052
173053
173054
173055
173056
173057
173058
173059
173060
173061
173062
173063
173064
173065
173066
173067
173068
173069
173070
173071
173072
173073
173074
173075
173076
173077
173078
173079
173080
173081
173690
173691
173692
173693
173694
173695
173696
173697
173698
173699
173700
173701
173702
173703
173704
173705
173706
173707
173708
173709
173710
173711
173712
173713
173714
173715
173716
173717
173718
173719
173720
173721
173722
174330
174331
174332
174333
174334
174335
174336
174337
174338
174339
174340
174341
174342
174343
174344
174345
174346
174347
174348
174349
174350
174351
174352
174353
174354
174355
174356
174357
174358
174359
174360
174361
174362
174363
174969
174970
174971
174972
174973
174974
174975
174976
174977
174978
174979
174980
174981
174982
174983
174984
174985
174986
174987
174988
174989
174990
174991
174992
174993
174994
174995
174996
174997
174998
174999
175000
175001
175002
175003
175609
175610
175611
175612
175613
175614
175615
175616
175617
175618
175619
175620
175621
175622
175623
175624
175625
175626
175627
175628
175629
175630
175631
175632
175633
175634
175635
175636
175637
175638
175639
175640
175641
175642
175643
176249
176250
176251
176252
176253
176254
176255
176256
176257
176258
176259
176260
176261
176262
176263
176264
176265
176266
176267
176268
176269
176270
176271
176272
176273
176274
176275
176276
176277
176278
176279
176280
176281
176282
176869
176870
176871
176892
176893
176894
176895
176896
176897
176898
176899
176900
176901
176902
176903
176904
176905
176906
176907
176908
176909
176910
176911
176912
176913
176914
176915
176916
176917
176918
176919
176920
176921
176922
177509
177510
177511
177537
177538
177539
177540
177541
177542
177543
177544
177545
177546
177547
177548
177549
177550
177551
177552
177553
177554
177555
177556
177557
177558
177559
177560
177561
178147
178148
178149
178150
178151
178179
178180
178181
178182
178183
178184
178185
178186
178187
178188
178189
178190
178191
178192
178193
178194
178195
178196
178197
178198
178199
178200
178201
178783
178784
178786
178787
178788
178789
178790
178791
178819
178820
178821
178822
178823
178824
178825
178826
178827
178828
178829
178830
178831
178832
178833
178834
178835
178836
178837
178838
178839
178840
178841
179422
179423
179424
179425
179426
179427
179428
179429
179430
179431
179432
179433
179434
179459
179460
179461
179462
179463
179464
179465
179466
179467
179468
179469
179470
179471
179472
179473
179474
179475
179476
179477
179478
179479
179480
179481
180062
180063
180064
180065
180066
180067
180068
180069
180070
180071
180072
180073
180074
180075
180076
180100
180101
180102
180103
180104
180106
180107
180108
180109
180110
180111
180112
180113
180114
180115
180116
180117
180118
180119
180120
180121
180704
180705
180706
180707
180708
180709
180710
180711
180712
180713
180714
180715
180716
180741
180742
180743
180746
180747
180748
180749
180750
180751
180752
180753
180754
180755
180756
180757
180758
180759
180760
180761
180762
180763
181344
181345
181346
181347
181348
181349
181350
181351
181352
181353
181354
181355
181356
181389
181390
181391
181392
181393
181394
181395
181396
181397
181398
181399
181400
181401
181402
181403
181404
181405
181986
181987
181988
181989
181990
181991
181992
181993
181994
181995
181996
182029
182030
182031
182032
182033
182034
182035
182036
182037
182038
182039
182040
182041
182042
182043
182044
182045
182626
182627
182628
182629
182630
182631
182632
182633
182634
182635
182636
182669
182670
182671
182672
182673
182674
182675
182676
182677
182678
182679
182680
182681
182682
182683
182684
182685
183268
183269
183270
183271
183272
183273
183274
183275
183276
183277
183313
183314
183315
183316
183317
183318
183319
183320
183321
183322
183323
183324
183909
183910
183911
183912
183913
183914
183915
183916
183917
183952
183953
183954
183955
183956
183957
183958
183959
183960
183961
183962
183963
183964
184549
184550
184551
184552
184553
184554
184555
184556
184557
184558
184559
184592
184593
184594
184595
184596
184597
184598
184599
184600
184601
184602
184603
184604
185190
185191
185192
185193
185194
185195
185196
185197
185198
185199
185234
185235
185236
185237
185238
185239
185240
185241
185242
185243
185244
185831
185832
185833
185834
185835
185836
185837
185838
185839
185873
185874
185875
185876
185877
185878
185879
185880
185881
185882
185883
185884
186473
186474
186475
186476
186477
186478
186479
186480
186481
186482
186513
186514
186515
186516
186517
186518
186519
186520
186521
186522
186523
187113
187114
187115
187116
187117
187118
187119
187120
187121
187122
187123
187152
187153
187154
187155
187156
187157
187158
187159
187160
187161
187162
187163
187754
187755
187756
187757
187758
187759
187760
187761
187762
187763
187790
187791
187792
187793
187794
187795
187796
187797
187798
187799
187800
187801
187802
187803
188394
188395
188396
188397
188398
188399
188400
188401
188430
188431
188432
188433
188434
188435
188436
188437
188438
188439
188440
188441
188442
188443
189036
189037
189038
189039
189040
189041
189069
189070
189071
189072
189073
189074
189075
189076
189077
189078
189079
189080
189081
189082
189677
189678
189679
189680
189681
189682
189708
189709
189710
189711
189712
189713
189714
189715
189716
189717
189718
189719
189720
189721
189722
190315
190316
190317
190318
190319
190320
190321
190322
190347
190348
190349
190350
190351
190352
190353
190354
190355
190356
190357
190358
190359
190360
190361
190362
190955
190956
190957
190958
190959
190960
190961
190962
190966
190967
190968
190969
190970
190971
190972
190973
190987
190988
190989
190990
190991
190992
190993
190994
190995
190996
190997
190998
190999
191000
191001
191002
191003
191597
191598
191599
191600
191601
191606
191607
191608
191609
191610
191611
191612
191613
191626
191627
191628
191629
191630
191631
191632
191633
191634
191635
191636
191637
191638
191639
191640
191641
191642
191643
192237
192238
192239
192240
192241
192246
192247
192248
192249
192250
192251
192252
192253
192254
192260
192261
192266
192267
192268
192269
192270
192271
192272
192273
192274
192275
192276
192277
192278
192279
192280
192281
192282
192283
192284
192876
192877
192878
192879
192880
192881
192882
192883
192886
192887
192888
192889
192890
192891
192892
192893
192894
192900
192901
192905
192906
192907
192908
192909
192910
192911
192912
192913
192914
192915
192916
192917
192918
192919
192920
192921
192922
192923
192924
193516
193517
193518
193519
193520
193521
193522
193523
193524
193525
193528
193529
193530
193531
193532
193533
193534
193535
193536
193538
193539
193540
193541
193542
193543
193544
193545
193546
193547
193548
193549
193550
193551
193552
193553
193554
193555
193556
193557
193558
193559
193560
193561
193562
193563
194156
194157
194158
194159
194160
194161
194162
194163
194164
194165
194170
194171
194172
194173
194174
194175
194176
194177
194178
194179
194180
194181
194182
194183
194184
194185
194186
194187
194188
194189
194190
194191
194192
194193
194194
194195
194196
194197
194198
194199
194200
194201
194202
194792
194793
194794
194795
194796
194797
194798
194799
194800
194801
194802
194803
194804
194812
194813
194814
194815
194816
194817
194818
194819
194820
194821
194822
194823
194824
194825
194826
194827
194828
194829
194830
194831
194832
194833
194834
194835
194836
194837
194838
194839
194840
194841
194842
194843
195432
195433
195434
195435
195436
195437
195438
195439
195440
195441
195442
195443
195444
195452
195453
195454
195455
195456
195457
195458
195459
195460
195461
195462
195463
195464
195465
195466
195467
195468
195469
195470
195471
195472
195473
195474
195475
195476
195477
195478
195479
195480
195481
195482
195483
196072
196073
196074
196075
196076
196077
196078
196079
196080
196081
196082
196083
196084
196092
196093
196094
196095
196096
196097
196098
196099
196100
196101
196102
196103
196104
196105
196106
196107
196108
196109
196110
196111
196112
196113
196114
196115
196116
196117
196118
196119
196120
196121
196712
196713
196714
196715
196716
196717
196718
196719
196720
196721
196722
196723
196724
196732
196733
196734
196735
196736
196737
196738
196739
196740
196741
196742
196743
196744
196745
196746
196747
196748
196749
196750
196751
196752
196753
196754
196755
196756
196757
196758
196759
196760
196761
197353
197354
197355
197356
197357
197358
197359
197360
197361
197362
197363
197372
197373
197374
197375
197376
197377
197378
197379
197380
197381
197382
197383
197384
197385
197386
197387
197388
197389
197390
197391
197392
197393
197394
197395
197396
197397
197398
197399
197400
197401
197997
197998
197999
198000
198001
198002
198003
198013
198014
198015
198016
198017
198018
198019
198020
198021
198022
198023
198024
198025
198026
198027
198028
198029
198030
198031
198032
198033
198034
198035
198036
198037
198038
198039
198040
198041
198637
198638
198639
198642
198643
198653
198654
198655
198656
198657
198658
198659
198660
198661
198662
198663
198664
198665
198666
198667
198668
198669
198670
198671
198672
198673
198674
198675
198676
198677
198678
198679
198680
198681
199293
199294
199295
199296
199297
199298
199299
199300
199301
199302
199303
199304
199305
199306
199307
199308
199309
199310
199311
199312
199313
199314
199315
199316
199317
199318
199319
199320
199321
199936
199937
199938
199939
199940
199941
199942
199943
199944
199945
199946
199947
199948
199949
199950
199951
199952
199953
199954
199955
199956
199957
199958
199959
199960
199961
200576
200577
200578
200579
200580
200581
200582
200583
200584
200585
200586
200587
200588
200589
200590
200591
200592
200593
200594
200595
200596
200597
200598
200599
200600
200601
200602
201215
201216
201217
201218
201219
201220
201221
201222
201223
201224
201225
201226
201227
201228
201229
201230
201231
201232
201233
201234
201235
201236
201237
201238
201239
201240
201241
201855
201856
201857
201858
201859
201860
201861
201862
201863
201864
201865
201866
201867
201868
201869
201870
201871
201872
201873
201874
201875
201876
201877
201878
201879
201880
201881
201882
202494
202495
202496
202497
202498
202499
202500
202501
202502
202503
202504
202505
202506
202507
202508
202509
202510
202511
202512
202513
202514
202515
202516
202517
202518
202519
202520
202521
203119
203120
203121
203122
203123
203134
203135
203136
203137
203138
203139
203140
203141
203142
203143
203144
203145
203146
203147
203148
203149
203150
203151
203152
203153
203154
203155
203156
203157
203158
203159
203160
203161
203759
203760
203761
203762
203763
203764
203768
203769
203775
203776
203777
203778
203779
203780
203781
203782
203783
203784
203785
203786
203787
203788
203789
203790
203791
203792
203793
203794
203795
203796
203797
203798
203799
203800
203801
204386
204387
204388
204389
204390
204399
204400
204401
204402
204403
204404
204408
204409
204417
204418
204419
204420
204421
204422
204423
204424
204425
204426
204427
204428
204429
204430
204431
204432
204433
204434
204435
204436
204437
204438
204439
204440
205026
205027
205028
205029
205030
205039
205040
205041
205042
205043
205044
205045
205047
205048
205049
205050
205057
205058
205059
205060
205061
205062
205063
205064
205065
205066
205067
205068
205069
205070
205071
205072
205073
205074
205075
205076
205077
205078
205079
205080
205666
205667
205668
205669
205670
205681
205682
205683
205684
205685
205686
205687
205688
205689
205690
205697
205698
205699
205700
205701
205702
205703
205704
205705
205706
205707
205708
205709
205710
205711
205712
205713
205714
205715
205716
205717
205718
205719
206306
206307
206308
206309
206310
206321
206322
206323
206324
206325
206326
206327
206328
206329
206330
206339
206340
206341
206342
206343
206344
206345
206346
206347
206348
206349
206350
206351
206352
206353
206354
206355
206356
206357
206358
206944
206945
206946
206947
206948
206949
206950
206961
206962
206963
206964
206965
206966
206967
206968
206969
206970
206978
206979
206980
206981
206982
206983
206984
206985
206986
206987
206988
206989
206990
206991
206992
206993
206994
206995
206996
207584
207585
207586
207587
207588
207589
207590
207591
207592
207595
207596
207601
207602
207603
207604
207605
207606
207607
207608
207609
207610
207617
207618
207619
207620
207621
207622
207623
207624
207625
207626
207627
207628
207629
207630
207631
207632
207633
207634
208226
208227
208228
208229
208230
208231
208232
208235
208236
208243
208244
208245
208246
208247
208248
208257
208258
208259
208260
208261
208262
208263
208264
208265
208266
208267
208268
208269
208270
208271
208272
208273
208866
208867
208868
208869
208870
208871
208872
208875
208876
208882
208883
208884
208885
208886
208897
208898
208899
208900
208901
208902
208903
208904
208905
208906
208907
208908
208909
208910
208911
209507
209508
209509
209510
209511
209512
209513
209514
209515
209516
209517
209520
209521
209522
209523
209524
209525
209526
209536
209537
209538
209539
209540
209541
209542
209543
209544
209545
209546
209547
209548
209549
209550
210148
210149
210150
210151
210152
210153
210154
210155
210156
210157
210158
210159
210160
210161
210162
210163
210164
210165
210166
210175
210176
210177
210178
210179
210180
210181
210182
210183
210184
210185
210186
210187
210188
210189
210789
210790
210791
210792
210793
210794
210795
210796
210797
210798
210799
210800
210801
210802
210803
210804
210805
210806
210807
210815
210816
210817
210818
210819
210820
210821
210822
210823
210824
210825
210826
210827
211431
211432
211433
211434
211435
211436
211437
211438
211439
211440
211441
211442
211443
211444
211445
211446
211447
211448
211449
211450
211455
211456
211457
211458
211459
211460
211461
211462
211463
211464
211465
212072
212073
212074
212075
212076
212077
212078
212079
212080
212081
212082
212083
212084
212085
212086
212087
212088
212089
212090
212096
212097
212098
212099
212100
212101
212102
212713
212714
212715
212716
212717
212718
212719
212720
212721
212722
212723
212724
212725
212726
212727
212728
212729
212730
212736
212737
212738
212739
212740
212741
213354
213355
213356
213357
213358
213359
213360
213361
213362
213363
213364
213365
213366
213367
213368
213369
213370
213371
213372
213373
213374
213375
213376
213377
213378
213379
213380
213997
213998
213999
214000
214001
214002
214003
214004
214005
214006
214007
214008
214009
214010
214011
214012
214013
214014
214015
214016
214017
214638
214639
214640
214641
214642
214643
214644
214645
214646
214647
214648
214649
214650
214651
214652
214653
214654
214655
215280
215281
215282
215283
215284
215285
215286
215287
215288
215289
215290
215291
215292
215293
215921
215922
215923
215924
215925
215926
215927
215928
215929
215930
215931
216563
216564
216565
216566
216567
216568
216569
