159624
159625
159626
159627
159628
160251
160252
160253
160254
160255
160256
160257
160258
160259
160260
160264
160265
160266
160267
160268
160891
160892
160893
160894
160895
160896
160897
160898
160899
160900
160901
160902
160903
160904
160905
160906
160907
160908
160909
161532
161533
161534
161535
161536
161537
161538
161539
161540
161541
161542
161543
161544
161545
161546
161547
161548
161549
162172
162173
162174
162175
162176
162177
162178
162179
162180
162181
162182
162183
162184
162185
162186
162187
162188
162189
162812
162813
162814
162815
162816
162817
162818
162819
162820
162821
162822
162823
162824
162825
162826
162827
162828
162829
162833
162834
162835
163453
163454
163455
163456
163457
163458
163459
163460
163461
163462
163463
163464
163465
163466
163467
163468
163469
163470
163471
163472
163473
163474
163475
163476
163477
164095
164096
164097
164098
164099
164100
164101
164102
164103
164104
164105
164106
164107
164108
164109
164110
164111
164112
164113
164114
164115
164116
164117
164730
164731
164732
164735
164736
164739
164740
164741
164742
164743
164744
164745
164746
164747
164748
164749
164750
164751
164752
164753
164754
164755
164756
164757
165370
165371
165372
165373
165379
165380
165381
165382
165383
165384
165385
165386
165387
165388
165389
165390
165391
165392
165393
165394
165395
165396
165397
166008
166009
166010
166011
166012
166013
166018
166019
166020
166021
166022
166023
166024
166025
166026
166027
166028
166029
166030
166031
166032
166033
166034
166035
166036
166037
166038
166648
166649
166650
166651
166652
166653
166654
166655
166658
166659
166660
166661
166662
166663
166664
166665
166666
166667
166668
166669
166670
166671
166672
166673
166674
166675
166676
166677
166678
167288
167289
167290
167291
167292
167293
167294
167295
167296
167297
167298
167299
167300
167301
167302
167303
167304
167305
167306
167307
167308
167309
167310
167311
167312
167313
167314
167315
167316
167317
167323
167324
167930
167931
167932
167933
167934
167935
167936
167937
167938
167939
167940
167941
167942
167943
167944
167945
167946
167947
167948
167949
167950
167951
167952
167953
167961
167962
167963
167964
168569
168570
168571
168572
168573
168574
168575
168576
168577
168578
168579
168580
168581
168582
168583
168584
168585
168586
168587
168588
168589
168590
168591
168592
168593
168599
168600
168601
168602
168603
168604
168605
169207
169208
169209
169210
169211
169212
169213
169214
169215
169216
169217
169218
169219
169220
169221
169222
169223
169224
169225
169226
169227
169228
169229
169230
169231
169232
169233
169239
169240
169241
169242
169243
169244
169245
169246
169247
169248
169847
169848
169849
169850
169851
169852
169853
169854
169855
169856
169857
169858
169859
169860
169861
169862
169863
169864
169865
169866
169867
169868
169869
169870
169871
169872
169878
169879
169880
169881
169882
169883
169884
169885
169886
169887
169888
170487
170488
170489
170492
170493
170494
170495
170496
170497
170498
170499
170500
170501
170502
170503
170508
170509
170510
170511
170512
170518
170519
170520
170521
170522
170523
170524
170525
170526
170527
170528
171127
171128
171129
171132
171133
171134
171135
171136
171137
171138
171139
171140
171141
171142
171143
171150
171151
171158
171159
171160
171161
171162
171163
171164
171165
171166
171167
171168
171773
171774
171775
171776
171777
171778
171779
171780
171781
171782
171783
171790
171791
171798
171799
171800
171801
171802
171803
171804
171805
171806
171807
171808
171809
172415
172416
172417
172418
172419
172436
172437
172438
172439
172440
172441
172442
172443
172444
172445
172446
172447
172448
172449
173055
173056
173057
173058
173059
173067
173068
173069
173076
173077
173078
173079
173080
173081
173082
173083
173084
173085
173086
173087
173088
173089
173090
173696
173697
173698
173699
173705
173706
173707
173708
173709
173710
173711
173715
173716
173717
173718
173719
173720
173721
173722
173723
173724
173725
173726
173727
173728
173729
173730
173731
174337
174338
174339
174345
174346
174347
174348
174349
174350
174351
174352
174353
174354
174355
174356
174357
174358
174359
174360
174361
174362
174363
174364
174365
174366
174367
174368
174369
174370
174371
174977
174978
174979
174980
174981
174982
174983
174984
174985
174986
174987
174988
174989
174990
174991
174992
174993
174994
174995
174996
174997
174998
174999
175000
175001
175002
175003
175004
175005
175006
175007
175008
175009
175617
175618
175619
175620
175621
175622
175623
175624
175625
175626
175627
175628
175629
175630
175631
175632
175633
175634
175635
175636
175637
175638
175639
175640
175641
175642
175643
175644
175645
175646
175647
175648
175649
176259
176260
176261
176262
176263
176264
176265
176266
176267
176268
176269
176270
176271
176272
176273
176274
176275
176276
176277
176278
176279
176280
176281
176282
176283
176284
176285
176286
176287
176288
176289
176899
176900
176901
176902
176903
176904
176905
176906
176907
176908
176909
176910
176911
176912
176913
176914
176915
176916
176917
176918
176919
176920
176921
176922
176923
176924
176925
176926
176927
176928
177538
177539
177540
177541
177542
177543
177544
177545
177546
177547
177548
177549
177550
177551
177552
177553
177554
177555
177556
177557
177558
177559
177560
177561
177562
177563
177564
177565
177566
177567
177568
178178
178179
178180
178181
178182
178183
178184
178185
178186
178187
178188
178189
178190
178191
178192
178193
178194
178195
178196
178197
178198
178199
178200
178201
178202
178203
178204
178205
178206
178207
178208
178819
178820
178821
178822
178823
178824
178825
178826
178827
178828
178829
178830
178831
178832
178833
178834
178835
178836
178837
178838
178839
178840
178841
178842
178843
178844
178845
178846
178847
178848
179459
179460
179461
179462
179463
179464
179465
179466
179467
179468
179469
179470
179471
179472
179473
179474
179475
179476
179477
179478
179479
179480
179481
179482
179483
179484
179485
179486
179487
180096
180097
180098
180099
180100
180101
180102
180103
180104
180105
180106
180107
180108
180109
180110
180111
180112
180113
180114
180115
180116
180117
180118
180119
180120
180121
180122
180123
180124
180125
180126
180127
180735
180736
180737
180738
180739
180740
180741
180742
180743
180744
180745
180746
180747
180748
180749
180750
180751
180752
180753
180754
180755
180756
180757
180758
180759
180760
180761
180762
180763
180764
180765
180766
180767
180768
181375
181376
181377
181378
181379
181380
181381
181382
181383
181384
181385
181386
181387
181388
181389
181390
181391
181392
181393
181394
181395
181396
181397
181398
181399
181400
181401
181402
181403
181404
181405
181406
181407
181408
182014
182015
182016
182017
182018
182019
182020
182021
182022
182023
182024
182025
182026
182027
182028
182029
182030
182031
182032
182033
182034
182035
182036
182037
182038
182039
182040
182041
182042
182043
182044
182045
182046
182047
182048
182654
182655
182656
182657
182658
182659
182660
182661
182662
182663
182664
182665
182666
182667
182668
182669
182670
182671
182672
182673
182674
182675
182676
182677
182678
182679
182680
182681
182682
182683
182684
182685
182686
182687
182688
183293
183294
183295
183296
183297
183298
183299
183300
183301
183302
183303
183304
183305
183306
183307
183308
183309
183310
183311
183312
183313
183314
183315
183316
183317
183318
183319
183320
183321
183322
183323
183324
183325
183326
183327
183933
183934
183935
183936
183937
183938
183939
183940
183941
183942
183943
183944
183945
183946
183947
183948
183949
183950
183951
183952
183953
183954
183955
183956
183957
183958
183959
183960
183961
183962
183963
183964
183965
183966
183967
184573
184574
184575
184576
184577
184578
184579
184580
184581
184582
184583
184584
184585
184586
184587
184588
184589
184590
184591
184592
184593
184594
184595
184596
184597
184598
184599
184600
184601
184602
184603
184604
184605
184606
184607
185214
185215
185216
185217
185218
185219
185220
185221
185222
185223
185224
185225
185226
185227
185228
185229
185230
185231
185232
185233
185234
185235
185236
185237
185238
185239
185240
185241
185242
185243
185244
185245
185246
185247
185855
185856
185857
185858
185859
185860
185861
185862
185863
185864
185865
185866
185867
185868
185869
185870
185871
185872
185873
185874
185875
185876
185877
185878
185879
185880
185881
185882
185883
185884
185885
185886
185887
186496
186497
186498
186499
186500
186501
186502
186503
186504
186505
186506
186507
186508
186509
186510
186511
186512
186513
186514
186515
186516
186517
186518
186519
186520
186521
186522
186523
186524
186525
186526
186527
186528
187136
187137
187138
187139
187140
187141
187142
187143
187144
187145
187146
187147
187148
187149
187150
187151
187152
187153
187154
187155
187156
187157
187158
187159
187160
187161
187162
187163
187164
187165
187166
187167
187168
187169
187776
187777
187778
187779
187780
187781
187782
187783
187784
187785
187786
187787
187788
187789
187790
187791
187792
187793
187794
187795
187796
187797
187798
187799
187800
187801
187802
187803
187804
187805
187806
187807
187808
188416
188417
188418
188419
188420
188421
188422
188423
188424
188425
188426
188427
188428
188429
188430
188431
188432
188433
188434
188435
188436
188437
188438
188439
188440
188441
188442
188443
188444
188445
188446
188447
188448
189056
189057
189058
189059
189060
189061
189062
189063
189064
189065
189066
189067
189068
189069
189070
189071
189072
189073
189074
189075
189076
189077
189078
189079
189080
189081
189082
189083
189084
189085
189086
189087
189088
189698
189699
189700
189701
189702
189703
189704
189705
189706
189707
189708
189709
189710
189711
189712
189713
189714
189715
189716
189717
189718
189719
189720
189721
189722
189723
189724
189725
189726
189727
189728
190337
190338
190339
190340
190341
190342
190343
190344
190345
190346
190347
190348
190349
190350
190351
190352
190353
190354
190355
190356
190357
190358
190359
190360
190361
190362
190363
190364
190365
190366
190367
190368
190977
190978
190979
190980
190981
190982
190983
190984
190985
190986
190987
190988
190989
190990
190991
190992
190993
190994
190995
190996
190997
190998
190999
191000
191001
191002
191003
191004
191005
191006
191007
191008
191616
191617
191618
191619
191620
191621
191622
191623
191624
191625
191626
191627
191628
191629
191630
191631
191632
191633
191634
191635
191636
191637
191638
191639
191640
191641
191642
191643
191644
191645
191646
191647
191648
192256
192257
192258
192259
192260
192261
192262
192263
192264
192265
192266
192267
192268
192269
192270
192271
192272
192273
192274
192275
192276
192277
192278
192279
192280
192281
192282
192283
192284
192285
192286
192287
192288
192289
192889
192890
192896
192897
192898
192899
192900
192901
192902
192903
192904
192905
192906
192907
192908
192909
192910
192911
192912
192913
192914
192915
192916
192917
192918
192919
192920
192921
192922
192923
192924
192925
192926
192927
192928
192929
192930
193528
193529
193530
193531
193532
193533
193534
193536
193537
193538
193539
193540
193541
193542
193543
193544
193545
193546
193547
193548
193549
193550
193551
193552
193553
193554
193555
193556
193557
193558
193559
193560
193561
193562
193563
193564
193565
193566
193567
193568
193569
193570
194168
194169
194170
194171
194172
194173
194174
194175
194176
194177
194178
194179
194180
194181
194182
194183
194184
194185
194186
194187
194188
194189
194190
194191
194192
194193
194194
194195
194196
194197
194198
194199
194200
194201
194202
194203
194204
194205
194206
194207
194208
194209
194210
194807
194808
194809
194810
194811
194812
194813
194814
194815
194816
194817
194818
194819
194820
194821
194822
194823
194824
194825
194826
194827
194828
194829
194830
194831
194832
194833
194834
194835
194836
194837
194838
194839
194840
194841
194842
194843
194844
194845
194846
194847
194848
194849
194850
195447
195448
195449
195450
195451
195452
195453
195454
195455
195456
195457
195458
195459
195460
195461
195462
195463
195464
195465
195466
195467
195468
195469
195470
195471
195472
195473
195474
195475
195476
195477
195478
195479
195480
195481
195482
195483
195484
195485
195486
195487
195488
195489
195490
196087
196088
196089
196090
196091
196092
196093
196094
196095
196096
196097
196098
196099
196100
196101
196102
196103
196104
196105
196106
196107
196108
196109
196110
196111
196112
196113
196114
196115
196116
196117
196118
196119
196120
196121
196122
196123
196124
196125
196126
196127
196128
196129
196130
196727
196728
196729
196730
196731
196732
196733
196734
196735
196736
196737
196738
196739
196740
196741
196742
196743
196744
196745
196746
196747
196748
196749
196750
196751
196752
196753
196754
196755
196756
196757
196758
196759
196760
196761
196762
196763
196764
196765
196766
196767
196768
196769
196770
197370
197371
197372
197373
197374
197375
197376
197377
197378
197379
197380
197381
197382
197383
197384
197385
197386
197387
197388
197389
197390
197391
197392
197393
197394
197395
197396
197397
197398
197399
197400
197401
197402
197403
197404
197405
197406
197407
197408
198010
198011
198012
198013
198014
198015
198016
198017
198018
198019
198020
198021
198022
198023
198024
198025
198026
198027
198028
198029
198030
198031
198032
198033
198034
198035
198036
198037
198038
198039
198040
198041
198042
198043
198044
198045
198046
198047
198048
198651
198652
198653
198654
198655
198656
198657
198658
198659
198660
198661
198662
198663
198664
198665
198666
198667
198668
198669
198670
198671
198672
198673
198674
198675
198676
198677
198678
198679
198680
198681
198682
198683
198684
198685
198686
198687
198688
199291
199292
199293
199294
199295
199296
199297
199298
199299
199300
199301
199302
199303
199304
199305
199306
199307
199308
199309
199310
199311
199312
199313
199314
199315
199316
199317
199318
199319
199320
199321
199322
199323
199324
199325
199326
199327
199328
199931
199932
199933
199934
199935
199936
199937
199938
199939
199940
199941
199942
199943
199944
199945
199946
199947
199948
199949
199950
199951
199952
199953
199954
199955
199956
199957
199958
199959
199960
199961
199962
199963
199964
199965
199966
199967
200571
200572
200573
200574
200575
200576
200577
200578
200579
200580
200581
200582
200583
200584
200585
200586
200587
200588
200589
200590
200591
200592
200593
200594
200595
200596
200597
200598
200599
200600
200601
200602
200603
200604
200605
200606
200607
201213
201214
201215
201216
201217
201218
201219
201220
201221
201222
201223
201224
201225
201226
201227
201228
201229
201230
201231
201232
201233
201234
201235
201236
201237
201238
201239
201240
201241
201242
201243
201244
201245
201246
201247
201854
201855
201856
201857
201858
201859
201860
201861
201862
201863
201864
201865
201866
201867
201868
201869
201870
201871
201872
201873
201874
201875
201876
201877
201878
201879
201880
201881
201882
201883
201884
201885
201886
201887
202494
202495
202496
202497
202498
202499
202500
202501
202502
202503
202504
202505
202506
202507
202508
202509
202510
202511
202512
202513
202514
202515
202516
202517
202518
202519
202520
202521
202522
202523
202524
202525
202526
202527
203136
203137
203138
203139
203140
203141
203142
203143
203144
203145
203146
203147
203148
203149
203150
203151
203152
203153
203154
203155
203156
203157
203158
203159
203160
203161
203162
203163
203164
203165
203166
203777
203778
203779
203780
203781
203782
203783
203784
203785
203786
203787
203788
203789
203790
203791
203792
203793
203794
203795
203796
203797
203798
203799
203800
203801
203802
203803
203804
203805
204417
204418
204419
204420
204421
204422
204423
204424
204425
204426
204427
204428
204429
204430
204431
204432
204433
204434
204435
204436
204437
204438
204439
204440
204441
204442
204443
204444
205057
205058
205059
205060
205061
205062
205063
205064
205065
205066
205067
205068
205069
205070
205071
205072
205073
205074
205075
205076
205077
205078
205079
205080
205081
205082
205697
205698
205699
205700
205701
205702
205703
205704
205705
205706
205707
205708
205709
205710
205711
205712
205713
205714
205715
205716
205717
205718
205719
206337
206338
206339
206340
206341
206342
206343
206344
206345
206346
206347
206348
206349
206350
206351
206352
206353
206354
206355
206356
206357
206978
206979
206980
206981
206982
206983
206984
206985
206986
206987
206988
206989
206990
206991
206992
206993
206994
207619
207620
207621
207622
207623
207624
207625
207626
207627
207628
207629
207630
207631
207632
208262
208263
208264
208265
208266
208267
208268
208269
