155773
155774
155775
155776
155777
156411
156412
156413
156414
156415
156416
156417
157041
157042
157049
157050
157051
157052
157053
157054
157055
157056
157057
157058
157059
157681
157682
157683
157684
157685
157688
157689
157690
157691
157692
157693
157694
157695
157696
157697
157698
157699
157700
157701
158321
158322
158323
158324
158325
158328
158329
158330
158331
158332
158333
158334
158335
158336
158337
158338
158339
158340
158341
158960
158961
158962
158963
158964
158968
158969
158970
158971
158972
158973
158974
158975
158976
158977
158978
158979
158980
158981
159583
159584
159585
159586
159587
159588
159599
159600
159601
159602
159603
159609
159610
159611
159612
159613
159614
159615
159616
159617
159618
159619
159620
159621
160221
160222
160223
160224
160225
160226
160227
160228
160232
160233
160235
160236
160239
160240
160241
160242
160243
160249
160250
160251
160252
160253
160254
160255
160256
160257
160258
160259
160260
160261
160262
160861
160862
160863
160864
160865
160866
160867
160868
160869
160870
160871
160872
160873
160874
160875
160876
160877
160878
160879
160880
160881
160882
160883
160889
160890
160891
160892
160893
160894
160895
160896
160897
160898
160899
160900
160901
160902
161501
161502
161503
161504
161505
161506
161507
161508
161509
161510
161511
161512
161513
161514
161515
161516
161517
161518
161519
161520
161521
161522
161523
161524
161525
161526
161527
161529
161530
161531
161532
161533
161534
161535
161536
161537
161538
161539
161540
161541
161542
162140
162141
162142
162143
162144
162145
162146
162147
162148
162149
162150
162151
162152
162153
162154
162155
162156
162157
162158
162159
162160
162161
162162
162163
162164
162165
162166
162167
162168
162169
162170
162171
162172
162173
162174
162175
162176
162177
162178
162179
162180
162181
162182
162779
162780
162781
162782
162783
162784
162785
162786
162787
162788
162789
162790
162791
162792
162793
162794
162795
162796
162797
162798
162799
162800
162801
162802
162803
162804
162805
162806
162807
162808
162809
162810
162811
162812
162813
162814
162815
162816
162817
162818
162819
162820
162821
163419
163420
163421
163422
163423
163424
163425
163426
163427
163428
163429
163430
163431
163432
163433
163434
163435
163436
163437
163438
163439
163440
163441
163442
163443
163444
163445
163446
163447
163448
163449
163450
163451
163452
163453
163454
163455
163456
163457
163458
163459
163460
163461
164060
164061
164062
164063
164064
164065
164066
164067
164068
164069
164070
164071
164072
164073
164074
164075
164076
164077
164078
164079
164080
164081
164082
164083
164084
164085
164086
164087
164088
164089
164090
164091
164092
164093
164094
164095
164096
164097
164098
164099
164100
164101
164700
164701
164702
164703
164704
164705
164706
164707
164708
164709
164710
164711
164712
164713
164714
164715
164716
164717
164718
164719
164720
164721
164722
164723
164724
164725
164726
164727
164728
164729
164730
164731
164732
164733
164734
164735
164736
164737
164738
164739
164740
164741
165340
165341
165342
165343
165344
165345
165346
165347
165348
165349
165350
165351
165352
165353
165354
165355
165356
165357
165358
165359
165360
165361
165362
165363
165364
165365
165366
165367
165368
165369
165370
165371
165372
165373
165374
165375
165376
165377
165378
165379
165380
165381
165382
165981
165982
165983
165984
165985
165986
165987
165988
165989
165990
165991
165992
165993
165994
165995
165996
165997
165998
165999
166000
166001
166002
166003
166004
166005
166006
166007
166008
166009
166010
166011
166012
166013
166014
166015
166016
166017
166018
166019
166020
166021
166022
166023
166622
166623
166624
166625
166626
166627
166628
166629
166630
166631
166632
166633
166634
166635
166636
166637
166638
166639
166640
166641
166642
166643
166644
166645
166646
166647
166648
166649
166650
166651
166652
166653
166654
166655
166656
166657
166658
166659
166660
166661
166662
166663
166664
167263
167264
167265
167266
167267
167268
167269
167270
167271
167272
167273
167274
167275
167276
167277
167278
167279
167280
167281
167282
167283
167284
167285
167286
167287
167288
167289
167290
167291
167292
167293
167294
167295
167296
167297
167298
167299
167300
167301
167302
167303
167304
167902
167903
167904
167905
167906
167907
167908
167909
167910
167911
167912
167913
167914
167915
167916
167917
167918
167919
167920
167921
167922
167923
167924
167925
167926
167927
167928
167929
167930
167931
167932
167933
167934
167935
167936
167937
167938
167939
167940
167941
167942
167943
167944
167945
168542
168543
168544
168545
168546
168547
168548
168549
168550
168551
168552
168553
168554
168555
168556
168557
168558
168559
168560
168561
168562
168563
168564
168565
168566
168567
168568
168569
168570
168571
168572
168573
168574
168575
168576
168577
168578
168579
168580
168581
168582
168583
168584
168585
169182
169183
169184
169185
169186
169187
169188
169189
169190
169191
169192
169193
169194
169195
169196
169197
169198
169199
169200
169201
169202
169203
169204
169205
169206
169207
169208
169209
169210
169211
169212
169213
169214
169215
169216
169217
169218
169219
169220
169221
169222
169223
169224
169225
169822
169823
169824
169825
169826
169827
169828
169829
169830
169831
169832
169833
169834
169835
169836
169837
169838
169839
169840
169841
169842
169843
169844
169845
169846
169847
169848
169849
169850
169851
169852
169853
169854
169855
169856
169857
169858
169859
169860
169861
169862
169863
169864
169865
170463
170464
170465
170466
170467
170468
170469
170470
170471
170472
170473
170474
170475
170476
170477
170478
170479
170480
170481
170482
170483
170484
170485
170486
170487
170488
170489
170490
170491
170492
170493
170494
170495
170496
170497
170498
170499
170500
170501
170502
170503
170504
170505
171103
171104
171105
171106
171107
171108
171109
171110
171111
171112
171113
171114
171115
171116
171117
171118
171119
171120
171121
171122
171123
171124
171125
171126
171127
171128
171129
171130
171131
171132
171133
171134
171135
171136
171137
171138
171139
171140
171141
171142
171143
171144
171145
171743
171744
171745
171746
171747
171748
171749
171750
171751
171752
171753
171754
171755
171756
171757
171758
171759
171760
171761
171762
171763
171764
171765
171766
171767
171768
171769
171770
171771
171772
171773
171774
171775
171776
171777
171778
171779
171780
171781
171782
171783
171784
172373
172374
172375
172382
172383
172384
172385
172386
172387
172388
172389
172390
172391
172392
172393
172394
172395
172396
172397
172398
172399
172400
172401
172402
172403
172404
172405
172406
172407
172408
172409
172410
172411
172412
172413
172414
172415
172416
172417
172418
172419
172420
172421
172422
172423
173013
173014
173015
173020
173021
173022
173023
173024
173025
173026
173027
173028
173029
173030
173031
173032
173033
173034
173035
173036
173037
173038
173039
173040
173041
173042
173043
173044
173045
173046
173047
173048
173049
173050
173051
173052
173053
173054
173055
173056
173057
173058
173059
173060
173061
173062
173063
173653
173654
173655
173656
173659
173660
173661
173662
173663
173664
173665
173666
173667
173668
173669
173670
173671
173672
173673
173674
173675
173676
173677
173678
173679
173680
173681
173682
173683
173684
173685
173686
173687
173688
173689
173690
173691
173692
173693
173694
173695
173696
173697
173698
173699
173700
173701
173702
173703
173704
174293
174294
174295
174296
174299
174300
174301
174302
174303
174304
174305
174306
174307
174308
174309
174310
174311
174312
174313
174314
174315
174316
174317
174318
174319
174320
174321
174322
174323
174324
174325
174326
174327
174328
174329
174330
174331
174332
174333
174334
174335
174336
174337
174338
174339
174340
174341
174342
174343
174344
174934
174935
174936
174937
174938
174939
174940
174941
174942
174943
174944
174945
174946
174947
174948
174949
174950
174951
174952
174953
174954
174955
174956
174957
174958
174959
174960
174961
174962
174963
174964
174965
174966
174967
174968
174969
174970
174971
174972
174973
174974
174975
174976
174977
174978
174979
174980
174981
174982
174983
174984
175574
175575
175576
175577
175578
175579
175580
175581
175582
175583
175584
175585
175586
175587
175588
175589
175590
175591
175592
175593
175594
175595
175596
175597
175598
175599
175600
175601
175602
175603
175604
175605
175606
175607
175608
175609
175610
175611
175612
175613
175614
175615
175616
175617
175618
175619
175620
175621
175622
175623
175624
176214
176215
176216
176217
176218
176219
176220
176221
176222
176223
176224
176225
176226
176227
176228
176229
176230
176231
176232
176233
176234
176235
176236
176237
176238
176239
176240
176241
176242
176243
176244
176245
176246
176247
176248
176249
176250
176251
176252
176253
176254
176255
176256
176257
176258
176259
176260
176261
176262
176263
176264
176854
176855
176856
176857
176858
176859
176860
176861
176862
176863
176864
176865
176866
176867
176868
176869
176870
176871
176872
176873
176874
176875
176876
176877
176878
176879
176880
176881
176882
176883
176884
176885
176886
176887
176888
176889
176890
176891
176892
176893
176894
176895
176896
176897
176898
176899
176900
176901
176902
176903
176904
177495
177496
177497
177498
177499
177500
177501
177502
177503
177504
177505
177506
177507
177508
177509
177510
177511
177512
177513
177514
177515
177516
177517
177518
177519
177520
177521
177522
177523
177524
177525
177526
177527
177528
177529
177530
177531
177532
177533
177534
177535
177536
177537
177538
177539
177540
177541
177542
177543
177544
178135
178136
178137
178138
178139
178140
178141
178142
178143
178144
178145
178146
178147
178148
178149
178150
178151
178152
178153
178154
178155
178156
178157
178158
178159
178160
178161
178162
178163
178164
178165
178166
178167
178168
178169
178170
178171
178172
178173
178174
178175
178176
178177
178178
178179
178180
178181
178182
178183
178184
178779
178780
178781
178782
178783
178784
178785
178786
178787
178788
178789
178790
178791
178792
178793
178794
178795
178796
178797
178798
178799
178800
178801
178802
178803
178804
178805
178806
178807
178808
178809
178810
178811
178812
178813
178814
178815
178816
178817
178818
178819
178820
178821
178822
178823
178824
178825
178826
179419
179420
179421
179422
179423
179424
179425
179426
179427
179428
179429
179430
179431
179432
179433
179434
179435
179436
179437
179438
179439
179440
179441
179442
179443
179444
179445
179446
179447
179448
179449
179450
179451
179452
179453
179454
179455
179456
179457
179458
179459
179460
179461
179462
179463
179464
179465
179466
180058
180059
180060
180061
180062
180063
180064
180065
180066
180067
180068
180069
180070
180071
180072
180073
180074
180075
180076
180077
180078
180079
180080
180081
180082
180083
180084
180085
180086
180087
180088
180089
180090
180091
180092
180093
180094
180095
180096
180097
180098
180099
180100
180101
180102
180103
180104
180105
180106
180698
180699
180700
180701
180702
180703
180704
180705
180706
180707
180708
180709
180710
180711
180712
180713
180714
180715
180716
180717
180718
180719
180720
180721
180722
180723
180724
180725
180726
180727
180728
180729
180730
180731
180732
180733
180734
180735
180736
180737
180738
180739
180740
180741
180742
180743
180744
180745
180746
181338
181339
181340
181341
181342
181343
181344
181345
181346
181347
181348
181349
181350
181351
181352
181353
181354
181355
181356
181357
181358
181359
181360
181361
181362
181363
181364
181365
181366
181367
181368
181369
181370
181371
181372
181373
181374
181375
181376
181377
181378
181379
181380
181381
181382
181383
181384
181385
181386
181978
181979
181980
181981
181982
181983
181984
181985
181986
181987
181988
181989
181990
181991
181992
181993
181994
181995
181996
181997
181998
181999
182000
182001
182002
182003
182004
182005
182006
182007
182008
182009
182010
182011
182012
182013
182014
182015
182016
182017
182018
182019
182020
182021
182022
182023
182024
182025
182026
182618
182619
182620
182621
182622
182623
182624
182625
182626
182627
182628
182629
182630
182631
182632
182633
182634
182635
182636
182637
182638
182639
182640
182641
182642
182643
182644
182645
182646
182647
182648
182649
182650
182651
182652
182653
182654
182655
182656
182657
182658
182659
182660
182661
182662
182663
182664
182665
182666
182667
183258
183259
183260
183261
183262
183263
183264
183265
183266
183267
183268
183269
183270
183271
183272
183273
183274
183275
183276
183277
183278
183279
183280
183281
183282
183283
183284
183285
183286
183287
183288
183289
183290
183291
183292
183293
183294
183295
183296
183297
183298
183299
183300
183301
183302
183303
183304
183305
183306
183307
183899
183900
183901
183902
183903
183904
183905
183906
183907
183908
183909
183910
183911
183912
183913
183914
183915
183916
183917
183918
183919
183920
183921
183922
183923
183924
183925
183926
183927
183928
183929
183930
183931
183932
183933
183934
183935
183936
183937
183938
183939
183940
183941
183942
183943
183944
183945
183946
184539
184540
184541
184542
184543
184544
184545
184546
184547
184548
184549
184550
184551
184552
184553
184554
184555
184556
184557
184558
184559
184560
184561
184562
184563
184564
184565
184566
184567
184568
184569
184570
184571
184572
184573
184574
184575
184576
184577
184578
184579
184580
184581
184582
184583
184584
184585
184586
185176
185177
185178
185179
185180
185181
185182
185183
185184
185185
185186
185187
185188
185189
185190
185191
185192
185193
185194
185195
185196
185197
185198
185199
185200
185201
185202
185203
185204
185205
185206
185207
185208
185209
185210
185211
185212
185213
185214
185215
185216
185217
185218
185219
185220
185221
185222
185223
185224
185225
185815
185816
185817
185818
185819
185820
185821
185822
185823
185824
185825
185826
185827
185828
185829
185830
185831
185832
185833
185834
185835
185836
185837
185838
185839
185840
185841
185842
185843
185844
185845
185846
185847
185848
185849
185850
185851
185852
185853
185854
185855
185856
185857
185858
185859
185860
185861
185862
185863
185864
185865
186455
186456
186457
186458
186459
186460
186461
186462
186463
186464
186465
186466
186467
186468
186469
186470
186471
186472
186473
186474
186475
186476
186477
186478
186479
186480
186481
186482
186483
186484
186485
186486
186487
186488
186489
186490
186491
186492
186493
186494
186495
186496
186497
186498
186499
186500
186501
186502
186503
186504
186505
187100
187101
187102
187103
187104
187105
187106
187107
187108
187109
187110
187111
187112
187113
187114
187115
187116
187117
187118
187119
187120
187121
187122
187123
187124
187125
187126
187127
187128
187129
187130
187131
187132
187133
187134
187135
187136
187137
187138
187139
187140
187141
187142
187143
187144
187145
187740
187741
187742
187743
187744
187745
187746
187747
187748
187749
187750
187751
187752
187753
187754
187755
187756
187757
187758
187759
187760
187761
187762
187763
187764
187765
187766
187767
187768
187769
187770
187771
187772
187773
187774
187775
187776
187777
187778
187779
187780
187781
187782
187783
187784
187785
187786
188380
188381
188382
188383
188384
188385
188386
188387
188388
188389
188390
188391
188392
188393
188394
188395
188396
188397
188398
188399
188400
188401
188402
188403
188404
188405
188406
188407
188408
188409
188410
188411
188412
188413
188414
188415
188416
188417
188418
188419
188420
188421
188422
188423
188424
188425
188426
189020
189021
189022
189023
189024
189025
189026
189027
189028
189029
189030
189031
189032
189033
189034
189035
189036
189037
189038
189039
189040
189041
189042
189043
189044
189045
189046
189047
189048
189049
189050
189051
189052
189053
189054
189055
189056
189057
189058
189059
189060
189061
189062
189063
189064
189065
189066
189660
189661
189662
189663
189664
189665
189666
189667
189668
189669
189670
189671
189672
189673
189674
189675
189676
189677
189678
189679
189680
189681
189682
189683
189684
189685
189686
189687
189688
189689
189690
189691
189692
189693
189694
189695
189696
189697
189698
189699
189700
189701
189702
189703
189704
189705
190303
190304
190305
190306
190307
190308
190309
190310
190311
190312
190313
190314
190315
190316
190317
190318
190319
190320
190321
190322
190323
190324
190325
190326
190327
190328
190329
190330
190331
190332
190333
190334
190335
190336
190337
190338
190339
190340
190341
190342
190343
190344
190345
190942
190943
190944
190945
190946
190947
190948
190949
190950
190951
190952
190953
190954
190955
190956
190957
190958
190959
190960
190961
190962
190963
190964
190965
190966
190967
190968
190969
190970
190971
190972
190973
190974
190975
190976
190977
190978
190979
190980
190981
190982
190983
190984
190985
191582
191583
191584
191585
191586
191587
191588
191589
191590
191591
191592
191593
191594
191595
191596
191597
191598
191599
191600
191601
191602
191603
191604
191605
191606
191607
191608
191609
191610
191611
191612
191613
191614
191615
191616
191617
191618
191619
191620
191621
191622
191623
191624
191625
192222
192223
192224
192225
192226
192227
192228
192229
192230
192231
192232
192233
192234
192235
192236
192237
192238
192239
192240
192241
192242
192243
192244
192245
192246
192247
192248
192249
192250
192251
192252
192253
192254
192255
192256
192257
192258
192259
192260
192261
192262
192263
192264
192265
192862
192863
192864
192865
192866
192867
192868
192869
192870
192871
192872
192873
192874
192875
192876
192877
192878
192879
192880
192881
192882
192883
192884
192885
192886
192887
192888
192889
192890
192891
192892
192893
192894
192895
192896
192897
192898
192899
192900
192901
192902
192903
192904
192905
193502
193503
193504
193505
193506
193507
193508
193509
193510
193511
193512
193513
193514
193515
193516
193517
193518
193519
193520
193521
193522
193523
193524
193525
193526
193527
193528
193529
193530
193531
193532
193533
193534
193535
193536
193537
193538
193539
193540
193541
193542
193543
193544
194142
194143
194144
194145
194146
194147
194148
194149
194150
194151
194152
194153
194154
194155
194156
194157
194158
194159
194160
194161
194162
194163
194164
194165
194166
194167
194168
194169
194170
194171
194172
194173
194174
194175
194176
194177
194178
194179
194180
194181
194182
194783
194784
194785
194786
194787
194788
194789
194790
194791
194792
194793
194794
194795
194796
194797
194798
194799
194800
194801
194802
194803
194804
194805
194806
194807
194808
194809
194810
194811
194812
194813
194814
194815
194816
194817
194818
194819
194820
195424
195425
195426
195427
195428
195429
195430
195431
195432
195433
195434
195435
195436
195437
195438
195439
195440
195441
195442
195443
195444
195445
195446
195447
195448
195449
195450
195451
195452
195453
195454
195455
195456
195457
195458
195459
196068
196069
196070
196071
196072
196073
196074
196075
196076
196077
196078
196079
196080
196081
196082
196083
196084
196085
196086
196087
196088
196089
196090
196091
196092
196093
196094
196095
196096
196097
196098
196710
196711
196712
196713
196714
196715
196716
196717
196718
196719
196720
196721
196722
196723
196724
196725
196726
196727
196728
196729
196730
196731
196732
196733
196734
196735
196736
197348
197349
197350
197351
197352
197353
197354
197355
197356
197357
197358
197359
197360
197361
197362
197363
197364
197365
197366
197367
197368
197369
197370
197371
197372
197373
197374
197988
197989
197990
197991
197992
197993
197994
197995
197996
197997
197998
197999
198000
198001
198002
198003
198004
198005
198006
198007
198008
198009
198010
198011
198012
198628
198629
198630
198631
198632
198633
198634
198635
198636
198637
198638
198639
198640
198641
198642
198643
198644
198645
198646
198647
198648
198649
198650
199268
199269
199270
199271
199272
199273
199274
199275
199276
199277
199278
199279
199280
199281
199282
199283
199284
199285
199286
199287
199288
199899
199908
199909
199910
199911
199912
199913
199914
199915
199916
199917
199918
199919
199920
199921
199922
199923
199924
199925
200547
200548
200549
200550
200551
200552
200553
200554
200555
200556
200557
200558
200559
200560
200561
200562
201187
201188
201189
201190
201191
201192
201193
201194
201195
201196
201197
201198
201199
201200
201201
201827
201828
201829
201830
201831
201832
201833
201834
201835
201836
201837
201838
201839
202467
202468
202469
202470
202471
202472
202473
202474
202475
202476
203107
203108
203109
203110
203111
203112
203748
203749
203750
