167883
167884
167885
168523
168524
168525
168526
168527
168528
168529
168574
168575
169163
169164
169165
169166
169167
169168
169169
169802
169803
169804
169805
169806
169807
169808
169809
169810
169811
170442
170443
170444
170445
170446
170447
170448
170449
170450
170451
170453
170454
170455
170456
170457
171082
171083
171084
171085
171086
171087
171088
171089
171090
171091
171092
171093
171094
171095
171096
171097
171723
171724
171725
171726
171727
171728
171729
171730
171731
171732
171733
171734
171735
171736
171737
171738
171739
172361
172362
172363
172364
172365
172366
172367
172368
172369
172370
172371
172372
172373
172374
172375
172376
172377
172378
172379
173001
173002
173003
173004
173005
173006
173007
173008
173009
173010
173011
173012
173013
173014
173015
173016
173017
173018
173019
173020
173021
173641
173642
173643
173644
173645
173646
173647
173648
173649
173650
173651
173652
173653
173654
173655
173656
173657
173658
173659
173660
173661
174281
174282
174283
174284
174285
174286
174287
174288
174289
174290
174291
174292
174293
174294
174295
174296
174297
174298
174299
174300
174301
174921
174922
174923
174924
174925
174926
174927
174928
174929
174930
174931
174932
174933
174934
174935
174936
174937
174938
174939
174940
174941
174942
174943
174944
174945
174946
175562
175563
175564
175565
175566
175567
175568
175569
175570
175571
175572
175573
175574
175575
175576
175577
175578
175579
175580
175581
175582
175583
175584
175585
175586
175587
176206
176207
176208
176209
176210
176211
176212
176213
176214
176215
176216
176217
176218
176219
176220
176221
176222
176223
176224
176225
176226
176227
176845
176846
176847
176848
176849
176850
176851
176852
176853
176854
176855
176856
176857
176858
176859
176860
176861
176862
176863
176864
176865
176866
176867
177485
177486
177487
177488
177489
177490
177491
177492
177493
177494
177495
177496
177497
177498
177499
177500
177501
177502
177503
177504
177505
177506
177507
177508
178125
178126
178127
178128
178129
178130
178131
178132
178133
178134
178135
178136
178137
178138
178139
178140
178141
178142
178143
178144
178145
178146
178147
178148
178149
178765
178766
178767
178768
178769
178770
178771
178772
178773
178774
178775
178776
178777
178778
178779
178780
178781
178782
178783
178784
178785
178786
178787
178788
178789
178790
179405
179406
179407
179408
179409
179410
179411
179412
179413
179414
179415
179416
179417
179418
179419
179420
179421
179422
179423
179424
179425
179426
179427
179428
179429
179430
179431
179432
180043
180044
180045
180046
180047
180048
180049
180050
180051
180052
180053
180054
180055
180056
180057
180058
180059
180060
180061
180062
180063
180064
180065
180066
180067
180068
180069
180070
180071
180072
180073
180683
180684
180685
180686
180687
180688
180689
180690
180691
180692
180693
180694
180695
180696
180697
180698
180699
180700
180701
180702
180703
180704
180705
180706
180707
180708
180709
180710
180711
180712
180713
181323
181324
181325
181326
181327
181328
181329
181330
181331
181332
181333
181334
181335
181336
181337
181338
181339
181340
181341
181342
181343
181344
181345
181346
181347
181348
181349
181350
181351
181352
181353
181963
181964
181965
181966
181967
181968
181970
181971
181972
181973
181974
181975
181976
181977
181978
181979
181980
181981
181982
181983
181984
181985
181986
181987
181988
181989
181990
181991
181992
182603
182604
182605
182606
182607
182610
182611
182612
182613
182614
182615
182616
182617
182618
182619
182620
182621
182622
182623
182624
182625
182626
182627
182628
182629
182630
182631
183243
183244
183245
183246
183247
183250
183251
183252
183253
183254
183255
183256
183257
183258
183259
183260
183261
183262
183263
183264
183265
183266
183267
183268
183269
183270
183271
183884
183885
183892
183893
183894
183895
183896
183897
183898
183899
183900
183901
183902
183903
183904
183905
183906
183907
183908
183909
183910
183911
184534
184535
184536
184537
184538
184539
184540
184541
184542
184543
184544
184545
184546
184547
184548
184549
184550
184551
185174
185175
185176
185177
185178
185179
185180
185181
185182
185183
185184
185185
185186
185187
185188
185189
185190
185815
185816
185817
185818
185819
185820
185821
185822
185823
185824
185825
185826
185827
185828
185829
185830
186453
186454
186455
186456
186457
186458
186459
186460
186461
186462
186463
186464
186465
186466
186467
186468
186469
186470
187093
187094
187095
187096
187097
187098
187099
187100
187101
187102
187103
187104
187105
187106
187107
187108
187109
187110
187113
187114
187115
187116
187117
187733
187734
187735
187736
187737
187738
187739
187740
187741
187742
187743
187744
187745
187746
187747
187748
187749
187750
187751
187752
187753
187754
187755
187756
187757
188373
188374
188375
188376
188377
188378
188379
188380
188381
188382
188383
188384
188385
188386
188387
188388
188389
188390
188391
188392
188393
188394
188395
188396
189013
189014
189015
189016
189017
189018
189019
189020
189021
189022
189023
189024
189025
189026
189027
189028
189029
189030
189031
189032
189033
189034
189035
189036
189654
189655
189656
189657
189658
189659
189660
189661
189662
189663
189664
189665
189666
189667
189668
189669
189670
189671
189672
190294
190295
190296
190297
190298
190299
190300
190301
190302
190303
190304
190305
190306
190307
190308
190309
190310
190311
190312
190934
190935
190936
190937
190938
190939
190940
190941
190942
190943
190944
190945
190946
190947
190948
190949
190950
190951
190952
190953
191576
191577
191578
191579
191580
191581
191582
191583
191584
191585
191586
191587
191588
191589
191590
191591
191592
191593
191611
191612
191613
191614
192216
192217
192218
192219
192220
192221
192222
192223
192224
192225
192226
192227
192228
192229
192230
192231
192251
192252
192253
192254
192255
192857
192858
192859
192860
192861
192862
192863
192864
192865
192866
192867
192868
192869
192870
192871
192872
192873
192892
192893
192894
192895
192896
192897
193499
193500
193501
193502
193503
193504
193505
193506
193507
193508
193509
193510
193511
193512
193513
193532
193533
193534
193535
193536
193537
194139
194140
194141
194142
194143
194144
194145
194146
194147
194148
194149
194150
194151
194152
194153
194175
194176
194779
194780
194781
194782
194783
194784
194785
194786
194787
194788
194789
194790
194791
194792
194793
195420
195421
195422
195423
195424
195425
195426
195427
195428
195429
195430
195431
195432
195433
196060
196061
196062
196063
196064
196065
196066
196067
196068
196069
196070
196071
196072
196073
196700
196701
196702
196703
196704
196705
196706
196707
196708
196709
196710
196711
196712
196713
196714
197340
197341
197342
197343
197344
197345
197346
197347
197348
197349
197350
197351
197352
197353
197354
197980
197981
197982
197983
197984
197985
197986
197987
197988
197989
197990
197991
197992
197993
197994
198619
198620
198621
198622
198623
198624
198625
198626
198627
198628
198629
198630
198631
198632
198633
198634
199259
199260
199261
199262
199263
199264
199265
199266
199267
199268
199269
199270
199271
199272
199273
199274
199889
199899
199900
199901
199902
199903
199904
199905
199906
199907
199908
199909
199910
199911
199912
199913
199914
199915
200538
200539
200540
200541
200542
200543
200544
200545
200546
200547
200548
200549
200550
200551
200552
200553
200554
200555
201178
201179
201180
201181
201182
201183
201184
201185
201186
201187
201188
201189
201190
201191
201192
201193
201194
201195
201196
201818
201819
201820
201821
201822
201823
201824
201828
201829
201830
201831
201832
201833
201834
201835
201836
202458
202459
202460
202461
202462
202463
202464
202470
202471
202472
202473
202474
202475
202476
203103
203104
203112
203113
203114
203115
203116
203744
203745
203752
203753
203754
203755
204385
204386
