165341
165342
165343
165344
165345
165346
165970
165971
165972
165973
165974
165975
165976
165977
165978
165979
165980
165981
165982
165983
165984
165985
165986
165987
165988
166610
166611
166612
166613
166614
166615
166616
166617
166618
166619
166620
166621
166622
166623
166624
166625
166626
166627
166628
167252
167253
167254
167255
167256
167257
167258
167259
167260
167261
167262
167263
167264
167265
167266
167267
167268
167269
167270
167271
167891
167892
167893
167894
167895
167896
167897
167898
167899
167900
167901
167902
167903
167904
167905
167906
167907
167908
167909
167910
167911
168531
168532
168533
168534
168535
168536
168537
168538
168539
168540
168541
168542
168543
168544
168545
168546
168547
168548
168549
168550
168551
169166
169167
169168
169169
169172
169173
169174
169175
169176
169177
169178
169179
169180
169181
169182
169183
169184
169185
169186
169187
169188
169804
169805
169806
169807
169808
169809
169810
169811
169812
169813
169814
169815
169816
169817
169818
169819
169820
169821
169822
169823
169824
169825
169826
169827
169828
170443
170444
170445
170446
170447
170448
170449
170450
170451
170452
170453
170454
170455
170456
170457
170458
170459
170460
170461
170462
170463
170464
170465
170466
170467
170468
171083
171084
171085
171086
171087
171088
171089
171090
171091
171092
171093
171094
171095
171096
171097
171098
171099
171100
171101
171102
171103
171104
171105
171106
171722
171723
171724
171725
171726
171727
171728
171729
171730
171731
171732
171733
171734
171735
171736
171737
171738
171739
171740
171741
171742
171743
171744
171745
172362
172363
172364
172365
172366
172367
172368
172369
172370
172371
172372
172373
172374
172375
172376
172377
172378
172379
172380
172381
172382
172383
172384
172385
172386
173002
173003
173004
173005
173006
173007
173008
173009
173010
173011
173012
173013
173014
173015
173016
173017
173018
173019
173020
173021
173022
173023
173024
173025
173026
173640
173641
173642
173643
173644
173645
173646
173647
173648
173649
173650
173651
173652
173653
173654
173655
173656
173657
173658
173659
173660
173661
173662
173663
173664
173665
173666
174280
174281
174282
174283
174284
174285
174286
174287
174288
174289
174290
174291
174292
174293
174294
174295
174296
174297
174298
174299
174300
174301
174302
174303
174304
174305
174306
174307
174920
174921
174922
174923
174924
174925
174926
174927
174928
174929
174930
174931
174932
174933
174934
174935
174936
174937
174938
174939
174940
174941
174942
174943
174944
174945
174946
174947
174948
175560
175561
175562
175563
175564
175565
175566
175567
175568
175569
175570
175571
175572
175573
175574
175575
175576
175577
175578
175579
175580
175581
175582
175583
175584
175585
175586
175587
175588
175589
175590
175591
175592
176200
176201
176202
176203
176204
176205
176206
176207
176208
176209
176210
176211
176212
176213
176214
176215
176216
176217
176218
176219
176220
176221
176222
176223
176224
176225
176226
176227
176228
176229
176230
176231
176232
176840
176841
176842
176843
176844
176845
176846
176847
176848
176849
176850
176851
176852
176853
176854
176855
176856
176857
176858
176859
176860
176861
176862
176863
176864
176865
176866
176867
176868
176869
176870
176871
176872
176873
177481
177482
177483
177484
177485
177486
177487
177488
177489
177490
177491
177492
177493
177494
177495
177496
177497
177498
177499
177500
177501
177502
177503
177504
177505
177506
177507
177508
177509
177510
177511
177512
177513
178121
178122
178123
178124
178125
178126
178127
178128
178129
178130
178131
178132
178133
178134
178135
178136
178137
178138
178139
178140
178141
178142
178143
178144
178145
178146
178147
178148
178149
178150
178151
178152
178153
178762
178763
178764
178765
178766
178767
178768
178769
178770
178771
178772
178773
178774
178775
178776
178777
178778
178779
178780
178781
178782
178783
178784
178785
178786
178787
178788
178789
178790
178791
178792
178793
179403
179404
179405
179406
179407
179408
179409
179410
179411
179412
179413
179414
179415
179416
179417
179418
179419
179420
179421
179422
179423
179424
179425
179426
179427
179428
179429
179430
179431
179432
179433
179434
180043
180044
180045
180046
180047
180048
180049
180050
180051
180052
180053
180054
180055
180056
180057
180058
180059
180060
180061
180062
180063
180064
180065
180066
180067
180068
180069
180070
180071
180072
180073
180074
180075
180682
180683
180684
180685
180686
180687
180688
180689
180690
180691
180692
180693
180694
180695
180696
180697
180698
180699
180700
180701
180702
180703
180704
180705
180706
180707
180708
180709
180710
180711
180712
180713
180714
180715
181322
181323
181324
181325
181326
181327
181328
181329
181330
181331
181332
181333
181334
181335
181336
181337
181338
181339
181340
181341
181342
181343
181344
181345
181346
181347
181348
181349
181350
181351
181352
181353
181354
181355
181962
181963
181964
181965
181966
181967
181968
181969
181970
181971
181972
181973
181974
181975
181976
181977
181978
181979
181980
181981
181982
181983
181984
181985
181986
181987
181988
181989
181990
181991
181992
181993
181994
181995
182602
182603
182604
182605
182606
182607
182608
182609
182610
182611
182612
182613
182614
182615
182616
182617
182618
182619
182620
182621
182622
182623
182624
182625
182626
182627
182628
182629
182630
182631
182632
182633
182634
183243
183244
183245
183246
183247
183248
183249
183250
183251
183252
183253
183254
183255
183256
183257
183258
183259
183260
183261
183262
183263
183264
183265
183266
183267
183268
183269
183270
183271
183272
183273
183274
183883
183884
183885
183886
183887
183888
183889
183890
183891
183892
183893
183894
183895
183896
183897
183898
183899
183900
183901
183902
183903
183904
183905
183906
183907
183908
183909
183910
183911
183912
183913
183914
184524
184525
184526
184527
184528
184529
184530
184531
184532
184533
184534
184535
184536
184537
184538
184539
184540
184541
184542
184543
184544
184545
184546
184547
184548
184549
184550
184551
184552
184553
184554
185163
185164
185165
185166
185167
185168
185169
185170
185171
185172
185173
185174
185175
185176
185177
185178
185179
185180
185181
185182
185183
185184
185185
185186
185187
185188
185189
185190
185191
185192
185193
185194
185195
185803
185804
185805
185806
185807
185808
185809
185810
185811
185812
185813
185814
185815
185816
185817
185818
185819
185820
185821
185822
185823
185824
185825
185826
185827
185828
185829
185830
185831
185832
185833
185834
185835
185836
186443
186444
186445
186446
186447
186448
186449
186450
186451
186452
186453
186454
186455
186456
186457
186458
186459
186460
186461
186462
186463
186464
186465
186466
186467
186468
186469
186470
186471
186472
186473
186474
186475
186476
187084
187085
187086
187087
187088
187089
187090
187091
187092
187093
187094
187095
187096
187097
187098
187099
187100
187101
187102
187103
187104
187105
187106
187107
187108
187109
187110
187111
187112
187113
187114
187115
187116
187725
187726
187727
187728
187729
187730
187731
187732
187733
187734
187735
187736
187737
187738
187739
187740
187741
187742
187743
187744
187745
187746
187747
187748
187749
187750
187751
187752
187753
187754
187755
187756
188365
188366
188367
188368
188369
188370
188371
188372
188373
188374
188375
188376
188377
188378
188379
188380
188381
188382
188383
188384
188385
188386
188387
188388
188389
188390
188391
188392
188393
188394
188395
188396
189008
189009
189010
189011
189012
189013
189014
189015
189016
189017
189018
189019
189020
189021
189022
189023
189024
189025
189026
189027
189028
189029
189030
189031
189032
189033
189034
189035
189036
189648
189649
189650
189651
189652
189653
189654
189655
189656
189657
189658
189659
189660
189661
189662
189663
189664
189665
189666
189667
189668
189669
189670
189671
189672
189673
189674
189675
190291
190292
190293
190294
190295
190296
190297
190298
190299
190300
190301
190302
190303
190304
190305
190306
190307
190308
190309
190310
190311
190312
190313
190314
190930
190931
190932
190933
190934
190935
190936
190937
190938
190939
190940
190941
190942
190943
190944
190945
190946
190947
190948
190949
190950
190951
190952
190953
191570
191571
191572
191573
191574
191575
191576
191577
191578
191579
191580
191581
191582
191583
191584
191585
191586
191587
191588
191589
191590
191591
191592
191593
192210
192211
192212
192213
192214
192215
192216
192217
192218
192219
192220
192221
192222
192223
192224
192225
192226
192227
192228
192229
192230
192231
192232
192233
192850
192851
192852
192853
192854
192855
192856
192857
192858
192859
192860
192861
192862
192863
192864
192865
192866
192867
192868
192869
192870
192871
192872
192873
193491
193492
193493
193494
193495
193496
193497
193498
193499
193500
193501
193502
193503
193504
193505
193506
193507
193508
193509
193510
193511
193512
193513
193514
194133
194134
194135
194136
194137
194138
194139
194140
194141
194142
194143
194144
194145
194146
194147
194148
194149
194150
194151
194152
194153
194154
194155
194156
194773
194774
194775
194776
194777
194778
194779
194780
194781
194782
194783
194784
194785
194786
194787
194788
194789
194790
194791
194792
194793
194794
194795
194796
195413
195414
195415
195416
195417
195418
195419
195420
195421
195422
195423
195424
195425
195426
195427
195428
195429
195430
195431
195432
195433
195434
195435
195436
196053
196054
196055
196056
196057
196058
196059
196060
196061
196062
196063
196064
196065
196066
196067
196068
196069
196070
196071
196072
196073
196074
196075
196076
196077
196694
196695
196696
196697
196698
196699
196700
196701
196702
196703
196704
196705
196706
196707
196708
196709
196710
196711
196712
196713
196714
196715
196716
196717
197335
197336
197337
197338
197339
197340
197341
197342
197343
197344
197345
197346
197347
197348
197349
197350
197351
197352
197353
197354
197355
197356
197357
197975
197976
197977
197978
197979
197980
197981
197982
197983
197984
197985
197986
197987
197988
197989
197990
197991
197992
197993
197994
197995
197996
197997
198609
198610
198611
198612
198613
198614
198615
198616
198617
198618
198619
198620
198621
198622
198623
198624
198625
198626
198627
198628
198629
198630
198631
198632
198633
198634
198635
198636
198637
199249
199250
199251
199252
199253
199254
199255
199256
199257
199258
199259
199260
199261
199262
199263
199264
199265
199266
199267
199268
199269
199270
199271
199272
199273
199274
199275
199276
199277
199889
199890
199891
199892
199893
199894
199895
199896
199897
199898
199899
199900
199901
199902
199903
199904
199905
199906
199907
199908
199909
199910
199911
199912
199913
199914
199915
199916
199917
199918
200529
200530
200531
200532
200533
200534
200535
200536
200537
200538
200539
200540
200541
200542
200543
200544
200545
200546
200547
200548
200549
200550
200551
200552
200553
200554
200555
200556
200557
200558
201169
201170
201171
201172
201173
201174
201175
201176
201177
201178
201179
201180
201181
201182
201183
201184
201185
201186
201187
201188
201189
201190
201191
201192
201193
201194
201195
201196
201197
201809
201810
201811
201812
201813
201814
201815
201816
201817
201818
201819
201820
201821
201822
201823
201824
201825
201826
201827
201828
201829
201830
201831
201832
201833
201834
201835
201836
201837
202449
202450
202451
202452
202453
202454
202455
202456
202457
202458
202459
202460
202461
202462
202463
202464
202465
202466
202467
202468
202469
202470
202471
202472
202473
202474
202475
202476
202477
202478
203089
203090
203091
203092
203093
203094
203095
203096
203097
203098
203099
203100
203101
203102
203103
203104
203105
203106
203107
203108
203109
203110
203111
203112
203113
203114
203115
203116
203117
203118
203730
203731
203732
203733
203734
203735
203736
203737
203738
203739
203740
203741
203742
203743
203744
203745
203746
203747
203748
203749
203750
203751
203752
203753
203754
203755
203756
203757
203758
203759
204371
204372
204373
204374
204375
204376
204377
204378
204379
204380
204381
204382
204383
204384
204385
204386
204387
204388
204389
204390
204391
204392
204393
204394
204395
204396
204397
204398
204399
205012
205013
205014
205015
205016
205017
205018
205019
205020
205021
205022
205023
205024
205025
205026
205027
205028
205029
205030
205031
205032
205033
205034
205035
205036
205037
205038
205039
205658
205659
205660
205661
205662
205663
205664
205665
205666
205667
205668
205669
205670
205671
205672
205673
205674
205675
205676
205677
205678
205679
205680
206314
206315
206316
206317
206318
206319
